0.000000e+00	2.593980e+05
5.000000e-02	2.595200e+05
1.000000e-01	2.582400e+05
1.500000e-01	2.581280e+05
2.000000e-01	2.577560e+05
2.500000e-01	2.587610e+05
3.000000e-01	2.581650e+05
3.510000e-01	2.587460e+05
4.010000e-01	2.577080e+05
4.510000e-01	2.588510e+05
5.010000e-01	2.668000e+05
5.510000e-01	2.671050e+05
6.010000e-01	2.654520e+05
6.500000e-01	2.645160e+05
7.020000e-01	2.636470e+05
7.510000e-01	2.629040e+05
8.010000e-01	2.625310e+05
8.520000e-01	2.622980e+05
9.010000e-01	2.627650e+05
9.510000e-01	2.614190e+05
1.002000e+00	2.610570e+05
1.052000e+00	2.608890e+05
1.102000e+00	2.609930e+05
1.152000e+00	2.604670e+05
1.202000e+00	2.609050e+05
1.253000e+00	2.601850e+05
1.302000e+00	2.601080e+05
1.352000e+00	2.596670e+05
1.403000e+00	2.597120e+05
1.452000e+00	2.614440e+05
1.502000e+00	2.695420e+05
1.552000e+00	2.689060e+05
1.603000e+00	2.659570e+05
1.653000e+00	2.665900e+05
1.703000e+00	2.655970e+05
1.753000e+00	2.658650e+05
1.803000e+00	2.647250e+05
1.853000e+00	2.639700e+05
1.904000e+00	2.638600e+05
1.954000e+00	2.629820e+05
2.003000e+00	2.630790e+05
2.054000e+00	2.634980e+05
2.104000e+00	2.630590e+05
2.154000e+00	2.622450e+05
2.204000e+00	2.621180e+05
2.254000e+00	2.627760e+05
2.304000e+00	2.625860e+05
2.354000e+00	2.632900e+05
2.404000e+00	2.620450e+05
2.454000e+00	2.633600e+05
2.505000e+00	2.713990e+05
2.555000e+00	2.713410e+05
2.605000e+00	2.689430e+05
2.655000e+00	2.683170e+05
2.704000e+00	2.675460e+05
2.755000e+00	2.664230e+05
2.805000e+00	2.673650e+05
2.855000e+00	2.657210e+05
2.905000e+00	2.657590e+05
2.956000e+00	2.656480e+05
3.005000e+00	2.650010e+05
3.056000e+00	2.650990e+05
3.106000e+00	2.644440e+05
3.156000e+00	2.645320e+05
3.206000e+00	2.646100e+05
3.256000e+00	2.638410e+05
3.306000e+00	2.641890e+05
3.357000e+00	2.641940e+05
3.406000e+00	2.643870e+05
3.456000e+00	2.658440e+05
3.507000e+00	2.731880e+05
3.556000e+00	2.726710e+05
3.606000e+00	2.709120e+05
3.657000e+00	2.708710e+05
3.707000e+00	2.697330e+05
3.757000e+00	2.690170e+05
3.807000e+00	2.683490e+05
3.857000e+00	2.678130e+05
3.907000e+00	2.677060e+05
3.957000e+00	2.677170e+05
4.007000e+00	2.670900e+05
4.057000e+00	2.662350e+05
4.108000e+00	2.663810e+05
4.158000e+00	2.665190e+05
4.207000e+00	2.653910e+05
4.257000e+00	2.667310e+05
4.308000e+00	2.658900e+05
4.358000e+00	2.657750e+05
4.408000e+00	2.654420e+05
4.458000e+00	2.672420e+05
4.508000e+00	2.764250e+05
4.558000e+00	2.732880e+05
4.609000e+00	2.734460e+05
4.659000e+00	2.711570e+05
4.708000e+00	2.709060e+05
4.759000e+00	2.701970e+05
4.809000e+00	2.693640e+05
4.859000e+00	2.690680e+05
4.909000e+00	2.685160e+05
4.959000e+00	2.682520e+05
5.010000e+00	2.683750e+05
5.059000e+00	2.680920e+05
5.110000e+00	2.688430e+05
5.159000e+00	2.674010e+05
5.209000e+00	2.678620e+05
5.260000e+00	2.674070e+05
5.310000e+00	2.670080e+05
5.361000e+00	2.683840e+05
5.410000e+00	2.663370e+05
5.460000e+00	2.701470e+05
5.510000e+00	2.763990e+05
5.560000e+00	2.758090e+05
5.610000e+00	2.739560e+05
5.661000e+00	2.733100e+05
5.710000e+00	2.733900e+05
5.761000e+00	2.719930e+05
5.811000e+00	2.710340e+05
5.861000e+00	2.713360e+05
5.911000e+00	2.700920e+05
5.961000e+00	2.702750e+05
6.011000e+00	2.699320e+05
6.061000e+00	2.691770e+05
6.111000e+00	2.699420e+05
6.161000e+00	2.685780e+05
6.211000e+00	2.695080e+05
6.262000e+00	2.686680e+05
6.312000e+00	2.696500e+05
6.362000e+00	2.678950e+05
6.412000e+00	2.690060e+05
6.462000e+00	2.712860e+05
6.512000e+00	2.788790e+05
6.562000e+00	2.770800e+05
6.612000e+00	2.756500e+05
6.662000e+00	2.749670e+05
6.712000e+00	2.745920e+05
6.763000e+00	2.734030e+05
6.813000e+00	2.743280e+05
6.863000e+00	2.726150e+05
6.912000e+00	2.722950e+05
6.963000e+00	2.718710e+05
7.013000e+00	2.712050e+05
7.063000e+00	2.718670e+05
7.113000e+00	2.709750e+05
7.163000e+00	2.714560e+05
7.213000e+00	2.701200e+05
7.263000e+00	2.705190e+05
7.314000e+00	2.708840e+05
7.364000e+00	2.711810e+05
7.414000e+00	2.704560e+05
7.464000e+00	2.730230e+05
7.514000e+00	2.801430e+05
7.564000e+00	2.788790e+05
7.614000e+00	2.771440e+05
7.664000e+00	2.777360e+05
7.714000e+00	2.754940e+05
7.765000e+00	2.750470e+05
7.815000e+00	2.742140e+05
7.864000e+00	2.734210e+05
7.915000e+00	2.748730e+05
7.965000e+00	2.726700e+05
8.014000e+00	2.729660e+05
8.065000e+00	2.726430e+05
8.115000e+00	2.723150e+05
8.165000e+00	2.724820e+05
8.215000e+00	2.723050e+05
8.265000e+00	2.716210e+05
8.316000e+00	2.714030e+05
8.366000e+00	2.708570e+05
8.416000e+00	2.719880e+05
8.465000e+00	2.752940e+05
8.516000e+00	2.819770e+05
8.566000e+00	2.799220e+05
8.615000e+00	2.771620e+05
8.666000e+00	2.775350e+05
8.716000e+00	2.768480e+05
8.766000e+00	2.773100e+05
8.817000e+00	2.758880e+05
8.867000e+00	2.754770e+05
8.916000e+00	2.742410e+05
8.967000e+00	2.740270e+05
9.017000e+00	2.741270e+05
9.067000e+00	2.741670e+05
9.117000e+00	2.738090e+05
9.167000e+00	2.735030e+05
9.217000e+00	2.743470e+05
9.267000e+00	2.737220e+05
9.317000e+00	2.738210e+05
9.368000e+00	2.731550e+05
9.417000e+00	2.726530e+05
9.468000e+00	2.761090e+05
9.518000e+00	2.825930e+05
9.568000e+00	2.806110e+05
9.618000e+00	2.801340e+05
9.668000e+00	2.782010e+05
9.718000e+00	2.781780e+05
9.768000e+00	2.763770e+05
9.818000e+00	2.769660e+05
9.868000e+00	2.757100e+05
9.918000e+00	2.760460e+05
9.969000e+00	2.750080e+05
1.001800e+01	2.753550e+05
1.006900e+01	2.742210e+05
1.011900e+01	2.747870e+05
1.016900e+01	2.740320e+05
1.021800e+01	2.746980e+05
1.026900e+01	2.738700e+05
1.031900e+01	2.742340e+05
1.036900e+01	2.735820e+05
1.041900e+01	2.735180e+05
1.046900e+01	2.781800e+05
1.052000e+01	2.843010e+05
1.057000e+01	2.823200e+05
1.061900e+01	2.803680e+05
1.067000e+01	2.791700e+05
1.072000e+01	2.787620e+05
1.077000e+01	2.781360e+05
1.082000e+01	2.780050e+05
1.087100e+01	2.776710e+05
1.092100e+01	2.768820e+05
1.097100e+01	2.761310e+05
1.102000e+01	2.756600e+05
1.107100e+01	2.759310e+05
1.112000e+01	2.757840e+05
1.117100e+01	2.760130e+05
1.122100e+01	2.747920e+05
1.127000e+01	2.750690e+05
1.132100e+01	2.751300e+05
1.137100e+01	2.744770e+05
1.142100e+01	2.747900e+05
1.147200e+01	2.790990e+05
1.152100e+01	2.838170e+05
1.157100e+01	2.832960e+05
1.162100e+01	2.812200e+05
1.167200e+01	2.804270e+05
1.172200e+01	2.805830e+05
1.177200e+01	2.800930e+05
1.182200e+01	2.788680e+05
1.187200e+01	2.777560e+05
1.192200e+01	2.774680e+05
1.197300e+01	2.774660e+05
1.202200e+01	2.764980e+05
1.207300e+01	2.765580e+05
1.212200e+01	2.758390e+05
1.217200e+01	2.768060e+05
1.222200e+01	2.760460e+05
1.227300e+01	2.765920e+05
1.232300e+01	2.751210e+05
1.237300e+01	2.753140e+05
1.242300e+01	2.754210e+05
1.247400e+01	2.801350e+05
1.252400e+01	2.856970e+05
1.257300e+01	2.825230e+05
1.262300e+01	2.816800e+05
1.267400e+01	2.803380e+05
1.272400e+01	2.809560e+05
1.277400e+01	2.794920e+05
1.282300e+01	2.796010e+05
1.287400e+01	2.774130e+05
1.292400e+01	2.783780e+05
1.297400e+01	2.770550e+05
1.302400e+01	2.777410e+05
1.307400e+01	2.767210e+05
1.312400e+01	2.771350e+05
1.317400e+01	2.765850e+05
1.322500e+01	2.763060e+05
1.327500e+01	2.760230e+05
1.332400e+01	2.770070e+05
1.337500e+01	2.762720e+05
1.342500e+01	2.763460e+05
1.347500e+01	2.803850e+05
1.352500e+01	2.852530e+05
1.357600e+01	2.844340e+05
1.362500e+01	2.814470e+05
1.367600e+01	2.825480e+05
1.372600e+01	2.803190e+05
1.377600e+01	2.805790e+05
1.382600e+01	2.795160e+05
1.387600e+01	2.802590e+05
1.392500e+01	2.785100e+05
1.397600e+01	2.793890e+05
1.402600e+01	2.771450e+05
1.407600e+01	2.787320e+05
1.412600e+01	2.774550e+05
1.417600e+01	2.788000e+05
1.422700e+01	2.770620e+05
1.427600e+01	2.770800e+05
1.432700e+01	2.771200e+05
1.437700e+01	2.770380e+05
1.442700e+01	2.779160e+05
1.447700e+01	2.821260e+05
1.452700e+01	2.863420e+05
1.457700e+01	2.836590e+05
1.462700e+01	2.826520e+05
1.467800e+01	2.815880e+05
1.472700e+01	2.820790e+05
1.477700e+01	2.801430e+05
1.482700e+01	2.812170e+05
1.487700e+01	2.793680e+05
1.492700e+01	2.803870e+05
1.497700e+01	2.808120e+05
1.502800e+01	2.794130e+05
1.507800e+01	2.785040e+05
1.512800e+01	2.786540e+05
1.517900e+01	2.776220e+05
1.522800e+01	2.773880e+05
1.527900e+01	2.777660e+05
1.532800e+01	2.775040e+05
1.537900e+01	2.779230e+05
1.542800e+01	2.771450e+05
1.547800e+01	2.824490e+05
1.552900e+01	2.868770e+05
1.557900e+01	2.846710e+05
1.562900e+01	2.835110e+05
1.567900e+01	2.826030e+05
1.573000e+01	2.810610e+05
1.578000e+01	2.821590e+05
1.583000e+01	2.799280e+05
1.588000e+01	2.807040e+05
1.593000e+01	2.786660e+05
1.598000e+01	2.792380e+05
1.603000e+01	2.794110e+05
1.608000e+01	2.786570e+05
1.613000e+01	2.790240e+05
1.618000e+01	2.775720e+05
1.623000e+01	2.781010e+05
1.628000e+01	2.773000e+05
1.633000e+01	2.782780e+05
1.638000e+01	2.784570e+05
1.643100e+01	2.778750e+05
1.648200e+01	2.836030e+05
1.653000e+01	2.864850e+05
1.658100e+01	2.847450e+05
1.663100e+01	2.835590e+05
1.668100e+01	2.825460e+05
1.673100e+01	2.830170e+05
1.678100e+01	2.807070e+05
1.683100e+01	2.804070e+05
1.688200e+01	2.795940e+05
1.693200e+01	2.800110e+05
1.698200e+01	2.797030e+05
1.703200e+01	2.787270e+05
1.708200e+01	2.784910e+05
1.713100e+01	2.777170e+05
1.718200e+01	2.787630e+05
1.723200e+01	2.784630e+05
1.728300e+01	2.782470e+05
1.733200e+01	2.774180e+05
1.738200e+01	2.776260e+05
1.743200e+01	2.776920e+05
1.748300e+01	2.841970e+05
1.753300e+01	2.872360e+05
1.758300e+01	2.846110e+05
1.763300e+01	2.827740e+05
1.768300e+01	2.817140e+05
1.773300e+01	2.816090e+05
1.778400e+01	2.829250e+05
1.783400e+01	2.818480e+05
1.788400e+01	2.803910e+05
1.793300e+01	2.802010e+05
1.798400e+01	2.773160e+05
1.803400e+01	2.788420e+05
1.808300e+01	2.786830e+05
1.813300e+01	2.795110e+05
1.818400e+01	2.786690e+05
1.823400e+01	2.780920e+05
1.828400e+01	2.769820e+05
1.833400e+01	2.778220e+05
1.838400e+01	2.779940e+05
1.843400e+01	2.775310e+05
1.848500e+01	2.836460e+05
1.853500e+01	2.861300e+05
1.858400e+01	2.843910e+05
1.863500e+01	2.827130e+05
1.868500e+01	2.825310e+05
1.873400e+01	2.812070e+05
1.878500e+01	2.811430e+05
1.883500e+01	2.789010e+05
1.888500e+01	2.807720e+05
1.893500e+01	2.789280e+05
1.898600e+01	2.805010e+05
1.903600e+01	2.775520e+05
1.908500e+01	2.783990e+05
1.913600e+01	2.778920e+05
1.918600e+01	2.783860e+05
1.923600e+01	2.774870e+05
1.928600e+01	2.777970e+05
1.933600e+01	2.767760e+05
1.938600e+01	2.773810e+05
1.943600e+01	2.769470e+05
1.948600e+01	2.835160e+05
1.953600e+01	2.859350e+05
1.958700e+01	2.834700e+05
1.963700e+01	2.827290e+05
1.968600e+01	2.801520e+05
1.973700e+01	2.812160e+05
1.978700e+01	2.793270e+05
1.983700e+01	2.799310e+05
1.988700e+01	2.791580e+05
1.993700e+01	2.786320e+05
1.998800e+01	2.777820e+05
2.003700e+01	2.776750e+05
2.008700e+01	2.779160e+05
2.013700e+01	2.775780e+05
2.018800e+01	2.768450e+05
2.023800e+01	2.767560e+05
2.028800e+01	2.760580e+05
2.033800e+01	2.770440e+05
2.038800e+01	2.772800e+05
2.043800e+01	2.761600e+05
2.048800e+01	2.831170e+05
2.053800e+01	2.838910e+05
2.058800e+01	2.833540e+05
2.063900e+01	2.806770e+05
2.068900e+01	2.810670e+05
2.073900e+01	2.798480e+05
2.078900e+01	2.785260e+05
2.083900e+01	2.793360e+05
2.088900e+01	2.780300e+05
2.093900e+01	2.789700e+05
2.098900e+01	2.767750e+05
2.103900e+01	2.763390e+05
2.108900e+01	2.764920e+05
2.114000e+01	2.768370e+05
2.119000e+01	2.768980e+05
2.124000e+01	2.760720e+05
2.129000e+01	2.760890e+05
2.133900e+01	2.761220e+05
2.139000e+01	2.752650e+05
2.144000e+01	2.762700e+05
2.149000e+01	2.819470e+05
2.154000e+01	2.841560e+05
2.159000e+01	2.810740e+05
2.164000e+01	2.800370e+05
2.169000e+01	2.793030e+05
2.174000e+01	2.786030e+05
2.179100e+01	2.783320e+05
2.184000e+01	2.779480e+05
2.189100e+01	2.764380e+05
2.194100e+01	2.770290e+05
2.199100e+01	2.752890e+05
2.204100e+01	2.765360e+05
2.209100e+01	2.757230e+05
2.214100e+01	2.755020e+05
2.219200e+01	2.750840e+05
2.224100e+01	2.746330e+05
2.229100e+01	2.753220e+05
2.234100e+01	2.754350e+05
2.239100e+01	2.752070e+05
2.244200e+01	2.747880e+05
2.249200e+01	2.811700e+05
2.254200e+01	2.817430e+05
2.259200e+01	2.802490e+05
2.264300e+01	2.790920e+05
2.269200e+01	2.782650e+05
2.274300e+01	2.768410e+05
2.279300e+01	2.764900e+05
2.284200e+01	2.756270e+05
2.289300e+01	2.756230e+05
2.294300e+01	2.761170e+05
2.299300e+01	2.749580e+05
2.304200e+01	2.747640e+05
2.309300e+01	2.735350e+05
2.314400e+01	2.748290e+05
2.319300e+01	2.738870e+05
2.324300e+01	2.739430e+05
2.329300e+01	2.734140e+05
2.334400e+01	2.738630e+05
2.339400e+01	2.727260e+05
2.344400e+01	2.734960e+05
2.349400e+01	2.794940e+05
2.354400e+01	2.809700e+05
2.359400e+01	2.785060e+05
2.364400e+01	2.773540e+05
2.369400e+01	2.760760e+05
2.374500e+01	2.764960e+05
2.379500e+01	2.754550e+05
2.384400e+01	2.747600e+05
2.389400e+01	2.737820e+05
2.394400e+01	2.731990e+05
2.399400e+01	2.733430e+05
2.404400e+01	2.730740e+05
2.409500e+01	2.736530e+05
2.414400e+01	2.718330e+05
2.419500e+01	2.724290e+05
2.424500e+01	2.712650e+05
2.429500e+01	2.726860e+05
2.434500e+01	2.713750e+05
2.439600e+01	2.722780e+05
2.444600e+01	2.709690e+05
2.449600e+01	2.793210e+05
2.454600e+01	2.776830e+05
2.459600e+01	2.773990e+05
2.464600e+01	2.747400e+05
2.469600e+01	2.741550e+05
2.474700e+01	2.733790e+05
2.479600e+01	2.726470e+05
2.484600e+01	2.734880e+05
2.489600e+01	2.719040e+05
2.494700e+01	2.727470e+05
2.499600e+01	2.709000e+05
2.504700e+01	2.710840e+05
2.509700e+01	2.706520e+05
2.514600e+01	2.712350e+05
2.519700e+01	2.702900e+05
2.524700e+01	2.708310e+05
2.529700e+01	2.695950e+05
2.534700e+01	2.706400e+05
2.539800e+01	2.696710e+05
2.544700e+01	2.709330e+05
2.549800e+01	2.757520e+05
2.554700e+01	2.760430e+05
2.559800e+01	2.750710e+05
2.564800e+01	2.735570e+05
2.569800e+01	2.729980e+05
2.574800e+01	2.720050e+05
2.579800e+01	2.723900e+05
2.584800e+01	2.699190e+05
2.589900e+01	2.700740e+05
2.594900e+01	2.700490e+05
2.599900e+01	2.702800e+05
2.604800e+01	2.691960e+05
2.609900e+01	2.688350e+05
2.614800e+01	2.680830e+05
2.619900e+01	2.685400e+05
2.624900e+01	2.678800e+05
2.629900e+01	2.683830e+05
2.634900e+01	2.682810e+05
2.639900e+01	2.677700e+05
2.644900e+01	2.685160e+05
2.650000e+01	2.737130e+05
2.655000e+01	2.746020e+05
2.660000e+01	2.724200e+05
2.665000e+01	2.718770e+05
2.670000e+01	2.704700e+05
2.675000e+01	2.701660e+05
2.680000e+01	2.688510e+05
2.685000e+01	2.723970e+05
2.690000e+01	2.694880e+05
2.695000e+01	2.683300e+05
2.700000e+01	2.668470e+05
2.705000e+01	2.670880e+05
2.710000e+01	2.657280e+05
2.715100e+01	2.668600e+05
2.720100e+01	2.671090e+05
2.725100e+01	2.660830e+05
2.730100e+01	2.662670e+05
2.735100e+01	2.659450e+05
2.740000e+01	2.664340e+05
2.745100e+01	2.665360e+05
2.750200e+01	2.727050e+05
2.755200e+01	2.715710e+05
2.760200e+01	2.708720e+05
2.765100e+01	2.689940e+05
2.770200e+01	2.689950e+05
2.775100e+01	2.671840e+05
2.780100e+01	2.675850e+05
2.785200e+01	2.662140e+05
2.790300e+01	2.665990e+05
2.795300e+01	2.661070e+05
2.800200e+01	2.657240e+05
2.805200e+01	2.655640e+05
2.810200e+01	2.640650e+05
2.815200e+01	2.652100e+05
2.820300e+01	2.645560e+05
2.825200e+01	2.646480e+05
2.830300e+01	2.639130e+05
2.835300e+01	2.645720e+05
2.840300e+01	2.637030e+05
2.845300e+01	2.646000e+05
2.850300e+01	2.699350e+05
2.855300e+01	2.710010e+05
2.860300e+01	2.680450e+05
2.865400e+01	2.679580e+05
2.870400e+01	2.660970e+05
2.875300e+01	2.654470e+05
2.880400e+01	2.647730e+05
2.885300e+01	2.648220e+05
2.890300e+01	2.650500e+05
2.895400e+01	2.634460e+05
2.900500e+01	2.637210e+05
2.905400e+01	2.622060e+05
2.910400e+01	2.631970e+05
2.915400e+01	2.625130e+05
2.920400e+01	2.627200e+05
2.925400e+01	2.614980e+05
2.930400e+01	2.624510e+05
2.935500e+01	2.617620e+05
2.940500e+01	2.627540e+05
2.945500e+01	2.626000e+05
2.950500e+01	2.684250e+05
2.955500e+01	2.671430e+05
2.960500e+01	2.661330e+05
2.965600e+01	2.647490e+05
2.970500e+01	2.645260e+05
2.975500e+01	2.639910e+05
2.980500e+01	2.621040e+05
2.985600e+01	2.624090e+05
2.990500e+01	2.614700e+05
2.995500e+01	2.619810e+05
3.000500e+01	2.610140e+05
3.005600e+01	2.617760e+05
3.010700e+01	2.599530e+05
3.015700e+01	2.607980e+05
3.020600e+01	2.592580e+05
3.025600e+01	2.613150e+05
3.030700e+01	2.593640e+05
3.035600e+01	2.606340e+05
3.040700e+01	2.590490e+05
3.045700e+01	2.607080e+05
3.050700e+01	2.662770e+05
3.055700e+01	2.653210e+05
3.060700e+01	2.640270e+05
3.065700e+01	2.625950e+05
3.070700e+01	2.619660e+05
3.075700e+01	2.608170e+05
3.080800e+01	2.614890e+05
3.085700e+01	2.595400e+05
3.090800e+01	2.605530e+05
3.095700e+01	2.586470e+05
3.100800e+01	2.586350e+05
3.105800e+01	2.575920e+05
3.110800e+01	2.583250e+05
3.115800e+01	2.580580e+05
3.120800e+01	2.586770e+05
3.125800e+01	2.569230e+05
3.130800e+01	2.575980e+05
3.135800e+01	2.566320e+05
3.140900e+01	2.578580e+05
3.145900e+01	2.583700e+05
3.150900e+01	2.645170e+05
3.155900e+01	2.619840e+05
3.160900e+01	2.611220e+05
3.165900e+01	2.604360e+05
3.170900e+01	2.589880e+05
3.175900e+01	2.590530e+05
3.181000e+01	2.577540e+05
3.186000e+01	2.576980e+05
3.191000e+01	2.570860e+05
3.195900e+01	2.572770e+05
3.201000e+01	2.567620e+05
3.206000e+01	2.558670e+05
3.211000e+01	2.557380e+05
3.215900e+01	2.555930e+05
3.221000e+01	2.561170e+05
3.226000e+01	2.560960e+05
3.231000e+01	2.552190e+05
3.236000e+01	2.545630e+05
3.241000e+01	2.549280e+05
3.246000e+01	2.562890e+05
3.251100e+01	2.624030e+05
3.256100e+01	2.598360e+05
3.261100e+01	2.593880e+05
3.266100e+01	2.573100e+05
3.271100e+01	2.573620e+05
3.276100e+01	2.562330e+05
3.281100e+01	2.562580e+05
3.286200e+01	2.553610e+05
3.291200e+01	2.546560e+05
3.296200e+01	2.539320e+05
3.301200e+01	2.541800e+05
3.306200e+01	2.545790e+05
3.311200e+01	2.540920e+05
3.316200e+01	2.540220e+05
3.321300e+01	2.525760e+05
3.326200e+01	2.533750e+05
3.331300e+01	2.529750e+05
3.336200e+01	2.537450e+05
3.341300e+01	2.523430e+05
3.346200e+01	2.551260e+05
3.351200e+01	2.584610e+05
3.356200e+01	2.587820e+05
3.361300e+01	2.561680e+05
3.366300e+01	2.567500e+05
3.371300e+01	2.539210e+05
3.376300e+01	2.551460e+05
3.381400e+01	2.531020e+05
3.386300e+01	2.546480e+05
3.391300e+01	2.529190e+05
3.396300e+01	2.525950e+05
3.401300e+01	2.525100e+05
3.406400e+01	2.514580e+05
3.411400e+01	2.517890e+05
3.416400e+01	2.509120e+05
3.421300e+01	2.515370e+05
3.426400e+01	2.509600e+05
3.431400e+01	2.510320e+05
3.436400e+01	2.508120e+05
3.441400e+01	2.508250e+05
3.446400e+01	2.529140e+05
3.451500e+01	2.575770e+05
3.456400e+01	2.561270e+05
3.461500e+01	2.546990e+05
3.466400e+01	2.533410e+05
3.471500e+01	2.530420e+05
3.476500e+01	2.526530e+05
3.481500e+01	2.515070e+05
3.486500e+01	2.517050e+05
3.491600e+01	2.502360e+05
3.496600e+01	2.504850e+05
3.501500e+01	2.504000e+05
3.506500e+01	2.504670e+05
3.511600e+01	2.496490e+05
3.516600e+01	2.496210e+05
3.521600e+01	2.490170e+05
3.526600e+01	2.493260e+05
3.531600e+01	2.489050e+05
3.536600e+01	2.497240e+05
3.541600e+01	2.486820e+05
3.546600e+01	2.511470e+05
3.551600e+01	2.551150e+05
3.556600e+01	2.547850e+05
3.561600e+01	2.526560e+05
3.566600e+01	2.513520e+05
3.571700e+01	2.510730e+05
3.576600e+01	2.503280e+05
3.581700e+01	2.509560e+05
3.586600e+01	2.494780e+05
3.591600e+01	2.495330e+05
3.596700e+01	2.485800e+05
3.601700e+01	2.491980e+05
3.606800e+01	2.484390e+05
3.611700e+01	2.484800e+05
3.616700e+01	2.476920e+05
3.621700e+01	2.481140e+05
3.626700e+01	2.473920e+05
3.631700e+01	2.480920e+05
3.636700e+01	2.476660e+05
3.641700e+01	2.483620e+05
3.646800e+01	2.494620e+05
3.651800e+01	2.538710e+05
3.656800e+01	2.520620e+05
3.661800e+01	2.509030e+05
3.666800e+01	2.509020e+05
3.671900e+01	2.494760e+05
3.676800e+01	2.494990e+05
3.681800e+01	2.483760e+05
3.686900e+01	2.483210e+05
3.691900e+01	2.478040e+05
3.696900e+01	2.480430e+05
3.701900e+01	2.473390e+05
3.706900e+01	2.473310e+05
3.711900e+01	2.463480e+05
3.716900e+01	2.471350e+05
3.721900e+01	2.459210e+05
3.726900e+01	2.466620e+05
3.731900e+01	2.463570e+05
3.736900e+01	2.462080e+05
3.741900e+01	2.461570e+05
3.747000e+01	2.487350e+05
3.752000e+01	2.526260e+05
3.757000e+01	2.511910e+05
3.762100e+01	2.506600e+05
3.767000e+01	2.486680e+05
3.772100e+01	2.486530e+05
3.777000e+01	2.472950e+05
3.782000e+01	2.471970e+05
3.787100e+01	2.460730e+05
3.792100e+01	2.468690e+05
3.797100e+01	2.459790e+05
3.802100e+01	2.461910e+05
3.807100e+01	2.453120e+05
3.812100e+01	2.455220e+05
3.817100e+01	2.458950e+05
3.822200e+01	2.449570e+05
3.827100e+01	2.450630e+05
3.832200e+01	2.436990e+05
3.837100e+01	2.449420e+05
3.842100e+01	2.445810e+05
3.847200e+01	2.482970e+05
3.852200e+01	2.504010e+05
3.857200e+01	2.499540e+05
3.862200e+01	2.484010e+05
3.867200e+01	2.477720e+05
3.872200e+01	2.465480e+05
3.877300e+01	2.470230e+05
3.882200e+01	2.457040e+05
3.887200e+01	2.460940e+05
3.892200e+01	2.446900e+05
3.897400e+01	2.451890e+05
3.902200e+01	2.448730e+05
3.907300e+01	2.443120e+05
3.912300e+01	2.442740e+05
3.917400e+01	2.436230e+05
3.922300e+01	2.439200e+05
3.927300e+01	2.439270e+05
3.932300e+01	2.438190e+05
3.937400e+01	2.432260e+05
3.942400e+01	2.434640e+05
3.947400e+01	2.466150e+05
3.952400e+01	2.497750e+05
3.957400e+01	2.484190e+05
3.962400e+01	2.472910e+05
3.967400e+01	2.467560e+05
3.972500e+01	2.449850e+05
3.977400e+01	2.456460e+05
3.982500e+01	2.447650e+05
3.987500e+01	2.449010e+05
3.992400e+01	2.439490e+05
3.997400e+01	2.436580e+05
4.002500e+01	2.429660e+05
4.007400e+01	2.432060e+05
4.012400e+01	2.425700e+05
4.017500e+01	2.436340e+05
4.022500e+01	2.426970e+05
4.027500e+01	2.429110e+05
4.032600e+01	2.425050e+05
4.037500e+01	2.429920e+05
4.042500e+01	2.426590e+05
4.047500e+01	2.460090e+05
4.052500e+01	2.487670e+05
4.057600e+01	2.467680e+05
4.062600e+01	2.463690e+05
4.067600e+01	2.457520e+05
4.072600e+01	2.450760e+05
4.077700e+01	2.447640e+05
4.082600e+01	2.444640e+05
4.087600e+01	2.431520e+05
4.092600e+01	2.441940e+05
4.097600e+01	2.427280e+05
4.102600e+01	2.435020e+05
4.107700e+01	2.422110e+05
4.112700e+01	2.430600e+05
4.117800e+01	2.424590e+05
4.122800e+01	2.422940e+05
4.127700e+01	2.422750e+05
4.132700e+01	2.423090e+05
4.137700e+01	2.414700e+05
4.142700e+01	2.414110e+05
4.147800e+01	2.453410e+05
4.152800e+01	2.481730e+05
4.157800e+01	2.473640e+05
4.162700e+01	2.457050e+05
4.167800e+01	2.448000e+05
4.172800e+01	2.440680e+05
4.177800e+01	2.440700e+05
4.182800e+01	2.435190e+05
4.187800e+01	2.435140e+05
4.192900e+01	2.421040e+05
4.197800e+01	2.421370e+05
4.202900e+01	2.412700e+05
4.207900e+01	2.424330e+05
4.212900e+01	2.418940e+05
4.217900e+01	2.421420e+05
4.222900e+01	2.418790e+05
4.227900e+01	2.409900e+05
4.232900e+01	2.408300e+05
4.237900e+01	2.412910e+05
4.242900e+01	2.419490e+05
4.248000e+01	2.452130e+05
4.252900e+01	2.474810e+05
4.257900e+01	2.462430e+05
4.262900e+01	2.453390e+05
4.268000e+01	2.446250e+05
4.272900e+01	2.443600e+05
4.278000e+01	2.425460e+05
4.283000e+01	2.432780e+05
4.288000e+01	2.421000e+05
4.293000e+01	2.426270e+05
4.298000e+01	2.424660e+05
4.303000e+01	2.414380e+05
4.308000e+01	2.419110e+05
4.313000e+01	2.401640e+05
4.318100e+01	2.418370e+05
4.323100e+01	2.415770e+05
4.328100e+01	2.419210e+05
4.333100e+01	2.406010e+05
4.338100e+01	2.408880e+05
4.343200e+01	2.403440e+05
4.348100e+01	2.453130e+05
4.353200e+01	2.470740e+05
4.358200e+01	2.469550e+05
4.363200e+01	2.451480e+05
4.368100e+01	2.442590e+05
4.373200e+01	2.428080e+05
4.378100e+01	2.432130e+05
4.383200e+01	2.429000e+05
4.388200e+01	2.430250e+05
4.393200e+01	2.423700e+05
4.398200e+01	2.416070e+05
4.403200e+01	2.417850e+05
4.408200e+01	2.412950e+05
4.413200e+01	2.414920e+05
4.418300e+01	2.412130e+05
4.423300e+01	2.414750e+05
4.428300e+01	2.406630e+05
4.433300e+01	2.413560e+05
4.438300e+01	2.402820e+05
4.443300e+01	2.408470e+05
4.448300e+01	2.449890e+05
4.453300e+01	2.476850e+05
4.458300e+01	2.459500e+05
4.463400e+01	2.457420e+05
4.468300e+01	2.439980e+05
4.473300e+01	2.444890e+05
4.478300e+01	2.425890e+05
4.483400e+01	2.425290e+05
4.488400e+01	2.421210e+05
4.493500e+01	2.419170e+05
4.498400e+01	2.416700e+05
4.503400e+01	2.418580e+05
4.508500e+01	2.409320e+05
4.513500e+01	2.411920e+05
4.518500e+01	2.401430e+05
4.523500e+01	2.413160e+05
4.528500e+01	2.409200e+05
4.533400e+01	2.407120e+05
4.538500e+01	2.402770e+05
4.543500e+01	2.404920e+05
4.548500e+01	2.454930e+05
4.553500e+01	2.472020e+05
4.558500e+01	2.459250e+05
4.563500e+01	2.444930e+05
4.568500e+01	2.443050e+05
4.573500e+01	2.431120e+05
4.578500e+01	2.437670e+05
4.583500e+01	2.428550e+05
4.588600e+01	2.426260e+05
4.593600e+01	2.414490e+05
4.598600e+01	2.418480e+05
4.603600e+01	2.418030e+05
4.608600e+01	2.410690e+05
4.613600e+01	2.412910e+05
4.618600e+01	2.409650e+05
4.623600e+01	2.413490e+05
4.628600e+01	2.402830e+05
4.633600e+01	2.406060e+05
4.638600e+01	2.406840e+05
4.643700e+01	2.410650e+05
4.648600e+01	2.455400e+05
4.653700e+01	2.469700e+05
4.658600e+01	2.457540e+05
4.663700e+01	2.456020e+05
4.668800e+01	2.442640e+05
4.673700e+01	2.440700e+05
4.678800e+01	2.431080e+05
4.683800e+01	2.429030e+05
4.688700e+01	2.424170e+05
4.693800e+01	2.422680e+05
4.698800e+01	2.427810e+05
4.703700e+01	2.410800e+05
4.708800e+01	2.419770e+05
4.713800e+01	2.406770e+05
4.718800e+01	2.417810e+05
4.723800e+01	2.418750e+05
4.728800e+01	2.406960e+05
4.733800e+01	2.405890e+05
4.738800e+01	2.399650e+05
4.743900e+01	2.411440e+05
4.748900e+01	2.466180e+05
4.753900e+01	2.472080e+05
4.758900e+01	2.461940e+05
4.763900e+01	2.447950e+05
4.768900e+01	2.442050e+05
4.773900e+01	2.448220e+05
4.778900e+01	2.443560e+05
4.783900e+01	2.438870e+05
4.788900e+01	2.418840e+05
4.793900e+01	2.423500e+05
4.798900e+01	2.422250e+05
4.804000e+01	2.424860e+05
4.809000e+01	2.418000e+05
4.813900e+01	2.416680e+05
4.819000e+01	2.419310e+05
4.824000e+01	2.412650e+05
4.829000e+01	2.418620e+05
4.834000e+01	2.414920e+05
4.839000e+01	2.412990e+05
4.844000e+01	2.413130e+05
4.849100e+01	2.470010e+05
4.854100e+01	2.474040e+05
4.859100e+01	2.474010e+05
4.864100e+01	2.468300e+05
4.869000e+01	2.457290e+05
4.874100e+01	2.441680e+05
4.879100e+01	2.440810e+05
4.884100e+01	2.458300e+05
4.889100e+01	2.440980e+05
4.894100e+01	2.437190e+05
4.899100e+01	2.430250e+05
4.904100e+01	2.424400e+05
4.909100e+01	2.413720e+05
4.914200e+01	2.422220e+05
4.919200e+01	2.411320e+05
4.924200e+01	2.430920e+05
4.929200e+01	2.418800e+05
4.934200e+01	2.417330e+05
4.939200e+01	2.416470e+05
4.944200e+01	2.438420e+05
4.949300e+01	2.490500e+05
4.954200e+01	2.487700e+05
4.959300e+01	2.468410e+05
4.964300e+01	2.469970e+05
4.969200e+01	2.448920e+05
4.974300e+01	2.451900e+05
4.979300e+01	2.440960e+05
4.984300e+01	2.447250e+05
4.989400e+01	2.442270e+05
4.994300e+01	2.433550e+05
4.999300e+01	2.438280e+05
5.004300e+01	2.426820e+05
5.009400e+01	2.438720e+05
5.014400e+01	2.426880e+05
5.019400e+01	2.430030e+05
5.024400e+01	2.424780e+05
5.029400e+01	2.427040e+05
5.034400e+01	2.423340e+05
5.039400e+01	2.423480e+05
5.044400e+01	2.419220e+05
5.049500e+01	2.493550e+05
5.054400e+01	2.487870e+05
5.059500e+01	2.492650e+05
5.064400e+01	2.474170e+05
5.069400e+01	2.466970e+05
5.074500e+01	2.462470e+05
5.079500e+01	2.453460e+05
5.084500e+01	2.455060e+05
5.089500e+01	2.452120e+05
5.094600e+01	2.447100e+05
5.099500e+01	2.434550e+05
5.104500e+01	2.441080e+05
5.109600e+01	2.432260e+05
5.114500e+01	2.448370e+05
5.119600e+01	2.429750e+05
5.124600e+01	2.443880e+05
5.129600e+01	2.427240e+05
5.134600e+01	2.436450e+05
5.139600e+01	2.432650e+05
5.144600e+01	2.437550e+05
5.149600e+01	2.511230e+05
5.154600e+01	2.506440e+05
5.159700e+01	2.492460e+05
5.164700e+01	2.479610e+05
5.169700e+01	2.477820e+05
5.174600e+01	2.474480e+05
5.179700e+01	2.468600e+05
5.184600e+01	2.458820e+05
5.189700e+01	2.463060e+05
5.194700e+01	2.451850e+05
5.199700e+01	2.465010e+05
5.204700e+01	2.445410e+05
5.209700e+01	2.450140e+05
5.214700e+01	2.442480e+05
5.219800e+01	2.451220e+05
5.224800e+01	2.454490e+05
5.229800e+01	2.446470e+05
5.234700e+01	2.446730e+05
5.239800e+01	2.440510e+05
5.244800e+01	2.442850e+05
5.249800e+01	2.514740e+05
5.254800e+01	2.525000e+05
5.259800e+01	2.513800e+05
5.264800e+01	2.503810e+05
5.269800e+01	2.487260e+05
5.274900e+01	2.487620e+05
5.279800e+01	2.476740e+05
5.284900e+01	2.482710e+05
5.289900e+01	2.472730e+05
5.294900e+01	2.473430e+05
5.299900e+01	2.456260e+05
5.304900e+01	2.471810e+05
5.309900e+01	2.461130e+05
5.314900e+01	2.463520e+05
5.320000e+01	2.462580e+05
5.325000e+01	2.453930e+05
5.330000e+01	2.455380e+05
5.335000e+01	2.455280e+05
5.340000e+01	2.458870e+05
5.345000e+01	2.470090e+05
5.350000e+01	2.527810e+05
5.355000e+01	2.527680e+05
5.360000e+01	2.518070e+05
5.365000e+01	2.506550e+05
5.370000e+01	2.507170e+05
5.375000e+01	2.496680e+05
5.380000e+01	2.487680e+05
5.385100e+01	2.480780e+05
5.390100e+01	2.485760e+05
5.395100e+01	2.486720e+05
5.400100e+01	2.485650e+05
5.405100e+01	2.476580e+05
5.410100e+01	2.472460e+05
5.415100e+01	2.465980e+05
5.420100e+01	2.465960e+05
5.425100e+01	2.472830e+05
5.430100e+01	2.465630e+05
5.435100e+01	2.466840e+05
5.440200e+01	2.469450e+05
5.445200e+01	2.476980e+05
5.450200e+01	2.537770e+05
5.455200e+01	2.547220e+05
5.460200e+01	2.526080e+05
5.465200e+01	2.532040e+05
5.470200e+01	2.549030e+05
5.475200e+01	2.514460e+05
5.480200e+01	2.510390e+05
5.485200e+01	2.508470e+05
5.490300e+01	2.500790e+05
5.495300e+01	2.491470e+05
5.500300e+01	2.498190e+05
5.505300e+01	2.489990e+05
5.510300e+01	2.489750e+05
5.515300e+01	2.486640e+05
5.520300e+01	2.488110e+05
5.525300e+01	2.487880e+05
5.530300e+01	2.486710e+05
5.535300e+01	2.484200e+05
5.540300e+01	2.486330e+05
5.545300e+01	2.493450e+05
5.550400e+01	2.570110e+05
5.555400e+01	2.553790e+05
5.560400e+01	2.548550e+05
5.565400e+01	2.541130e+05
5.570400e+01	2.538760e+05
5.575400e+01	2.526000e+05
5.580500e+01	2.520770e+05
5.585400e+01	2.519270e+05
5.590400e+01	2.513630e+05
5.595400e+01	2.512890e+05
5.600400e+01	2.512630e+05
5.605400e+01	2.511970e+05
5.610400e+01	2.511850e+05
5.615500e+01	2.520250e+05
5.620500e+01	2.500580e+05
5.625500e+01	2.507820e+05
5.630500e+01	2.498210e+05
5.635600e+01	2.498840e+05
5.640500e+01	2.497530e+05
5.645500e+01	2.509340e+05
5.650600e+01	2.584530e+05
5.655500e+01	2.577290e+05
5.660600e+01	2.559200e+05
5.665600e+01	2.558110e+05
5.670600e+01	2.540360e+05
5.675600e+01	2.537190e+05
5.680600e+01	2.537450e+05
5.685600e+01	2.531390e+05
5.690600e+01	2.532670e+05
5.695600e+01	2.514850e+05
5.700700e+01	2.524650e+05
5.705700e+01	2.512710e+05
5.710700e+01	2.526530e+05
5.715700e+01	2.514330e+05
5.720700e+01	2.511720e+05
5.725600e+01	2.514360e+05
5.730700e+01	2.512590e+05
5.735700e+01	2.518910e+05
5.740800e+01	2.513090e+05
5.745700e+01	2.527410e+05
5.750700e+01	2.597040e+05
5.755800e+01	2.580280e+05
5.760800e+01	2.582550e+05
5.765800e+01	2.573870e+05
5.770800e+01	2.559980e+05
5.775800e+01	2.552360e+05
5.780900e+01	2.545820e+05
5.785800e+01	2.546290e+05
5.790800e+01	2.546580e+05
5.795800e+01	2.545030e+05
5.800800e+01	2.536310e+05
5.805900e+01	2.537000e+05
5.810900e+01	2.533850e+05
5.815800e+01	2.536270e+05
5.820800e+01	2.534900e+05
5.825900e+01	2.529110e+05
5.830900e+01	2.528370e+05
5.835900e+01	2.531570e+05
5.841000e+01	2.530150e+05
5.846000e+01	2.551130e+05
5.851000e+01	2.613400e+05
5.855900e+01	2.607530e+05
5.860900e+01	2.583590e+05
5.865900e+01	2.581530e+05
5.870900e+01	2.580900e+05
5.876000e+01	2.573470e+05
5.881000e+01	2.570680e+05
5.886000e+01	2.564250e+05
5.891000e+01	2.557860e+05
5.896000e+01	2.554890e+05
5.901000e+01	2.558790e+05
5.906000e+01	2.558430e+05
5.911000e+01	2.558370e+05
5.916100e+01	2.542250e+05
5.921000e+01	2.552750e+05
5.926000e+01	2.544220e+05
5.931100e+01	2.547380e+05
5.936100e+01	2.549840e+05
5.941100e+01	2.550740e+05
5.946100e+01	2.569180e+05
5.951200e+01	2.634280e+05
5.956100e+01	2.621980e+05
5.961200e+01	2.614690e+05
5.966100e+01	2.629580e+05
5.971200e+01	2.603710e+05
5.976100e+01	2.596710e+05
5.981200e+01	2.578950e+05
5.986200e+01	2.591390e+05
5.991200e+01	2.579130e+05
5.996200e+01	2.576080e+05
6.001200e+01	2.567260e+05
6.006200e+01	2.573440e+05
6.011200e+01	2.567790e+05
6.016200e+01	2.573020e+05
6.021200e+01	2.562620e+05
6.026200e+01	2.567650e+05
6.031200e+01	2.571440e+05
6.036300e+01	2.557400e+05
6.041200e+01	2.575470e+05
6.046200e+01	2.576330e+05
6.051400e+01	2.666610e+05
6.056300e+01	2.637710e+05
6.061400e+01	2.637310e+05
6.066300e+01	2.618340e+05
6.071300e+01	2.618630e+05
6.076300e+01	2.607760e+05
6.081400e+01	2.607990e+05
6.086400e+01	2.601190e+05
6.091400e+01	2.602650e+05
6.096400e+01	2.594570e+05
6.101400e+01	2.592340e+05
6.106400e+01	2.595040e+05
6.111400e+01	2.589490e+05
6.116400e+01	2.589560e+05
6.121400e+01	2.578990e+05
6.126400e+01	2.592030e+05
6.131500e+01	2.581380e+05
6.136500e+01	2.590410e+05
6.141500e+01	2.585790e+05
6.146500e+01	2.620730e+05
6.151600e+01	2.666550e+05
6.156500e+01	2.665230e+05
6.161500e+01	2.644690e+05
6.166600e+01	2.643220e+05
6.171500e+01	2.637680e+05
6.176500e+01	2.625660e+05
6.181500e+01	2.624920e+05
6.186600e+01	2.619130e+05
6.191600e+01	2.619990e+05
6.196600e+01	2.606670e+05
6.201600e+01	2.614160e+05
6.206600e+01	2.607000e+05
6.211600e+01	2.614140e+05
6.216600e+01	2.605520e+05
6.221600e+01	2.610380e+05
6.226600e+01	2.599600e+05
6.231700e+01	2.603160e+05
6.236700e+01	2.597250e+05
6.241700e+01	2.608610e+05
6.246700e+01	2.630900e+05
6.251700e+01	2.704880e+05
6.256600e+01	2.670880e+05
6.261800e+01	2.666230e+05
6.266800e+01	2.664280e+05
6.271800e+01	2.659430e+05
6.276700e+01	2.652390e+05
6.281800e+01	2.636350e+05
6.286700e+01	2.637700e+05
6.291800e+01	2.635480e+05
6.296700e+01	2.642770e+05
6.301800e+01	2.632740e+05
6.306700e+01	2.634500e+05
6.311700e+01	2.625340e+05
6.316800e+01	2.627840e+05
6.321800e+01	2.616980e+05
6.326800e+01	2.633840e+05
6.331800e+01	2.629630e+05
6.336900e+01	2.626430e+05
6.341900e+01	2.613020e+05
6.346900e+01	2.653500e+05
6.351900e+01	2.716680e+05
6.356900e+01	2.703820e+05
6.361900e+01	2.690950e+05
6.366900e+01	2.670270e+05
6.371900e+01	2.666340e+05
6.376900e+01	2.666040e+05
6.381900e+01	2.658930e+05
6.387000e+01	2.661450e+05
6.392000e+01	2.659890e+05
6.397000e+01	2.635590e+05
6.402000e+01	2.650610e+05
6.407000e+01	2.642240e+05
6.412000e+01	2.643580e+05
6.417000e+01	2.641820e+05
6.422000e+01	2.636910e+05
6.427000e+01	2.644810e+05
6.432100e+01	2.637200e+05
6.437000e+01	2.639870e+05
6.442000e+01	2.632090e+05
6.447000e+01	2.676020e+05
6.452100e+01	2.727290e+05
6.457100e+01	2.714250e+05
6.462100e+01	2.698740e+05
6.467100e+01	2.693010e+05
6.472100e+01	2.688400e+05
6.477100e+01	2.675610e+05
6.482200e+01	2.674220e+05
6.487100e+01	2.669350e+05
6.492100e+01	2.668480e+05
6.497100e+01	2.663510e+05
6.502200e+01	2.668060e+05
6.507200e+01	2.659810e+05
6.512100e+01	2.660470e+05
6.517200e+01	2.655980e+05
6.522200e+01	2.659170e+05
6.527200e+01	2.660430e+05
6.532200e+01	2.665360e+05
6.537200e+01	2.647160e+05
6.542200e+01	2.647220e+05
6.547300e+01	2.687300e+05
6.552200e+01	2.748750e+05
6.557300e+01	2.739520e+05
6.562300e+01	2.718480e+05
6.567300e+01	2.705360e+05
6.572300e+01	2.705100e+05
6.577300e+01	2.693760e+05
6.582300e+01	2.696850e+05
6.587400e+01	2.685810e+05
6.592300e+01	2.685950e+05
6.597300e+01	2.681640e+05
6.602300e+01	2.677700e+05
6.607300e+01	2.682810e+05
6.612400e+01	2.684290e+05
6.617300e+01	2.671750e+05
6.622400e+01	2.671850e+05
6.627400e+01	2.672120e+05
6.632300e+01	2.675050e+05
6.637400e+01	2.675300e+05
6.642400e+01	2.672450e+05
6.647400e+01	2.709470e+05
6.652400e+01	2.758120e+05
6.657400e+01	2.743310e+05
6.662500e+01	2.734960e+05
6.667500e+01	2.732620e+05
6.672500e+01	2.721210e+05
6.677500e+01	2.714310e+05
6.682500e+01	2.710540e+05
6.687500e+01	2.701700e+05
6.692500e+01	2.703190e+05
6.697400e+01	2.701890e+05
6.702500e+01	2.698740e+05
6.707600e+01	2.690030e+05
6.712600e+01	2.692940e+05
6.717500e+01	2.681580e+05
6.722600e+01	2.694420e+05
6.727600e+01	2.688270e+05
6.732500e+01	2.692090e+05
6.737600e+01	2.681630e+05
6.742600e+01	2.683580e+05
6.747600e+01	2.734960e+05
6.752700e+01	2.786830e+05
6.757700e+01	2.772800e+05
6.762600e+01	2.755090e+05
6.767700e+01	2.740150e+05
6.772700e+01	2.735030e+05
6.777600e+01	2.737030e+05
6.782700e+01	2.736000e+05
6.787700e+01	2.728240e+05
6.792700e+01	2.718790e+05
6.797700e+01	2.713870e+05
6.802600e+01	2.714800e+05
6.807700e+01	2.721210e+05
6.812800e+01	2.707510e+05
6.817700e+01	2.710400e+05
6.822700e+01	2.697110e+05
6.827700e+01	2.709170e+05
6.832800e+01	2.702920e+05
6.837800e+01	2.713920e+05
6.842800e+01	2.702680e+05
6.847800e+01	2.757840e+05
6.852800e+01	2.788550e+05
6.857800e+01	2.779670e+05
6.862800e+01	2.769470e+05
6.867800e+01	2.757920e+05
6.872800e+01	2.766530e+05
6.877800e+01	2.740130e+05
6.882800e+01	2.750550e+05
6.887800e+01	2.729610e+05
6.892900e+01	2.749010e+05
6.897900e+01	2.730090e+05
6.902900e+01	2.725430e+05
6.907900e+01	2.723840e+05
6.912900e+01	2.726650e+05
6.918000e+01	2.720010e+05
6.922900e+01	2.727860e+05
6.927900e+01	2.718370e+05
6.932900e+01	2.723750e+05
6.938000e+01	2.716620e+05
6.943000e+01	2.715130e+05
6.948000e+01	2.775690e+05
6.953000e+01	2.807060e+05
6.958000e+01	2.794360e+05
6.963000e+01	2.768790e+05
6.968000e+01	2.772730e+05
6.973100e+01	2.759470e+05
6.978000e+01	2.757560e+05
6.983100e+01	2.754460e+05
6.988100e+01	2.752220e+05
6.993100e+01	2.741390e+05
6.998100e+01	2.742660e+05
7.003100e+01	2.736580e+05
7.008100e+01	2.748560e+05
7.013100e+01	2.732440e+05
7.018100e+01	2.736230e+05
7.023100e+01	2.728390e+05
7.028200e+01	2.729100e+05
7.033100e+01	2.738410e+05
7.038100e+01	2.727800e+05
7.043100e+01	2.729090e+05
7.048100e+01	2.775920e+05
7.053200e+01	2.821520e+05
7.058200e+01	2.798610e+05
7.063200e+01	2.791530e+05
7.068200e+01	2.779390e+05
7.073200e+01	2.774460e+05
7.078200e+01	2.767740e+05
7.083200e+01	2.795710e+05
7.088300e+01	2.760030e+05
7.093300e+01	2.760750e+05
7.098200e+01	2.744930e+05
7.103300e+01	2.746200e+05
7.108200e+01	2.758760e+05
7.113200e+01	2.742000e+05
7.118200e+01	2.751580e+05
7.123300e+01	2.736520e+05
7.128400e+01	2.746220e+05
7.133300e+01	2.735870e+05
7.138300e+01	2.735380e+05
7.143300e+01	2.742830e+05
7.148300e+01	2.802130e+05
7.153300e+01	2.822510e+05
7.158300e+01	2.817040e+05
7.163400e+01	2.794810e+05
7.168400e+01	2.792180e+05
7.173400e+01	2.784510e+05
7.178500e+01	2.781130e+05
7.183400e+01	2.762410e+05
7.188400e+01	2.765300e+05
7.193400e+01	2.763970e+05
7.198400e+01	2.764350e+05
7.203400e+01	2.762210e+05
7.208400e+01	2.750750e+05
7.213500e+01	2.757530e+05
7.218500e+01	2.748810e+05
7.223500e+01	2.753660e+05
7.228500e+01	2.753940e+05
7.233500e+01	2.755540e+05
7.238500e+01	2.740580e+05
7.243500e+01	2.748740e+05
7.248500e+01	2.804840e+05
7.253500e+01	2.838210e+05
7.258500e+01	2.819270e+05
7.263500e+01	2.805570e+05
7.268600e+01	2.796140e+05
7.273600e+01	2.794160e+05
7.278600e+01	2.786710e+05
7.283600e+01	2.773260e+05
7.288600e+01	2.779910e+05
7.293600e+01	2.779610e+05
7.298600e+01	2.770800e+05
7.303600e+01	2.761740e+05
7.308700e+01	2.764560e+05
7.313600e+01	2.760620e+05
7.318700e+01	2.760590e+05
7.323800e+01	2.754260e+05
7.328700e+01	2.760090e+05
7.333700e+01	2.750000e+05
7.338700e+01	2.754980e+05
7.343700e+01	2.754140e+05
7.348700e+01	2.820580e+05
7.353800e+01	2.839910e+05
7.358800e+01	2.826730e+05
7.363800e+01	2.812770e+05
7.368800e+01	2.802940e+05
7.373800e+01	2.802470e+05
7.378700e+01	2.789050e+05
7.383800e+01	2.779980e+05
7.388800e+01	2.782530e+05
7.393800e+01	2.773110e+05
7.398800e+01	2.777740e+05
7.403800e+01	2.767470e+05
7.408900e+01	2.770820e+05
7.413900e+01	2.770020e+05
7.418800e+01	2.759030e+05
7.423800e+01	2.766710e+05
7.428900e+01	2.758820e+05
7.433900e+01	2.767080e+05
7.438900e+01	2.758670e+05
7.443900e+01	2.756200e+05
7.448900e+01	2.832640e+05
7.454000e+01	2.838800e+05
7.459000e+01	2.830680e+05
7.464000e+01	2.816970e+05
7.468900e+01	2.801490e+05
7.473900e+01	2.797690e+05
7.479000e+01	2.786590e+05
7.483900e+01	2.787420e+05
7.489000e+01	2.785440e+05
7.494000e+01	2.776030e+05
7.499000e+01	2.780320e+05
7.504100e+01	2.759630e+05
7.509000e+01	2.769930e+05
7.514100e+01	2.766760e+05
7.519000e+01	2.773560e+05
7.524100e+01	2.770160e+05
7.529100e+01	2.757400e+05
7.534100e+01	2.764740e+05
7.539100e+01	2.757660e+05
7.544000e+01	2.765400e+05
7.549200e+01	2.833190e+05
7.554200e+01	2.841610e+05
7.559200e+01	2.823180e+05
7.564100e+01	2.818300e+05
7.569100e+01	2.808860e+05
7.574200e+01	2.808260e+05
7.579200e+01	2.794270e+05
7.584200e+01	2.787390e+05
7.589200e+01	2.780520e+05
7.594200e+01	2.793120e+05
7.599100e+01	2.774380e+05
7.604200e+01	2.785100e+05
7.609200e+01	2.763740e+05
7.614200e+01	2.772440e+05
7.619200e+01	2.766030e+05
7.624300e+01	2.768210e+05
7.629200e+01	2.768610e+05
7.634300e+01	2.765470e+05
7.639300e+01	2.760920e+05
7.644300e+01	2.756590e+05
7.649200e+01	2.836880e+05
7.654300e+01	2.851570e+05
7.659300e+01	2.830440e+05
7.664300e+01	2.814830e+05
7.669400e+01	2.804490e+05
7.674400e+01	2.799650e+05
7.679400e+01	2.800190e+05
7.684400e+01	2.787780e+05
7.689400e+01	2.798950e+05
7.694400e+01	2.774010e+05
7.699400e+01	2.783290e+05
7.704400e+01	2.767300e+05
7.709400e+01	2.781580e+05
7.714400e+01	2.776490e+05
7.719400e+01	2.771010e+05
7.724400e+01	2.768070e+05
7.729400e+01	2.762650e+05
7.734500e+01	2.768730e+05
7.739400e+01	2.765800e+05
7.744400e+01	2.762970e+05
7.749500e+01	2.846430e+05
7.754500e+01	2.845130e+05
7.759500e+01	2.826600e+05
7.764500e+01	2.821780e+05
7.769500e+01	2.811490e+05
7.774500e+01	2.806570e+05
7.779600e+01	2.795320e+05
7.784500e+01	2.798950e+05
7.789500e+01	2.781470e+05
7.794600e+01	2.788920e+05
7.799600e+01	2.783060e+05
7.804500e+01	2.776820e+05
7.809600e+01	2.774090e+05
7.814600e+01	2.771400e+05
7.819600e+01	2.775690e+05
7.824600e+01	2.767280e+05
7.829700e+01	2.775660e+05
7.834700e+01	2.761290e+05
7.839600e+01	2.763180e+05
7.844700e+01	2.760310e+05
7.849700e+01	2.847180e+05
7.854600e+01	2.850640e+05
7.859700e+01	2.827290e+05
7.864700e+01	2.814840e+05
7.869700e+01	2.807050e+05
7.874700e+01	2.802450e+05
7.879700e+01	2.799400e+05
7.884700e+01	2.786910e+05
7.889800e+01	2.787940e+05
7.894700e+01	2.779120e+05
7.899800e+01	2.778840e+05
7.904800e+01	2.773840e+05
7.909800e+01	2.767990e+05
7.914700e+01	2.779470e+05
7.919800e+01	2.762860e+05
7.924800e+01	2.770650e+05
7.929800e+01	2.761740e+05
7.934800e+01	2.765300e+05
7.939900e+01	2.772890e+05
7.944900e+01	2.766050e+05
7.949900e+01	2.843180e+05
7.954800e+01	2.839430e+05
7.959900e+01	2.826040e+05
7.964900e+01	2.815070e+05
7.969900e+01	2.801540e+05
7.974900e+01	2.794110e+05
7.979900e+01	2.790490e+05
7.985000e+01	2.781380e+05
7.990000e+01	2.785600e+05
7.994900e+01	2.776110e+05
7.999900e+01	2.783580e+05
8.004900e+01	2.766790e+05
8.010000e+01	2.770920e+05
8.015100e+01	2.763880e+05
8.020000e+01	2.775490e+05
8.025000e+01	2.765730e+05
8.030000e+01	2.765770e+05
8.035100e+01	2.756930e+05
8.040100e+01	2.750430e+05
8.045100e+01	2.757430e+05
8.050100e+01	2.841590e+05
8.055100e+01	2.838950e+05
8.060100e+01	2.819290e+05
8.065100e+01	2.805930e+05
8.070100e+01	2.792850e+05
8.075100e+01	2.788510e+05
8.080100e+01	2.790260e+05
8.085200e+01	2.788670e+05
8.090100e+01	2.776750e+05
8.095100e+01	2.770810e+05
8.100200e+01	2.763110e+05
8.105200e+01	2.768280e+05
8.110200e+01	2.768690e+05
8.115200e+01	2.761350e+05
8.120200e+01	2.762510e+05
8.125100e+01	2.754470e+05
8.130200e+01	2.758740e+05
8.135200e+01	2.760870e+05
8.140200e+01	2.766220e+05
8.145200e+01	2.760080e+05
8.150300e+01	2.833920e+05
8.155200e+01	2.819120e+05
8.160200e+01	2.820300e+05
8.165300e+01	2.803340e+05
8.170300e+01	2.805980e+05
8.175300e+01	2.779890e+05
8.180200e+01	2.780420e+05
8.185200e+01	2.772680e+05
8.190300e+01	2.775560e+05
8.195300e+01	2.766680e+05
8.200300e+01	2.766060e+05
8.205300e+01	2.758570e+05
8.210300e+01	2.757700e+05
8.215400e+01	2.755820e+05
8.220300e+01	2.761230e+05
8.225300e+01	2.750020e+05
8.230300e+01	2.751430e+05
8.235400e+01	2.754790e+05
8.240400e+01	2.749810e+05
8.245400e+01	2.768990e+05
8.250500e+01	2.822450e+05
8.255500e+01	2.836630e+05
8.260400e+01	2.800910e+05
8.265400e+01	2.790530e+05
8.270500e+01	2.785100e+05
8.275500e+01	2.780370e+05
8.280400e+01	2.777760e+05
8.285500e+01	2.767050e+05
8.290500e+01	2.757490e+05
8.295500e+01	2.765110e+05
8.300500e+01	2.758410e+05
8.305500e+01	2.757780e+05
8.310500e+01	2.751710e+05
8.315600e+01	2.754580e+05
8.320500e+01	2.749720e+05
8.325500e+01	2.738470e+05
8.330500e+01	2.750960e+05
8.335500e+01	2.740320e+05
8.340600e+01	2.752120e+05
8.345600e+01	2.751080e+05
8.350600e+01	2.822240e+05
8.355600e+01	2.803670e+05
8.360600e+01	2.809390e+05
8.365600e+01	2.789290e+05
8.370700e+01	2.782670e+05
8.375700e+01	2.777690e+05
8.380700e+01	2.763300e+05
8.385700e+01	2.761750e+05
8.390700e+01	2.761390e+05
8.395700e+01	2.748680e+05
8.400600e+01	2.761990e+05
8.405700e+01	2.742850e+05
8.410700e+01	2.751250e+05
8.415700e+01	2.745280e+05
8.420700e+01	2.744510e+05
8.425800e+01	2.743910e+05
8.430700e+01	2.733050e+05
8.435800e+01	2.746080e+05
8.440800e+01	2.731600e+05
8.445800e+01	2.757310e+05
8.450800e+01	2.813900e+05
8.455800e+01	2.815340e+05
8.460900e+01	2.789980e+05
8.465800e+01	2.777750e+05
8.470800e+01	2.769750e+05
8.475900e+01	2.773590e+05
8.480800e+01	2.756070e+05
8.485900e+01	2.759120e+05
8.490900e+01	2.749060e+05
8.495800e+01	2.774810e+05
8.500900e+01	2.748770e+05
8.505900e+01	2.746160e+05
8.510900e+01	2.747140e+05
8.515900e+01	2.729850e+05
8.520900e+01	2.739300e+05
8.525900e+01	2.716490e+05
8.530900e+01	2.739970e+05
8.535900e+01	2.729830e+05
8.540900e+01	2.739440e+05
8.546000e+01	2.742900e+05
8.551000e+01	2.806150e+05
8.556000e+01	2.794320e+05
8.561000e+01	2.811210e+05
8.566000e+01	2.768840e+05
8.571000e+01	2.768040e+05
8.576000e+01	2.752750e+05
8.581000e+01	2.754280e+05
8.586000e+01	2.743830e+05
8.591000e+01	2.736350e+05
8.596000e+01	2.743660e+05
8.601100e+01	2.733780e+05
8.606100e+01	2.731030e+05
8.611100e+01	2.726240e+05
8.616100e+01	2.734390e+05
8.621100e+01	2.726180e+05
8.626100e+01	2.721970e+05
8.631100e+01	2.717320e+05
8.636100e+01	2.724040e+05
8.641100e+01	2.722080e+05
8.646200e+01	2.740630e+05
8.651200e+01	2.803800e+05
8.656200e+01	2.777370e+05
8.661200e+01	2.774390e+05
8.666200e+01	2.758930e+05
8.671100e+01	2.754600e+05
8.676200e+01	2.745550e+05
8.681200e+01	2.737580e+05
8.686200e+01	2.729730e+05
8.691300e+01	2.728720e+05
8.696300e+01	2.718390e+05
8.701300e+01	2.728940e+05
8.706300e+01	2.714630e+05
8.711300e+01	2.721020e+05
8.716300e+01	2.714780e+05
8.721300e+01	2.717840e+05
8.726300e+01	2.715410e+05
8.731400e+01	2.715600e+05
8.736300e+01	2.712020e+05
8.741300e+01	2.707360e+05
8.746400e+01	2.726080e+05
8.751400e+01	2.778810e+05
8.756300e+01	2.779810e+05
8.761300e+01	2.753310e+05
8.766400e+01	2.742290e+05
8.771400e+01	2.731700e+05
8.776400e+01	2.737250e+05
8.781400e+01	2.723400e+05
8.786400e+01	2.730610e+05
8.791400e+01	2.704670e+05
8.796400e+01	2.715640e+05
8.801400e+01	2.708140e+05
8.806500e+01	2.710380e+05
8.811400e+01	2.708870e+05
8.816500e+01	2.703840e+05
8.821500e+01	2.709790e+05
8.826500e+01	2.694870e+05
8.831500e+01	2.695210e+05
8.836500e+01	2.700320e+05
8.841500e+01	2.704770e+05
8.846500e+01	2.720480e+05
8.851600e+01	2.771930e+05
8.856500e+01	2.747710e+05
8.861500e+01	2.745010e+05
8.866500e+01	2.725310e+05
8.871500e+01	2.736260e+05
8.876600e+01	2.727020e+05
8.881600e+01	2.713740e+05
8.886600e+01	2.705000e+05
8.891600e+01	2.703340e+05
8.896700e+01	2.707950e+05
8.901600e+01	2.698070e+05
8.906600e+01	2.697770e+05
8.911600e+01	2.692910e+05
8.916700e+01	2.694500e+05
8.921700e+01	2.696310e+05
8.926700e+01	2.691130e+05
8.931700e+01	2.685550e+05
8.936700e+01	2.682610e+05
8.941700e+01	2.681560e+05
8.946700e+01	2.711720e+05
8.951700e+01	2.757560e+05
8.956700e+01	2.755920e+05
8.961700e+01	2.724380e+05
8.966700e+01	2.724360e+05
8.971700e+01	2.703360e+05
8.976800e+01	2.712620e+05
8.981800e+01	2.704750e+05
8.986900e+01	2.696300e+05
8.991800e+01	2.696400e+05
8.996800e+01	2.684160e+05
9.001900e+01	2.692580e+05
9.006800e+01	2.687240e+05
9.011800e+01	2.691090e+05
9.016800e+01	2.688100e+05
9.021900e+01	2.674690e+05
9.026900e+01	2.673340e+05
9.031900e+01	2.675800e+05
9.036900e+01	2.680340e+05
9.041900e+01	2.686470e+05
9.047000e+01	2.689800e+05
9.052000e+01	2.741080e+05
9.057000e+01	2.727050e+05
9.061900e+01	2.722710e+05
9.066900e+01	2.713700e+05
9.072000e+01	2.702090e+05
9.076900e+01	2.695380e+05
9.082000e+01	2.681280e+05
9.087000e+01	2.679370e+05
9.092000e+01	2.677240e+05
9.097000e+01	2.684110e+05
9.102000e+01	2.675620e+05
9.107000e+01	2.668600e+05
9.112100e+01	2.653300e+05
9.117000e+01	2.671680e+05
9.122100e+01	2.662080e+05
9.127000e+01	2.673090e+05
9.132000e+01	2.662320e+05
9.137100e+01	2.663330e+05
9.142100e+01	2.654190e+05
9.147000e+01	2.685300e+05
9.152100e+01	2.730610e+05
9.157200e+01	2.717000e+05
9.162100e+01	2.699810e+05
9.167200e+01	2.685990e+05
9.172100e+01	2.685160e+05
9.177100e+01	2.669920e+05
9.182100e+01	2.679400e+05
9.187200e+01	2.666980e+05
9.192200e+01	2.672530e+05
9.197200e+01	2.654620e+05
9.202200e+01	2.657950e+05
9.207200e+01	2.656050e+05
9.212200e+01	2.650770e+05
9.217300e+01	2.649860e+05
9.222200e+01	2.649970e+05
9.227200e+01	2.638030e+05
9.232200e+01	2.650700e+05
9.237200e+01	2.639910e+05
9.242300e+01	2.648710e+05
9.247300e+01	2.667330e+05
9.252300e+01	2.707450e+05
9.257300e+01	2.695570e+05
9.262300e+01	2.678570e+05
9.267300e+01	2.685660e+05
9.272300e+01	2.655870e+05
9.277300e+01	2.665040e+05
9.282400e+01	2.651670e+05
9.287400e+01	2.649620e+05
9.292400e+01	2.648170e+05
9.297300e+01	2.641120e+05
9.302400e+01	2.640260e+05
9.307400e+01	2.633360e+05
9.312400e+01	2.627590e+05
9.317400e+01	2.638900e+05
9.322400e+01	2.630050e+05
9.327400e+01	2.632360e+05
9.332500e+01	2.618510e+05
9.337500e+01	2.629240e+05
9.342400e+01	2.615850e+05
9.347500e+01	2.656210e+05
9.352500e+01	2.684870e+05
9.357500e+01	2.680520e+05
9.362500e+01	2.663220e+05
9.367500e+01	2.653360e+05
9.372600e+01	2.641190e+05
9.377600e+01	2.641070e+05
9.382500e+01	2.634290e+05
9.387500e+01	2.630060e+05
9.392500e+01	2.624310e+05
9.397500e+01	2.620130e+05
9.402600e+01	2.620140e+05
9.407600e+01	2.607230e+05
9.412500e+01	2.617320e+05
9.417700e+01	2.617100e+05
9.422600e+01	2.605380e+05
9.427600e+01	2.609130e+05
9.432600e+01	2.605410e+05
9.437700e+01	2.608310e+05
9.442600e+01	2.606780e+05
9.447700e+01	2.635690e+05
9.452700e+01	2.670550e+05
9.457700e+01	2.657070e+05
9.462700e+01	2.645040e+05
9.467700e+01	2.630040e+05
9.472700e+01	2.623060e+05
9.477700e+01	2.620570e+05
9.482700e+01	2.618030e+05
9.487700e+01	2.616470e+05
9.492700e+01	2.608610e+05
9.497800e+01	2.601700e+05
9.502800e+01	2.603070e+05
9.507800e+01	2.590390e+05
9.512800e+01	2.600320e+05
9.517800e+01	2.589870e+05
9.522800e+01	2.600910e+05
9.527900e+01	2.583000e+05
9.532900e+01	2.589990e+05
9.537900e+01	2.582950e+05
9.542800e+01	2.586980e+05
9.547800e+01	2.625080e+05
9.552900e+01	2.655450e+05
9.557800e+01	2.629570e+05
9.562900e+01	2.626070e+05
9.567900e+01	2.610420e+05
9.572900e+01	2.607350e+05
9.577900e+01	2.606050e+05
9.582900e+01	2.593760e+05
9.587900e+01	2.600480e+05
9.593000e+01	2.581600e+05
9.597900e+01	2.589280e+05
9.603000e+01	2.579440e+05
9.608000e+01	2.587470e+05
9.613000e+01	2.577270e+05
9.617900e+01	2.579470e+05
9.623000e+01	2.574420e+05
9.628000e+01	2.574040e+05
9.633000e+01	2.563870e+05
9.638000e+01	2.571620e+05
9.643000e+01	2.565110e+05
9.648000e+01	2.606720e+05
9.653000e+01	2.635570e+05
9.658000e+01	2.617680e+05
9.663000e+01	2.615900e+05
9.668000e+01	2.589610e+05
9.673100e+01	2.594050e+05
9.678100e+01	2.580390e+05
9.683100e+01	2.587750e+05
9.688100e+01	2.576870e+05
9.693100e+01	2.572000e+05
9.698100e+01	2.567420e+05
9.703100e+01	2.568380e+05
9.708100e+01	2.561950e+05
9.713200e+01	2.569240e+05
9.718200e+01	2.557230e+05
9.723100e+01	2.565090e+05
9.728100e+01	2.548360e+05
9.733200e+01	2.558330e+05
9.738200e+01	2.549880e+05
9.743200e+01	2.558860e+05
9.748200e+01	2.591190e+05
9.753200e+01	2.611440e+05
9.758300e+01	2.595490e+05
9.763300e+01	2.582060e+05
9.768300e+01	2.580120e+05
9.773300e+01	2.570660e+05
9.778300e+01	2.570490e+05
9.783300e+01	2.558310e+05
9.788300e+01	2.561820e+05
9.793200e+01	2.546370e+05
9.798300e+01	2.559130e+05
9.803200e+01	2.545320e+05
9.808300e+01	2.545210e+05
9.813400e+01	2.536200e+05
9.818300e+01	2.541170e+05
9.823300e+01	2.539750e+05
9.828300e+01	2.542920e+05
9.833400e+01	2.532890e+05
9.838400e+01	2.539830e+05
9.843400e+01	2.537130e+05
9.848400e+01	2.567680e+05
9.853400e+01	2.602080e+05
9.858400e+01	2.583260e+05
9.863400e+01	2.577190e+05
9.868400e+01	2.558490e+05
9.873400e+01	2.590140e+05
9.878400e+01	2.555410e+05
9.883500e+01	2.550180e+05
9.888500e+01	2.540330e+05
9.893500e+01	2.541090e+05
9.898600e+01	2.526950e+05
9.903500e+01	2.534460e+05
9.908500e+01	2.526090e+05
9.913500e+01	2.533030e+05
9.918500e+01	2.527390e+05
9.923500e+01	2.524960e+05
9.928500e+01	2.523880e+05
9.933500e+01	2.521950e+05
9.938600e+01	2.524220e+05
9.943600e+01	2.524390e+05
9.948600e+01	2.561390e+05
9.953600e+01	2.577200e+05
9.958700e+01	2.574330e+05
9.963600e+01	2.552270e+05
9.968600e+01	2.552550e+05
9.973600e+01	2.542900e+05
9.978700e+01	2.543450e+05
9.983700e+01	2.528590e+05
9.988700e+01	2.526110e+05
9.993700e+01	2.518690e+05
9.998700e+01	2.527700e+05
1.000370e+02	2.519590e+05
1.000870e+02	2.513200e+05
1.001370e+02	2.510190e+05
1.001870e+02	2.513010e+05
1.002380e+02	2.514930e+05
1.002870e+02	2.511140e+05
1.003370e+02	2.507540e+05
1.003870e+02	2.499270e+05
1.004380e+02	2.507500e+05
1.004880e+02	2.545400e+05
1.005380e+02	2.571700e+05
1.005880e+02	2.558110e+05
1.006380e+02	2.542840e+05
1.006890e+02	2.527450e+05
1.007400e+02	2.546460e+05
1.007890e+02	2.518170e+05
1.008390e+02	2.522720e+05
1.008880e+02	2.519300e+05
1.009390e+02	2.506140e+05
1.009890e+02	2.514420e+05
1.010390e+02	2.500770e+05
1.010890e+02	2.501400e+05
1.011400e+02	2.496790e+05
1.011890e+02	2.499560e+05
1.012390e+02	2.500370e+05
1.012900e+02	2.496980e+05
1.013390e+02	2.489800e+05
1.013890e+02	2.496380e+05
1.014400e+02	2.492270e+05
1.014900e+02	2.533330e+05
1.015400e+02	2.550620e+05
1.015900e+02	2.536610e+05
1.016400e+02	2.530080e+05
1.016900e+02	2.524320e+05
1.017410e+02	2.516290e+05
1.017900e+02	2.510140e+05
1.018410e+02	2.506800e+05
1.018910e+02	2.497280e+05
1.019400e+02	2.499350e+05
1.019910e+02	2.493280e+05
1.020400e+02	2.489620e+05
1.020910e+02	2.495700e+05
1.021410e+02	2.482530e+05
1.021910e+02	2.484530e+05
1.022410e+02	2.490050e+05
1.022910e+02	2.484730e+05
1.023410e+02	2.484650e+05
1.023910e+02	2.484770e+05
1.024420e+02	2.482570e+05
1.024920e+02	2.527390e+05
1.025420e+02	2.540810e+05
1.025920e+02	2.530990e+05
1.026420e+02	2.521960e+05
1.026920e+02	2.508190e+05
1.027410e+02	2.494740e+05
1.027910e+02	2.502540e+05
1.028420e+02	2.493610e+05
1.028920e+02	2.490930e+05
1.029420e+02	2.481120e+05
1.029930e+02	2.475250e+05
1.030430e+02	2.480290e+05
1.030930e+02	2.477570e+05
1.031430e+02	2.475600e+05
1.031920e+02	2.473770e+05
1.032430e+02	2.469580e+05
1.032940e+02	2.473560e+05
1.033430e+02	2.469700e+05
1.033930e+02	2.467960e+05
1.034430e+02	2.468980e+05
1.034940e+02	2.520690e+05
1.035440e+02	2.524380e+05
1.035930e+02	2.508870e+05
1.036440e+02	2.511490e+05
1.036940e+02	2.498050e+05
1.037440e+02	2.490740e+05
1.037930e+02	2.484070e+05
1.038440e+02	2.476980e+05
1.038940e+02	2.478240e+05
1.039440e+02	2.476070e+05
1.039940e+02	2.471500e+05
1.040450e+02	2.467460e+05
1.040950e+02	2.461710e+05
1.041440e+02	2.461940e+05
1.041940e+02	2.461860e+05
1.042450e+02	2.462920e+05
1.042950e+02	2.462780e+05
1.043450e+02	2.455830e+05
1.043960e+02	2.461020e+05
1.044450e+02	2.456410e+05
1.044960e+02	2.520270e+05
1.045450e+02	2.518440e+05
1.045950e+02	2.509090e+05
1.046450e+02	2.483380e+05
1.046960e+02	2.490520e+05
1.047460e+02	2.479470e+05
1.047960e+02	2.480200e+05
1.048470e+02	2.473980e+05
1.048970e+02	2.466710e+05
1.049460e+02	2.465070e+05
1.049970e+02	2.461380e+05
1.050460e+02	2.460160e+05
1.050970e+02	2.460480e+05
1.051460e+02	2.453800e+05
1.051960e+02	2.454150e+05
1.052470e+02	2.454250e+05
1.052960e+02	2.452570e+05
1.053460e+02	2.461160e+05
1.053970e+02	2.450580e+05
1.054470e+02	2.456200e+05
1.054970e+02	2.506740e+05
1.055470e+02	2.512700e+05
1.055970e+02	2.501140e+05
1.056470e+02	2.496280e+05
1.056970e+02	2.480140e+05
1.057480e+02	2.483140e+05
1.057970e+02	2.472680e+05
1.058480e+02	2.470920e+05
1.058980e+02	2.462530e+05
1.059480e+02	2.465930e+05
1.059980e+02	2.457060e+05
1.060480e+02	2.455620e+05
1.060980e+02	2.452320e+05
1.061480e+02	2.444550e+05
1.061980e+02	2.458990e+05
1.062490e+02	2.447190e+05
1.062980e+02	2.458400e+05
1.063490e+02	2.439950e+05
1.063990e+02	2.451230e+05
1.064490e+02	2.451810e+05
1.064990e+02	2.509790e+05
1.065490e+02	2.509580e+05
1.065990e+02	2.500640e+05
1.066490e+02	2.484480e+05
1.066990e+02	2.484870e+05
1.067490e+02	2.477430e+05
1.067990e+02	2.476160e+05
1.068490e+02	2.469530e+05
1.069000e+02	2.458600e+05
1.069500e+02	2.451630e+05
1.070000e+02	2.456900e+05
1.070510e+02	2.459850e+05
1.071000e+02	2.457460e+05
1.071500e+02	2.451820e+05
1.072000e+02	2.446460e+05
1.072510e+02	2.449120e+05
1.073010e+02	2.445860e+05
1.073510e+02	2.450300e+05
1.074010e+02	2.445070e+05
1.074510e+02	2.449210e+05
1.075010e+02	2.505690e+05
1.075510e+02	2.508960e+05
1.076010e+02	2.500880e+05
1.076510e+02	2.491640e+05
1.077020e+02	2.480420e+05
1.077510e+02	2.468550e+05
1.078010e+02	2.467770e+05
1.078510e+02	2.463950e+05
1.079010e+02	2.470570e+05
1.079520e+02	2.454710e+05
1.080020e+02	2.460530e+05
1.080520e+02	2.481330e+05
1.081030e+02	2.461870e+05
1.081520e+02	2.455190e+05
1.082020e+02	2.457300e+05
1.082520e+02	2.461060e+05
1.083030e+02	2.446340e+05
1.083520e+02	2.442460e+05
1.084030e+02	2.444320e+05
1.084520e+02	2.444490e+05
1.085030e+02	2.513930e+05
1.085530e+02	2.507010e+05
1.086030e+02	2.494220e+05
1.086530e+02	2.487680e+05
1.087030e+02	2.470230e+05
1.087530e+02	2.478620e+05
1.088030e+02	2.460240e+05
1.088530e+02	2.466940e+05
1.089030e+02	2.460860e+05
1.089540e+02	2.457060e+05
1.090040e+02	2.454040e+05
1.090530e+02	2.464430e+05
1.091040e+02	2.450390e+05
1.091540e+02	2.454130e+05
1.092040e+02	2.441670e+05
1.092540e+02	2.451440e+05
1.093040e+02	2.441980e+05
1.093550e+02	2.445620e+05
1.094050e+02	2.451430e+05
1.094550e+02	2.450600e+05
1.095040e+02	2.523600e+05
1.095550e+02	2.500320e+05
1.096050e+02	2.505490e+05
1.096550e+02	2.483320e+05
1.097050e+02	2.486400e+05
1.097550e+02	2.473320e+05
1.098050e+02	2.473780e+05
1.098560e+02	2.470540e+05
1.099060e+02	2.468920e+05
1.099550e+02	2.456060e+05
1.100050e+02	2.463140e+05
1.100560e+02	2.454720e+05
1.101060e+02	2.457760e+05
1.101560e+02	2.453210e+05
1.102060e+02	2.448590e+05
1.102560e+02	2.456140e+05
1.103060e+02	2.446550e+05
1.103560e+02	2.456450e+05
1.104070e+02	2.443910e+05
1.104570e+02	2.466360e+05
1.105070e+02	2.511420e+05
1.105560e+02	2.518480e+05
1.106070e+02	2.497120e+05
1.106570e+02	2.502260e+05
1.107070e+02	2.479960e+05
1.107570e+02	2.484300e+05
1.108070e+02	2.469970e+05
1.108570e+02	2.470910e+05
1.109070e+02	2.472030e+05
1.109570e+02	2.469890e+05
1.110080e+02	2.465210e+05
1.110580e+02	2.458760e+05
1.111080e+02	2.466080e+05
1.111580e+02	2.454770e+05
1.112080e+02	2.461920e+05
1.112580e+02	2.452460e+05
1.113080e+02	2.466010e+05
1.113590e+02	2.448730e+05
1.114080e+02	2.456610e+05
1.114580e+02	2.456500e+05
1.115090e+02	2.533500e+05
1.115590e+02	2.515600e+05
1.116080e+02	2.515720e+05
1.116590e+02	2.497980e+05
1.117100e+02	2.496770e+05
1.117590e+02	2.482730e+05
1.118100e+02	2.486570e+05
1.118590e+02	2.484320e+05
1.119090e+02	2.478380e+05
1.119590e+02	2.474210e+05
1.120100e+02	2.465120e+05
1.120590e+02	2.471290e+05
1.121090e+02	2.467150e+05
1.121590e+02	2.478020e+05
1.122100e+02	2.459500e+05
1.122600e+02	2.470630e+05
1.123100e+02	2.458850e+05
1.123600e+02	2.466340e+05
1.124100e+02	2.458220e+05
1.124600e+02	2.479090e+05
1.125100e+02	2.527110e+05
1.125600e+02	2.532160e+05
1.126100e+02	2.515230e+05
1.126610e+02	2.516730e+05
1.127110e+02	2.493960e+05
1.127610e+02	2.502190e+05
1.128110e+02	2.484900e+05
1.128610e+02	2.492250e+05
1.129110e+02	2.479250e+05
1.129610e+02	2.492570e+05
1.130110e+02	2.481650e+05
1.130610e+02	2.481390e+05
1.131110e+02	2.481080e+05
1.131610e+02	2.468630e+05
1.132120e+02	2.475560e+05
1.132620e+02	2.471240e+05
1.133120e+02	2.476860e+05
1.133620e+02	2.465600e+05
1.134120e+02	2.474330e+05
1.134620e+02	2.480870e+05
1.135130e+02	2.554490e+05
1.135620e+02	2.541050e+05
1.136120e+02	2.531010e+05
1.136630e+02	2.518520e+05
1.137120e+02	2.512890e+05
1.137620e+02	2.504410e+05
1.138130e+02	2.502640e+05
1.138620e+02	2.496540e+05
1.139130e+02	2.501240e+05
1.139630e+02	2.493050e+05
1.140130e+02	2.497900e+05
1.140630e+02	2.489800e+05
1.141130e+02	2.485760e+05
1.141630e+02	2.484030e+05
1.142140e+02	2.477170e+05
1.142640e+02	2.488520e+05
1.143130e+02	2.481490e+05
1.143640e+02	2.482750e+05
1.144130e+02	2.477630e+05
1.144640e+02	2.505910e+05
1.145150e+02	2.555120e+05
1.145650e+02	2.547480e+05
1.146140e+02	2.542900e+05
1.146640e+02	2.537120e+05
1.147150e+02	2.517850e+05
1.147650e+02	2.546330e+05
1.148150e+02	2.514460e+05
1.148650e+02	2.520740e+05
1.149150e+02	2.504220e+05
1.149650e+02	2.501270e+05
1.150150e+02	2.498110e+05
1.150650e+02	2.495450e+05
1.151150e+02	2.493710e+05
1.151650e+02	2.490750e+05
1.152160e+02	2.496970e+05
1.152660e+02	2.498180e+05
1.153160e+02	2.495900e+05
1.153650e+02	2.487580e+05
1.154150e+02	2.489980e+05
1.154660e+02	2.507610e+05
1.155160e+02	2.568940e+05
1.155660e+02	2.562740e+05
1.156160e+02	2.547730e+05
1.156660e+02	2.541510e+05
1.157160e+02	2.533460e+05
1.157660e+02	2.526660e+05
1.158160e+02	2.524300e+05
1.158670e+02	2.524260e+05
1.159160e+02	2.514430e+05
1.159660e+02	2.516200e+05
1.160170e+02	2.512830e+05
1.160670e+02	2.511380e+05
1.161170e+02	2.507030e+05
1.161670e+02	2.502310e+05
1.162180e+02	2.505890e+05
1.162670e+02	2.505830e+05
1.163170e+02	2.503140e+05
1.163670e+02	2.504340e+05
1.164170e+02	2.501700e+05
1.164680e+02	2.523870e+05
1.165180e+02	2.587370e+05
1.165680e+02	2.571360e+05
1.166180e+02	2.566300e+05
1.166680e+02	2.553840e+05
1.167180e+02	2.548690e+05
1.167680e+02	2.533880e+05
1.168190e+02	2.534520e+05
1.168690e+02	2.538250e+05
1.169180e+02	2.530220e+05
1.169680e+02	2.530900e+05
1.170190e+02	2.510320e+05
1.170690e+02	2.522790e+05
1.171190e+02	2.515740e+05
1.171680e+02	2.530610e+05
1.172190e+02	2.515920e+05
1.172690e+02	2.518210e+05
1.173190e+02	2.509040e+05
1.173700e+02	2.511440e+05
1.174200e+02	2.512130e+05
1.174690e+02	2.549700e+05
1.175190e+02	2.599190e+05
1.175700e+02	2.583540e+05
1.176200e+02	2.564400e+05
1.176690e+02	2.563450e+05
1.177210e+02	2.562910e+05
1.177700e+02	2.555220e+05
1.178200e+02	2.552400e+05
1.178700e+02	2.545130e+05
1.179200e+02	2.544550e+05
1.179700e+02	2.524530e+05
1.180200e+02	2.542280e+05
1.180700e+02	2.531520e+05
1.181210e+02	2.536850e+05
1.181710e+02	2.524560e+05
1.182210e+02	2.525430e+05
1.182710e+02	2.527450e+05
1.183210e+02	2.530930e+05
1.183710e+02	2.525730e+05
1.184210e+02	2.527730e+05
1.184720e+02	2.552680e+05
1.185220e+02	2.610150e+05
1.185720e+02	2.598980e+05
1.186220e+02	2.590280e+05
1.186710e+02	2.583010e+05
1.187220e+02	2.569640e+05
1.187720e+02	2.563840e+05
1.188230e+02	2.555130e+05
1.188720e+02	2.562090e+05
1.189230e+02	2.547060e+05
1.189730e+02	2.556410e+05
1.190220e+02	2.551820e+05
1.190720e+02	2.553700e+05
1.191230e+02	2.548210e+05
1.191730e+02	2.543980e+05
1.192230e+02	2.538010e+05
1.192730e+02	2.539100e+05
1.193230e+02	2.539220e+05
1.193730e+02	2.542040e+05
1.194240e+02	2.541320e+05
1.194740e+02	2.573890e+05
1.195230e+02	2.624660e+05
1.195740e+02	2.613160e+05
1.196240e+02	2.602310e+05
1.196730e+02	2.591180e+05
1.197240e+02	2.586650e+05
1.197740e+02	2.579410e+05
1.198240e+02	2.582500e+05
1.198740e+02	2.564850e+05
1.199240e+02	2.576460e+05
1.199740e+02	2.563220e+05
1.200240e+02	2.567170e+05
1.200750e+02	2.563820e+05
1.201290e+02	2.566220e+05
1.201750e+02	2.553600e+05
1.202250e+02	2.555810e+05
1.202740e+02	2.558790e+05
1.203260e+02	2.558760e+05
1.203750e+02	2.576890e+05
1.204250e+02	2.556030e+05
1.204750e+02	2.598910e+05
1.205260e+02	2.635130e+05
1.205760e+02	2.627580e+05
1.206260e+02	2.612540e+05
1.206760e+02	2.610310e+05
1.207250e+02	2.597890e+05
1.207750e+02	2.594960e+05
1.208250e+02	2.588080e+05
1.208750e+02	2.593480e+05
1.209260e+02	2.583110e+05
1.209760e+02	2.580520e+05
1.210270e+02	2.569380e+05
1.210770e+02	2.579380e+05
1.211260e+02	2.569680e+05
1.211770e+02	2.577400e+05
1.212270e+02	2.568160e+05
1.212760e+02	2.570830e+05
1.213260e+02	2.566530e+05
1.213770e+02	2.563940e+05
1.214270e+02	2.574970e+05
1.214770e+02	2.611950e+05
1.215280e+02	2.657170e+05
1.215770e+02	2.630950e+05
1.216270e+02	2.627410e+05
1.216770e+02	2.628030e+05
1.217270e+02	2.617580e+05
1.217770e+02	2.608480e+05
1.218270e+02	2.605380e+05
1.218770e+02	2.604150e+05
1.219280e+02	2.593180e+05
1.219780e+02	2.595240e+05
1.220280e+02	2.594250e+05
1.220780e+02	2.598340e+05
1.221290e+02	2.589460e+05
1.221790e+02	2.582910e+05
1.222290e+02	2.584750e+05
1.222780e+02	2.592690e+05
1.223280e+02	2.581960e+05
1.223780e+02	2.590660e+05
1.224290e+02	2.579720e+05
1.224790e+02	2.634110e+05
1.225290e+02	2.669860e+05
1.225790e+02	2.661110e+05
1.226290e+02	2.646780e+05
1.226790e+02	2.634910e+05
1.227290e+02	2.635090e+05
1.227800e+02	2.626440e+05
1.228290e+02	2.620990e+05
1.228790e+02	2.625610e+05
1.229300e+02	2.611830e+05
1.229790e+02	2.607920e+05
1.230300e+02	2.602570e+05
1.230810e+02	2.611500e+05
1.231300e+02	2.612090e+05
1.231800e+02	2.606260e+05
1.232310e+02	2.607620e+05
1.232800e+02	2.595760e+05
1.233310e+02	2.610060e+05
1.233800e+02	2.594460e+05
1.234300e+02	2.606410e+05
1.234800e+02	2.653200e+05
1.235310e+02	2.686240e+05
1.235800e+02	2.669590e+05
1.236310e+02	2.659510e+05
1.236810e+02	2.655020e+05
1.237310e+02	2.654380e+05
1.237810e+02	2.640670e+05
1.238310e+02	2.638850e+05
1.238810e+02	2.625330e+05
1.239320e+02	2.631300e+05
1.239810e+02	2.626740e+05
1.240320e+02	2.621930e+05
1.240820e+02	2.633650e+05
1.241320e+02	2.620480e+05
1.241820e+02	2.619930e+05
1.242330e+02	2.615970e+05
1.242820e+02	2.622470e+05
1.243330e+02	2.619720e+05
1.243830e+02	2.619490e+05
1.244330e+02	2.613030e+05
1.244830e+02	2.668970e+05
1.245330e+02	2.701070e+05
1.245830e+02	2.696800e+05
1.246330e+02	2.675160e+05
1.246830e+02	2.669860e+05
1.247330e+02	2.660580e+05
1.247830e+02	2.660480e+05
1.248330e+02	2.648620e+05
1.248840e+02	2.654350e+05
1.249340e+02	2.647980e+05
1.249840e+02	2.643530e+05
1.250340e+02	2.644230e+05
1.250830e+02	2.642440e+05
1.251340e+02	2.640870e+05
1.251840e+02	2.638360e+05
1.252340e+02	2.633100e+05
1.252840e+02	2.630420e+05
1.253340e+02	2.635440e+05
1.253840e+02	2.633550e+05
1.254340e+02	2.630890e+05
1.254840e+02	2.692450e+05
1.255340e+02	2.713120e+05
1.255850e+02	2.696910e+05
1.256350e+02	2.698400e+05
1.256840e+02	2.686580e+05
1.257350e+02	2.688870e+05
1.257850e+02	2.677540e+05
1.258360e+02	2.665160e+05
1.258850e+02	2.660780e+05
1.259350e+02	2.657930e+05
1.259860e+02	2.656890e+05
1.260360e+02	2.650620e+05
1.260850e+02	2.655900e+05
1.261350e+02	2.647230e+05
1.261850e+02	2.651980e+05
1.262360e+02	2.649200e+05
1.262860e+02	2.648330e+05
1.263370e+02	2.649440e+05
1.263860e+02	2.640390e+05
1.264360e+02	2.642810e+05
1.264860e+02	2.699310e+05
1.265360e+02	2.731150e+05
1.265860e+02	2.711550e+05
1.266370e+02	2.706210e+05
1.266870e+02	2.697550e+05
1.267370e+02	2.710610e+05
1.267870e+02	2.686110e+05
1.268380e+02	2.692170e+05
1.268880e+02	2.676840e+05
1.269370e+02	2.675100e+05
1.269870e+02	2.674850e+05
1.270380e+02	2.666540e+05
1.270880e+02	2.674380e+05
1.271380e+02	2.668540e+05
1.271880e+02	2.669710e+05
1.272380e+02	2.657150e+05
1.272880e+02	2.668270e+05
1.273380e+02	2.655900e+05
1.273880e+02	2.666790e+05
1.274380e+02	2.660050e+05
1.274890e+02	2.721300e+05
1.275390e+02	2.738240e+05
1.275880e+02	2.729350e+05
1.276380e+02	2.716020e+05
1.276890e+02	2.719860e+05
1.277390e+02	2.707890e+05
1.277890e+02	2.702930e+05
1.278390e+02	2.692710e+05
1.278890e+02	2.689870e+05
1.279390e+02	2.700790e+05
1.279890e+02	2.687540e+05
1.280390e+02	2.695960e+05
1.280890e+02	2.680400e+05
1.281390e+02	2.684980e+05
1.281890e+02	2.676290e+05
1.282400e+02	2.683630e+05
1.282900e+02	2.686760e+05
1.283400e+02	2.682400e+05
1.283900e+02	2.666280e+05
1.284400e+02	2.682420e+05
1.284910e+02	2.738660e+05
1.285400e+02	2.770370e+05
1.285900e+02	2.741810e+05
1.286410e+02	2.734780e+05
1.286910e+02	2.723020e+05
1.287400e+02	2.722280e+05
1.287900e+02	2.713770e+05
1.288420e+02	2.709480e+05
1.288910e+02	2.729060e+05
1.289410e+02	2.714070e+05
1.289910e+02	2.701120e+05
1.290410e+02	2.703400e+05
1.290910e+02	2.700090e+05
1.291410e+02	2.691710e+05
1.291910e+02	2.698810e+05
1.292410e+02	2.690020e+05
1.292920e+02	2.700850e+05
1.293420e+02	2.689920e+05
1.293910e+02	2.697160e+05
1.294420e+02	2.687670e+05
1.294920e+02	2.762980e+05
1.295420e+02	2.771630e+05
1.295920e+02	2.766060e+05
1.296430e+02	2.752810e+05
1.296920e+02	2.747350e+05
1.297430e+02	2.737850e+05
1.297920e+02	2.732880e+05
1.298420e+02	2.726200e+05
1.298930e+02	2.726840e+05
1.299430e+02	2.722830e+05
1.299930e+02	2.715450e+05
1.300430e+02	2.714510e+05
1.300930e+02	2.717950e+05
1.301430e+02	2.716190e+05
1.301930e+02	2.703850e+05
1.302430e+02	2.713990e+05
1.302940e+02	2.709640e+05
1.303440e+02	2.704940e+05
1.303940e+02	2.708670e+05
1.304440e+02	2.708950e+05
1.304940e+02	2.787950e+05
1.305440e+02	2.787310e+05
1.305940e+02	2.782170e+05
1.306440e+02	2.765900e+05
1.306940e+02	2.768390e+05
1.307440e+02	2.756740e+05
1.307940e+02	2.753380e+05
1.308450e+02	2.738150e+05
1.308950e+02	2.744530e+05
1.309450e+02	2.738190e+05
1.309950e+02	2.742610e+05
1.310450e+02	2.728360e+05
1.310950e+02	2.735810e+05
1.311450e+02	2.724780e+05
1.311950e+02	2.727620e+05
1.312450e+02	2.726720e+05
1.312950e+02	2.724660e+05
1.313460e+02	2.735510e+05
1.313960e+02	2.711690e+05
1.314450e+02	2.722850e+05
1.314960e+02	2.795840e+05
1.315450e+02	2.822280e+05
1.315970e+02	2.794780e+05
1.316460e+02	2.793760e+05
1.316970e+02	2.796670e+05
1.317460e+02	2.775540e+05
1.317960e+02	2.759800e+05
1.318460e+02	2.774390e+05
1.318970e+02	2.755970e+05
1.319470e+02	2.762290e+05
1.319970e+02	2.744620e+05
1.320470e+02	2.746380e+05
1.320960e+02	2.741680e+05
1.321470e+02	2.746290e+05
1.321960e+02	2.749780e+05
1.322470e+02	2.741050e+05
1.322970e+02	2.739350e+05
1.323470e+02	2.736490e+05
1.323980e+02	2.731540e+05
1.324480e+02	2.748540e+05
1.324970e+02	2.823820e+05
1.325480e+02	2.818020e+05
1.325980e+02	2.803510e+05
1.326480e+02	2.787070e+05
1.326980e+02	2.796840e+05
1.327480e+02	2.779440e+05
1.327980e+02	2.771390e+05
1.328480e+02	2.763500e+05
1.328980e+02	2.765830e+05
1.329490e+02	2.758840e+05
1.329990e+02	2.758110e+05
1.330490e+02	2.757910e+05
1.330990e+02	2.758990e+05
1.331490e+02	2.764050e+05
1.331990e+02	2.751880e+05
1.332490e+02	2.754750e+05
1.332990e+02	2.746810e+05
1.333490e+02	2.761720e+05
1.333990e+02	2.741930e+05
1.334500e+02	2.758450e+05
1.334990e+02	2.820480e+05
1.335490e+02	2.833830e+05
1.336000e+02	2.814880e+05
1.336500e+02	2.811910e+05
1.336990e+02	2.797930e+05
1.337500e+02	2.793980e+05
1.338000e+02	2.792150e+05
1.338500e+02	2.785850e+05
1.339000e+02	2.780390e+05
1.339500e+02	2.777650e+05
1.340000e+02	2.771290e+05
1.340510e+02	2.772200e+05
1.341010e+02	2.773170e+05
1.341510e+02	2.763400e+05
1.342010e+02	2.768810e+05
1.342500e+02	2.757750e+05
1.343010e+02	2.771110e+05
1.343510e+02	2.754890e+05
1.344020e+02	2.766610e+05
1.344510e+02	2.757580e+05
1.345020e+02	2.843010e+05
1.345520e+02	2.844680e+05
1.346020e+02	2.832330e+05
1.346520e+02	2.826000e+05
1.347020e+02	2.813920e+05
1.347520e+02	2.800580e+05
1.348020e+02	2.797830e+05
1.348520e+02	2.784510e+05
1.349020e+02	2.818650e+05
1.349520e+02	2.787550e+05
1.350030e+02	2.784990e+05
1.350520e+02	2.781080e+05
1.351020e+02	2.775720e+05
1.351590e+02	2.771420e+05
1.352030e+02	2.767700e+05
1.352530e+02	2.774640e+05
1.353030e+02	2.764220e+05
1.353520e+02	2.774620e+05
1.354030e+02	2.767080e+05
1.354540e+02	2.779410e+05
1.355030e+02	2.854900e+05
1.355530e+02	2.857900e+05
1.356040e+02	2.837710e+05
1.356530e+02	2.820730e+05
1.357030e+02	2.820450e+05
1.357540e+02	2.806590e+05
1.358040e+02	2.807920e+05
1.358540e+02	2.798920e+05
1.359040e+02	2.798500e+05
1.359550e+02	2.792890e+05
1.360040e+02	2.788520e+05
1.360540e+02	2.780400e+05
1.361040e+02	2.791090e+05
1.361540e+02	2.777980e+05
1.362040e+02	2.785790e+05
1.362540e+02	2.772020e+05
1.363050e+02	2.784730e+05
1.363550e+02	2.777010e+05
1.364050e+02	2.772370e+05
1.364550e+02	2.789620e+05
1.365050e+02	2.861530e+05
1.365550e+02	2.853800e+05
1.366050e+02	2.836650e+05
1.366550e+02	2.828960e+05
1.367060e+02	2.827250e+05
1.367560e+02	2.815830e+05
1.368060e+02	2.808550e+05
1.368560e+02	2.808270e+05
1.369060e+02	2.796400e+05
1.369570e+02	2.810960e+05
1.370060e+02	2.790280e+05
1.370560e+02	2.794440e+05
1.371060e+02	2.791070e+05
1.371570e+02	2.781330e+05
1.372070e+02	2.790160e+05
1.372570e+02	2.780100e+05
1.373070e+02	2.791710e+05
1.373570e+02	2.777740e+05
1.374060e+02	2.782180e+05
1.374560e+02	2.791450e+05
1.375070e+02	2.871500e+05
1.375570e+02	2.862720e+05
1.376070e+02	2.851680e+05
1.376570e+02	2.830530e+05
1.377070e+02	2.823390e+05
1.377580e+02	2.817350e+05
1.378080e+02	2.826290e+05
1.378580e+02	2.805460e+05
1.379070e+02	2.809650e+05
1.379580e+02	2.789060e+05
1.380080e+02	2.799370e+05
1.380580e+02	2.794430e+05
1.381090e+02	2.798910e+05
1.381580e+02	2.802370e+05
1.382080e+02	2.786840e+05
1.382590e+02	2.786840e+05
1.383090e+02	2.789550e+05
1.383590e+02	2.789070e+05
1.384090e+02	2.785960e+05
1.384590e+02	2.803050e+05
1.385090e+02	2.866310e+05
1.385590e+02	2.864900e+05
1.386100e+02	2.841890e+05
1.386600e+02	2.843230e+05
1.387090e+02	2.821810e+05
1.387590e+02	2.827390e+05
1.388090e+02	2.809930e+05
1.388610e+02	2.814650e+05
1.389100e+02	2.810000e+05
1.389600e+02	2.801470e+05
1.390100e+02	2.805130e+05
1.390600e+02	2.788550e+05
1.391100e+02	2.801250e+05
1.391600e+02	2.788200e+05
1.392100e+02	2.791990e+05
1.392600e+02	2.780410e+05
1.393110e+02	2.793140e+05
1.393610e+02	2.784820e+05
1.394100e+02	2.782840e+05
1.394610e+02	2.797160e+05
1.395110e+02	2.866980e+05
1.395620e+02	2.860530e+05
1.396110e+02	2.845420e+05
1.396610e+02	2.832650e+05
1.397110e+02	2.826130e+05
1.397620e+02	2.816770e+05
1.398110e+02	2.810860e+05
1.398620e+02	2.812490e+05
1.399120e+02	2.798830e+05
1.399620e+02	2.803780e+05
1.400110e+02	2.799610e+05
1.400620e+02	2.794720e+05
1.401120e+02	2.796750e+05
1.401620e+02	2.789870e+05
1.402120e+02	2.782860e+05
1.402630e+02	2.788160e+05
1.403130e+02	2.784690e+05
1.403630e+02	2.787980e+05
1.404120e+02	2.780920e+05
1.404620e+02	2.795260e+05
1.405120e+02	2.866220e+05
1.405630e+02	2.854050e+05
1.406130e+02	2.842720e+05
1.406640e+02	2.825780e+05
1.407130e+02	2.829510e+05
1.407630e+02	2.807740e+05
1.408140e+02	2.808070e+05
1.408630e+02	2.796580e+05
1.409130e+02	2.799770e+05
1.409630e+02	2.788910e+05
1.410140e+02	2.801620e+05
1.410640e+02	2.781590e+05
1.411140e+02	2.790350e+05
1.411640e+02	2.777770e+05
1.412140e+02	2.788000e+05
1.412640e+02	2.777040e+05
1.413140e+02	2.778960e+05
1.413640e+02	2.783830e+05
1.414150e+02	2.769900e+05
1.414640e+02	2.785240e+05
1.415140e+02	2.777980e+05
1.415650e+02	2.782120e+05
1.416150e+02	2.770280e+05
1.416650e+02	2.768950e+05
1.417150e+02	2.767560e+05
1.417650e+02	2.777450e+05
