0.000000e+00	2.463040e+05
5.000000e-02	2.463200e+05
1.000000e-01	2.458950e+05
1.500000e-01	2.462730e+05
2.000000e-01	2.460320e+05
2.510000e-01	2.456940e+05
3.010000e-01	2.460820e+05
3.500000e-01	2.508690e+05
4.010000e-01	2.539910e+05
4.510000e-01	2.527460e+05
5.010000e-01	2.519100e+05
5.520000e-01	2.511290e+05
6.010000e-01	2.503920e+05
6.510000e-01	2.499430e+05
7.020000e-01	2.494000e+05
7.510000e-01	2.490890e+05
8.020000e-01	2.493830e+05
8.520000e-01	2.491470e+05
9.020000e-01	2.486880e+05
9.520000e-01	2.482860e+05
1.002000e+00	2.480360e+05
1.052000e+00	2.485240e+05
1.102000e+00	2.488640e+05
1.152000e+00	2.488910e+05
1.202000e+00	2.485310e+05
1.253000e+00	2.477520e+05
1.303000e+00	2.475880e+05
1.353000e+00	2.532360e+05
1.402000e+00	2.556710e+05
1.453000e+00	2.550210e+05
1.503000e+00	2.534640e+05
1.553000e+00	2.531650e+05
1.603000e+00	2.529590e+05
1.653000e+00	2.519190e+05
1.703000e+00	2.518290e+05
1.754000e+00	2.517040e+05
1.804000e+00	2.515820e+05
1.854000e+00	2.508180e+05
1.903000e+00	2.508150e+05
1.953000e+00	2.509720e+05
2.003000e+00	2.503840e+05
2.054000e+00	2.500430e+05
2.104000e+00	2.501160e+05
2.154000e+00	2.496790e+05
2.204000e+00	2.498050e+05
2.254000e+00	2.503730e+05
2.304000e+00	2.496780e+05
2.354000e+00	2.556670e+05
2.404000e+00	2.581510e+05
2.455000e+00	2.566460e+05
2.505000e+00	2.560710e+05
2.555000e+00	2.552390e+05
2.605000e+00	2.546250e+05
2.655000e+00	2.532090e+05
2.706000e+00	2.533290e+05
2.755000e+00	2.540280e+05
2.806000e+00	2.534220e+05
2.855000e+00	2.534620e+05
2.905000e+00	2.525620e+05
2.956000e+00	2.525790e+05
3.006000e+00	2.521090e+05
3.056000e+00	2.525010e+05
3.106000e+00	2.521800e+05
3.156000e+00	2.519310e+05
3.206000e+00	2.520200e+05
3.256000e+00	2.525870e+05
3.306000e+00	2.514270e+05
3.357000e+00	2.586780e+05
3.407000e+00	2.601820e+05
3.456000e+00	2.593660e+05
3.507000e+00	2.579320e+05
3.557000e+00	2.574660e+05
3.607000e+00	2.566520e+05
3.657000e+00	2.569760e+05
3.707000e+00	2.555820e+05
3.758000e+00	2.550230e+05
3.808000e+00	2.554730e+05
3.857000e+00	2.544320e+05
3.908000e+00	2.553200e+05
3.957000e+00	2.545530e+05
4.007000e+00	2.545770e+05
4.057000e+00	2.534700e+05
4.108000e+00	2.542960e+05
4.158000e+00	2.542530e+05
4.207000e+00	2.551220e+05
4.259000e+00	2.540570e+05
4.309000e+00	2.539170e+05
4.359000e+00	2.601420e+05
4.408000e+00	2.626470e+05
4.458000e+00	2.608190e+05
4.508000e+00	2.608820e+05
4.558000e+00	2.591070e+05
4.609000e+00	2.591590e+05
4.660000e+00	2.580950e+05
4.709000e+00	2.579260e+05
4.759000e+00	2.581040e+05
4.809000e+00	2.574950e+05
4.859000e+00	2.573460e+05
4.910000e+00	2.563150e+05
4.960000e+00	2.566160e+05
5.010000e+00	2.567540e+05
5.060000e+00	2.567720e+05
5.110000e+00	2.566120e+05
5.159000e+00	2.565110e+05
5.210000e+00	2.560320e+05
5.260000e+00	2.564730e+05
5.310000e+00	2.556180e+05
5.361000e+00	2.636110e+05
5.410000e+00	2.644940e+05
5.461000e+00	2.634280e+05
5.511000e+00	2.611050e+05
5.561000e+00	2.610330e+05
5.611000e+00	2.607340e+05
5.660000e+00	2.603530e+05
5.711000e+00	2.601760e+05
5.762000e+00	2.585970e+05
5.811000e+00	2.598080e+05
5.861000e+00	2.592450e+05
5.911000e+00	2.595320e+05
5.962000e+00	2.584960e+05
6.012000e+00	2.587640e+05
6.062000e+00	2.582450e+05
6.112000e+00	2.575980e+05
6.162000e+00	2.587080e+05
6.212000e+00	2.582300e+05
6.262000e+00	2.579070e+05
6.312000e+00	2.575750e+05
6.362000e+00	2.654690e+05
6.412000e+00	2.661440e+05
6.462000e+00	2.657300e+05
6.512000e+00	2.637500e+05
6.563000e+00	2.642350e+05
6.612000e+00	2.625470e+05
6.663000e+00	2.629920e+05
6.713000e+00	2.616010e+05
6.763000e+00	2.621220e+05
6.813000e+00	2.606790e+05
6.863000e+00	2.613180e+05
6.913000e+00	2.605360e+05
6.963000e+00	2.610720e+05
7.013000e+00	2.607120e+05
7.063000e+00	2.603650e+05
7.113000e+00	2.600010e+05
7.164000e+00	2.601390e+05
7.214000e+00	2.601880e+05
7.264000e+00	2.598870e+05
7.314000e+00	2.608440e+05
7.364000e+00	2.672640e+05
7.414000e+00	2.691180e+05
7.464000e+00	2.660750e+05
7.514000e+00	2.667350e+05
7.565000e+00	2.651950e+05
7.615000e+00	2.647880e+05
7.665000e+00	2.647240e+05
7.715000e+00	2.635210e+05
7.765000e+00	2.632430e+05
7.814000e+00	2.635670e+05
7.864000e+00	2.633280e+05
7.915000e+00	2.628530e+05
7.965000e+00	2.624900e+05
8.015000e+00	2.615560e+05
8.065000e+00	2.623430e+05
8.115000e+00	2.619610e+05
8.165000e+00	2.632190e+05
8.215000e+00	2.616180e+05
8.266000e+00	2.626950e+05
8.316000e+00	2.612540e+05
8.365000e+00	2.697950e+05
8.416000e+00	2.704870e+05
8.466000e+00	2.694350e+05
8.516000e+00	2.680680e+05
8.566000e+00	2.668320e+05
8.616000e+00	2.666000e+05
8.667000e+00	2.671500e+05
8.717000e+00	2.659090e+05
8.766000e+00	2.660640e+05
8.817000e+00	2.657230e+05
8.867000e+00	2.644430e+05
8.917000e+00	2.646740e+05
8.967000e+00	2.643290e+05
9.017000e+00	2.650310e+05
9.067000e+00	2.642700e+05
9.118000e+00	2.642360e+05
9.167000e+00	2.636860e+05
9.217000e+00	2.644840e+05
9.267000e+00	2.642010e+05
9.318000e+00	2.644500e+05
9.368000e+00	2.717090e+05
9.418000e+00	2.723020e+05
9.468000e+00	2.700670e+05
9.518000e+00	2.703250e+05
9.569000e+00	2.689240e+05
9.618000e+00	2.688490e+05
9.668000e+00	2.681440e+05
9.719000e+00	2.670970e+05
9.768000e+00	2.675400e+05
9.819000e+00	2.665810e+05
9.869000e+00	2.664290e+05
9.919000e+00	2.656330e+05
9.969000e+00	2.662380e+05
1.001900e+01	2.661390e+05
1.007000e+01	2.666300e+05
1.011900e+01	2.656950e+05
1.016900e+01	2.659710e+05
1.021900e+01	2.652280e+05
1.026900e+01	2.655840e+05
1.031900e+01	2.653730e+05
1.037000e+01	2.731530e+05
1.042000e+01	2.737120e+05
1.047000e+01	2.725720e+05
1.052000e+01	2.704430e+05
1.057000e+01	2.699930e+05
1.062000e+01	2.702830e+05
1.067000e+01	2.696510e+05
1.072000e+01	2.694670e+05
1.077100e+01	2.686400e+05
1.082000e+01	2.683350e+05
1.087000e+01	2.677530e+05
1.092100e+01	2.680030e+05
1.097100e+01	2.670830e+05
1.102100e+01	2.679850e+05
1.107100e+01	2.665200e+05
1.112100e+01	2.674770e+05
1.117100e+01	2.665910e+05
1.122100e+01	2.677280e+05
1.127100e+01	2.672060e+05
1.132200e+01	2.686150e+05
1.137100e+01	2.747270e+05
1.142200e+01	2.752790e+05
1.147100e+01	2.742010e+05
1.152200e+01	2.724610e+05
1.157100e+01	2.717880e+05
1.162200e+01	2.708010e+05
1.167200e+01	2.711870e+05
1.172200e+01	2.701130e+05
1.177200e+01	2.703840e+05
1.182200e+01	2.698370e+05
1.187300e+01	2.734820e+05
1.192300e+01	2.693790e+05
1.197300e+01	2.699440e+05
1.202300e+01	2.688740e+05
1.207300e+01	2.691560e+05
1.212300e+01	2.682470e+05
1.217300e+01	2.687720e+05
1.222300e+01	2.677620e+05
1.227300e+01	2.687750e+05
1.232300e+01	2.698030e+05
1.237400e+01	2.765700e+05
1.242300e+01	2.768610e+05
1.247400e+01	2.746260e+05
1.252300e+01	2.735480e+05
1.257400e+01	2.731430e+05
1.262400e+01	2.726020e+05
1.267400e+01	2.723780e+05
1.272400e+01	2.720610e+05
1.277400e+01	2.709400e+05
1.282500e+01	2.709680e+05
1.287400e+01	2.709330e+05
1.292400e+01	2.709130e+05
1.297500e+01	2.703740e+05
1.302500e+01	2.706580e+05
1.307400e+01	2.699580e+05
1.312400e+01	2.694870e+05
1.317500e+01	2.694290e+05
1.322500e+01	2.701880e+05
1.327500e+01	2.699910e+05
1.332500e+01	2.702830e+05
1.337500e+01	2.771220e+05
1.342500e+01	2.762700e+05
1.347500e+01	2.767320e+05
1.352500e+01	2.746160e+05
1.357500e+01	2.753980e+05
1.362600e+01	2.738090e+05
1.367600e+01	2.735940e+05
1.372600e+01	2.727180e+05
1.377500e+01	2.726730e+05
1.382600e+01	2.723530e+05
1.387600e+01	2.727190e+05
1.392600e+01	2.714540e+05
1.397600e+01	2.716860e+05
1.402600e+01	2.710030e+05
1.407700e+01	2.714440e+05
1.412600e+01	2.709730e+05
1.417700e+01	2.704820e+05
1.422700e+01	2.718960e+05
1.427700e+01	2.706930e+05
1.432700e+01	2.729370e+05
1.437800e+01	2.787610e+05
1.442700e+01	2.789490e+05
1.447700e+01	2.768500e+05
1.452700e+01	2.763950e+05
1.457700e+01	2.752490e+05
1.462700e+01	2.752400e+05
1.467700e+01	2.745600e+05
1.472700e+01	2.743210e+05
1.477800e+01	2.737850e+05
1.482800e+01	2.734410e+05
1.487900e+01	2.737230e+05
1.492800e+01	2.728540e+05
1.497900e+01	2.734140e+05
1.502800e+01	2.720400e+05
1.507800e+01	2.723090e+05
1.512900e+01	2.719380e+05
1.517900e+01	2.723830e+05
1.522900e+01	2.719070e+05
1.527900e+01	2.727540e+05
1.532800e+01	2.729110e+05
1.537800e+01	2.798590e+05
1.542900e+01	2.792090e+05
1.547900e+01	2.786400e+05
1.552900e+01	2.772180e+05
1.557900e+01	2.764340e+05
1.563000e+01	2.760990e+05
1.567900e+01	2.754510e+05
1.573000e+01	2.748330e+05
1.578000e+01	2.743700e+05
1.583000e+01	2.745610e+05
1.588000e+01	2.743980e+05
1.593000e+01	2.739570e+05
1.598000e+01	2.735230e+05
1.603000e+01	2.735940e+05
1.608000e+01	2.729660e+05
1.613000e+01	2.735470e+05
1.618100e+01	2.731300e+05
1.623100e+01	2.733620e+05
1.628000e+01	2.727940e+05
1.633100e+01	2.743640e+05
1.638000e+01	2.808230e+05
1.643000e+01	2.799490e+05
1.648100e+01	2.786670e+05
1.653100e+01	2.778950e+05
1.658100e+01	2.767220e+05
1.663100e+01	2.772170e+05
1.668200e+01	2.767140e+05
1.673100e+01	2.758250e+05
1.678100e+01	2.757800e+05
1.683100e+01	2.754710e+05
1.688200e+01	2.756780e+05
1.693200e+01	2.739820e+05
1.698200e+01	2.743970e+05
1.703200e+01	2.739230e+05
1.708300e+01	2.739340e+05
1.713200e+01	2.744360e+05
1.718200e+01	2.740680e+05
1.723200e+01	2.744520e+05
1.728200e+01	2.738370e+05
1.733200e+01	2.754550e+05
1.738300e+01	2.815650e+05
1.743200e+01	2.814470e+05
1.748200e+01	2.802570e+05
1.753300e+01	2.795090e+05
1.758300e+01	2.782530e+05
1.763300e+01	2.785300e+05
1.768300e+01	2.775360e+05
1.773300e+01	2.770970e+05
1.778300e+01	2.758710e+05
1.783300e+01	2.770390e+05
1.788300e+01	2.755670e+05
1.793300e+01	2.753420e+05
1.798400e+01	2.753090e+05
1.803400e+01	2.751170e+05
1.808400e+01	2.754970e+05
1.813400e+01	2.746450e+05
1.818400e+01	2.745480e+05
1.823500e+01	2.743840e+05
1.828500e+01	2.744390e+05
1.833400e+01	2.770070e+05
1.838500e+01	2.828150e+05
1.843400e+01	2.812650e+05
1.848500e+01	2.806310e+05
1.853500e+01	2.792070e+05
1.858500e+01	2.784370e+05
1.863500e+01	2.779690e+05
1.868500e+01	2.776690e+05
1.873500e+01	2.767650e+05
1.878600e+01	2.767480e+05
1.883500e+01	2.766780e+05
1.888600e+01	2.769970e+05
1.893500e+01	2.761200e+05
1.898600e+01	2.760200e+05
1.903600e+01	2.787780e+05
1.908600e+01	2.767790e+05
1.913600e+01	2.758670e+05
1.918600e+01	2.763880e+05
1.923600e+01	2.747380e+05
1.928600e+01	2.751560e+05
1.933600e+01	2.768470e+05
1.938600e+01	2.825640e+05
1.943600e+01	2.818220e+05
1.948700e+01	2.812590e+05
1.953600e+01	2.799630e+05
1.958600e+01	2.793400e+05
1.963700e+01	2.789750e+05
1.968700e+01	2.779560e+05
1.973700e+01	2.781070e+05
1.978700e+01	2.774190e+05
1.983700e+01	2.779720e+05
1.988800e+01	2.768820e+05
1.993700e+01	2.767370e+05
1.998800e+01	2.754530e+05
2.003800e+01	2.763140e+05
2.008800e+01	2.760100e+05
2.013800e+01	2.756320e+05
2.018800e+01	2.757370e+05
2.023800e+01	2.751390e+05
2.028800e+01	2.753340e+05
2.033800e+01	2.780400e+05
2.038900e+01	2.836690e+05
2.043900e+01	2.821840e+05
2.048900e+01	2.814310e+05
2.053800e+01	2.796480e+05
2.058900e+01	2.799850e+05
2.063900e+01	2.782410e+05
2.068800e+01	2.788640e+05
2.073800e+01	2.769970e+05
2.078900e+01	2.777240e+05
2.083900e+01	2.775720e+05
2.089000e+01	2.773120e+05
2.093900e+01	2.768040e+05
2.099000e+01	2.764740e+05
2.104000e+01	2.759570e+05
2.109000e+01	2.765700e+05
2.114000e+01	2.760110e+05
2.119000e+01	2.761160e+05
2.124000e+01	2.764760e+05
2.129000e+01	2.757070e+05
2.134000e+01	2.785630e+05
2.139000e+01	2.825910e+05
2.144100e+01	2.828020e+05
2.149000e+01	2.809900e+05
2.154000e+01	2.806140e+05
2.159000e+01	2.792930e+05
2.164000e+01	2.790910e+05
2.169000e+01	2.784340e+05
2.174100e+01	2.786030e+05
2.179100e+01	2.778180e+05
2.184100e+01	2.771320e+05
2.189100e+01	2.768310e+05
2.194100e+01	2.772510e+05
2.199200e+01	2.768880e+05
2.204200e+01	2.764020e+05
2.209200e+01	2.768390e+05
2.214200e+01	2.761460e+05
2.219200e+01	2.760770e+05
2.224200e+01	2.760190e+05
2.229200e+01	2.761560e+05
2.234200e+01	2.784690e+05
2.239200e+01	2.837760e+05
2.244300e+01	2.822700e+05
2.249200e+01	2.813830e+05
2.254200e+01	2.796800e+05
2.259200e+01	2.797240e+05
2.264200e+01	2.792970e+05
2.269300e+01	2.784990e+05
2.274300e+01	2.772950e+05
2.279300e+01	2.767170e+05
2.284300e+01	2.768270e+05
2.289300e+01	2.763260e+05
2.294300e+01	2.763250e+05
2.299400e+01	2.754390e+05
2.304300e+01	2.763840e+05
2.309300e+01	2.759090e+05
2.314300e+01	2.760010e+05
2.319400e+01	2.756380e+05
2.324400e+01	2.755640e+05
2.329300e+01	2.753300e+05
2.334400e+01	2.787930e+05
2.339400e+01	2.829520e+05
2.344400e+01	2.820480e+05
2.349400e+01	2.805560e+05
2.354400e+01	2.798360e+05
2.359400e+01	2.789950e+05
2.364400e+01	2.781260e+05
2.369500e+01	2.778970e+05
2.374500e+01	2.775890e+05
2.379500e+01	2.767390e+05
2.384400e+01	2.765990e+05
2.389500e+01	2.770940e+05
2.394400e+01	2.760410e+05
2.399500e+01	2.770460e+05
2.404500e+01	2.755910e+05
2.409600e+01	2.759100e+05
2.414500e+01	2.750930e+05
2.419500e+01	2.752640e+05
2.424500e+01	2.750850e+05
2.429600e+01	2.758060e+05
2.434500e+01	2.785270e+05
2.439500e+01	2.820310e+05
2.444600e+01	2.812180e+05
2.449600e+01	2.803370e+05
2.454600e+01	2.799940e+05
2.459700e+01	2.786140e+05
2.464700e+01	2.781200e+05
2.469700e+01	2.778890e+05
2.474700e+01	2.772120e+05
2.479700e+01	2.767790e+05
2.484700e+01	2.771720e+05
2.489700e+01	2.764080e+05
2.494600e+01	2.760950e+05
2.499700e+01	2.749710e+05
2.504700e+01	2.757910e+05
2.509700e+01	2.752920e+05
2.514700e+01	2.755040e+05
2.519700e+01	2.750820e+05
2.524700e+01	2.749360e+05
2.529700e+01	2.755390e+05
2.534700e+01	2.783560e+05
2.539700e+01	2.826050e+05
2.544800e+01	2.807600e+05
2.549800e+01	2.806700e+05
2.554800e+01	2.791560e+05
2.559800e+01	2.775810e+05
2.564800e+01	2.772460e+05
2.569900e+01	2.773260e+05
2.574900e+01	2.769440e+05
2.579900e+01	2.763920e+05
2.584800e+01	2.761940e+05
2.589900e+01	2.761940e+05
2.594900e+01	2.756660e+05
2.599900e+01	2.758470e+05
2.604900e+01	2.761290e+05
2.609900e+01	2.752270e+05
2.614900e+01	2.750220e+05
2.620000e+01	2.746920e+05
2.624900e+01	2.755730e+05
2.629900e+01	2.745150e+05
2.634900e+01	2.789590e+05
2.640000e+01	2.813070e+05
2.645000e+01	2.808520e+05
2.650000e+01	2.797820e+05
2.655000e+01	2.786520e+05
2.660000e+01	2.776340e+05
2.665000e+01	2.777070e+05
2.670100e+01	2.764370e+05
2.675000e+01	2.765190e+05
2.680100e+01	2.757980e+05
2.685100e+01	2.761850e+05
2.690000e+01	2.753350e+05
2.695100e+01	2.756720e+05
2.700100e+01	2.748490e+05
2.705100e+01	2.752600e+05
2.710100e+01	2.752700e+05
2.715100e+01	2.743850e+05
2.720100e+01	2.744710e+05
2.725100e+01	2.741150e+05
2.730100e+01	2.747530e+05
2.735200e+01	2.782730e+05
2.740200e+01	2.813140e+05
2.745200e+01	2.795800e+05
2.750200e+01	2.789120e+05
2.755200e+01	2.777110e+05
2.760100e+01	2.771470e+05
2.765200e+01	2.765630e+05
2.770200e+01	2.765690e+05
2.775200e+01	2.750500e+05
2.780200e+01	2.754380e+05
2.785300e+01	2.749070e+05
2.790200e+01	2.745230e+05
2.795200e+01	2.744050e+05
2.800300e+01	2.743580e+05
2.805300e+01	2.743710e+05
2.810200e+01	2.737690e+05
2.815300e+01	2.738600e+05
2.820300e+01	2.739670e+05
2.825300e+01	2.740950e+05
2.830300e+01	2.737310e+05
2.835300e+01	2.781560e+05
2.840300e+01	2.798470e+05
2.845300e+01	2.798930e+05
2.850300e+01	2.772640e+05
2.855300e+01	2.780820e+05
2.860400e+01	2.760310e+05
2.865400e+01	2.757970e+05
2.870400e+01	2.753600e+05
2.875300e+01	2.754690e+05
2.880400e+01	2.743000e+05
2.885500e+01	2.740870e+05
2.890400e+01	2.738940e+05
2.895400e+01	2.735440e+05
2.900500e+01	2.737670e+05
2.905400e+01	2.730480e+05
2.910400e+01	2.735560e+05
2.915400e+01	2.727980e+05
2.920500e+01	2.737200e+05
2.925500e+01	2.721170e+05
2.930600e+01	2.735660e+05
2.935500e+01	2.766680e+05
2.940500e+01	2.802670e+05
2.945500e+01	2.781450e+05
2.950600e+01	2.771950e+05
2.955600e+01	2.758320e+05
2.960600e+01	2.755800e+05
2.965600e+01	2.751370e+05
2.970600e+01	2.747770e+05
2.975600e+01	2.736280e+05
2.980600e+01	2.735020e+05
2.985600e+01	2.735750e+05
2.990600e+01	2.733110e+05
2.995600e+01	2.731360e+05
3.000700e+01	2.725140e+05
3.005600e+01	2.732400e+05
3.010600e+01	2.721510e+05
3.015700e+01	2.731570e+05
3.020700e+01	2.719770e+05
3.025700e+01	2.724870e+05
3.030600e+01	2.721410e+05
3.035700e+01	2.771300e+05
3.040700e+01	2.786060e+05
3.045700e+01	2.784310e+05
3.050700e+01	2.767810e+05
3.055800e+01	2.758660e+05
3.060700e+01	2.740610e+05
3.065700e+01	2.745100e+05
3.070700e+01	2.741550e+05
3.075700e+01	2.741170e+05
3.080700e+01	2.732960e+05
3.085700e+01	2.726230e+05
3.090800e+01	2.724950e+05
3.095800e+01	2.750140e+05
3.100800e+01	2.730510e+05
3.105800e+01	2.721990e+05
3.110800e+01	2.722970e+05
3.115800e+01	2.714650e+05
3.120900e+01	2.713260e+05
3.125900e+01	2.712070e+05
3.130900e+01	2.722070e+05
3.135900e+01	2.762850e+05
3.140900e+01	2.779660e+05
3.145900e+01	2.764460e+05
3.150900e+01	2.761390e+05
3.155900e+01	2.748310e+05
3.160900e+01	2.736630e+05
3.165900e+01	2.737620e+05
3.171000e+01	2.732280e+05
3.175900e+01	2.728240e+05
3.181000e+01	2.716030e+05
3.186000e+01	2.723730e+05
3.191000e+01	2.713770e+05
3.196000e+01	2.713870e+05
3.201100e+01	2.707980e+05
3.206000e+01	2.713880e+05
3.211000e+01	2.711000e+05
3.216000e+01	2.707670e+05
3.221000e+01	2.707790e+05
3.226100e+01	2.706950e+05
3.231000e+01	2.702610e+05
3.236100e+01	2.761340e+05
3.241100e+01	2.770640e+05
3.246100e+01	2.760500e+05
3.251100e+01	2.744020e+05
3.256100e+01	2.735400e+05
3.261100e+01	2.725250e+05
3.266100e+01	2.718530e+05
3.271200e+01	2.721330e+05
3.276100e+01	2.708150e+05
3.281100e+01	2.709130e+05
3.286100e+01	2.705260e+05
3.291100e+01	2.699180e+05
3.296200e+01	2.697170e+05
3.301300e+01	2.699720e+05
3.306200e+01	2.694580e+05
3.311200e+01	2.690260e+05
3.316200e+01	2.686070e+05
3.321200e+01	2.690450e+05
3.326300e+01	2.691130e+05
3.331300e+01	2.684750e+05
3.336300e+01	2.740800e+05
3.341200e+01	2.749280e+05
3.346300e+01	2.741930e+05
3.351300e+01	2.729740e+05
3.356300e+01	2.726850e+05
3.361300e+01	2.737470e+05
3.366300e+01	2.704650e+05
3.371300e+01	2.702270e+05
3.376300e+01	2.691580e+05
3.381300e+01	2.688750e+05
3.386300e+01	2.691120e+05
3.391400e+01	2.683580e+05
3.396400e+01	2.672170e+05
3.401400e+01	2.676500e+05
3.406400e+01	2.674850e+05
3.411400e+01	2.682350e+05
3.416400e+01	2.676750e+05
3.421400e+01	2.665810e+05
3.426400e+01	2.662630e+05
3.431400e+01	2.674270e+05
3.436400e+01	2.717430e+05
3.441500e+01	2.739440e+05
3.446500e+01	2.717600e+05
3.451500e+01	2.715070e+05
3.456500e+01	2.696830e+05
3.461500e+01	2.696310e+05
3.466500e+01	2.685720e+05
3.471500e+01	2.686430e+05
3.476500e+01	2.678140e+05
3.481600e+01	2.673420e+05
3.486600e+01	2.665200e+05
3.491600e+01	2.671850e+05
3.496600e+01	2.669450e+05
3.501600e+01	2.663020e+05
3.506600e+01	2.654980e+05
3.511500e+01	2.653460e+05
3.516500e+01	2.656310e+05
3.521600e+01	2.651490e+05
3.526600e+01	2.656040e+05
3.531600e+01	2.662040e+05
3.536600e+01	2.711820e+05
3.541600e+01	2.714330e+05
3.546600e+01	2.705810e+05
3.551600e+01	2.687680e+05
3.556700e+01	2.682560e+05
3.561700e+01	2.670250e+05
3.566700e+01	2.675380e+05
3.571700e+01	2.666250e+05
3.576700e+01	2.657160e+05
3.581700e+01	2.656710e+05
3.586800e+01	2.650140e+05
3.591800e+01	2.655380e+05
3.596700e+01	2.643290e+05
3.601800e+01	2.649870e+05
3.606700e+01	2.641270e+05
3.611800e+01	2.643900e+05
3.616800e+01	2.639290e+05
3.621800e+01	2.637940e+05
3.626800e+01	2.627540e+05
3.631800e+01	2.639090e+05
3.636800e+01	2.694030e+05
3.641900e+01	2.705410e+05
3.646800e+01	2.679600e+05
3.651900e+01	2.690320e+05
3.656900e+01	2.662940e+05
3.661900e+01	2.654620e+05
3.666800e+01	2.654330e+05
3.671900e+01	2.648290e+05
3.676800e+01	2.640960e+05
3.681900e+01	2.630650e+05
3.686900e+01	2.633930e+05
3.692000e+01	2.629160e+05
3.696900e+01	2.630750e+05
3.702000e+01	2.629150e+05
3.706900e+01	2.629870e+05
3.711900e+01	2.618830e+05
3.716900e+01	2.622170e+05
3.722000e+01	2.620050e+05
3.727000e+01	2.620440e+05
3.731900e+01	2.614590e+05
3.737000e+01	2.672010e+05
3.742000e+01	2.674710e+05
3.747000e+01	2.665320e+05
3.752100e+01	2.655380e+05
3.757100e+01	2.643660e+05
3.762100e+01	2.640150e+05
3.767000e+01	2.618940e+05
3.772000e+01	2.629900e+05
3.777100e+01	2.623610e+05
3.782200e+01	2.624660e+05
3.787100e+01	2.611160e+05
3.792200e+01	2.620570e+05
3.797100e+01	2.600420e+05
3.802100e+01	2.611450e+05
3.807200e+01	2.600180e+05
3.812200e+01	2.608510e+05
3.817100e+01	2.603730e+05
3.822200e+01	2.599860e+05
3.827100e+01	2.595080e+05
3.832200e+01	2.613490e+05
3.837200e+01	2.659080e+05
3.842200e+01	2.656620e+05
3.847200e+01	2.645360e+05
3.852200e+01	2.633500e+05
3.857200e+01	2.624480e+05
3.862300e+01	2.613790e+05
3.867300e+01	2.617880e+05
3.872200e+01	2.607570e+05
3.877300e+01	2.611800e+05
3.882300e+01	2.590570e+05
3.887300e+01	2.599700e+05
3.892300e+01	2.593560e+05
3.897300e+01	2.598290e+05
3.902300e+01	2.589700e+05
3.907300e+01	2.593550e+05
3.912300e+01	2.581080e+05
3.917400e+01	2.582480e+05
3.922400e+01	2.591170e+05
3.927400e+01	2.583490e+05
3.932400e+01	2.593520e+05
3.937400e+01	2.641170e+05
3.942400e+01	2.639260e+05
3.947400e+01	2.630960e+05
3.952400e+01	2.620950e+05
3.957500e+01	2.608940e+05
3.962500e+01	2.607050e+05
3.967400e+01	2.591530e+05
3.972400e+01	2.595460e+05
3.977400e+01	2.581740e+05
3.982500e+01	2.583440e+05
3.987500e+01	2.574180e+05
3.992500e+01	2.577720e+05
3.997600e+01	2.573260e+05
4.002500e+01	2.573080e+05
4.007600e+01	2.573190e+05
4.012600e+01	2.565250e+05
4.017500e+01	2.568930e+05
4.022500e+01	2.569970e+05
4.027500e+01	2.565570e+05
4.032600e+01	2.570040e+05
4.037600e+01	2.626700e+05
4.042600e+01	2.617920e+05
4.047600e+01	2.610280e+05
4.052700e+01	2.602260e+05
4.057600e+01	2.589850e+05
4.062700e+01	2.579670e+05
4.067700e+01	2.581990e+05
4.072600e+01	2.575000e+05
4.077600e+01	2.567960e+05
4.082600e+01	2.564990e+05
4.087600e+01	2.565940e+05
4.092700e+01	2.563420e+05
4.097600e+01	2.556610e+05
4.102700e+01	2.557170e+05
4.107700e+01	2.551760e+05
4.112800e+01	2.553940e+05
4.117700e+01	2.550660e+05
4.122700e+01	2.556320e+05
4.127700e+01	2.546380e+05
4.132800e+01	2.556040e+05
4.137700e+01	2.611120e+05
4.142800e+01	2.604860e+05
4.147800e+01	2.593210e+05
4.152800e+01	2.589500e+05
4.157800e+01	2.574900e+05
4.162800e+01	2.572340e+05
4.167900e+01	2.568270e+05
4.172800e+01	2.566330e+05
4.177900e+01	2.562030e+05
4.182900e+01	2.553480e+05
4.187900e+01	2.547630e+05
4.192800e+01	2.552270e+05
4.197900e+01	2.543410e+05
4.202900e+01	2.542290e+05
4.207900e+01	2.542370e+05
4.212900e+01	2.544590e+05
4.217900e+01	2.539500e+05
4.222900e+01	2.536790e+05
4.227900e+01	2.537780e+05
4.232900e+01	2.550060e+05
4.237900e+01	2.604200e+05
4.242900e+01	2.586950e+05
4.248000e+01	2.582720e+05
4.253000e+01	2.574040e+05
4.258000e+01	2.569490e+05
4.263000e+01	2.556820e+05
4.268000e+01	2.548250e+05
4.273000e+01	2.544380e+05
4.278000e+01	2.542490e+05
4.283000e+01	2.541830e+05
4.288000e+01	2.534650e+05
4.293000e+01	2.538080e+05
4.298000e+01	2.532740e+05
4.303000e+01	2.533110e+05
4.308100e+01	2.525170e+05
4.313100e+01	2.535830e+05
4.318100e+01	2.523500e+05
4.323100e+01	2.526420e+05
4.328100e+01	2.519160e+05
4.333100e+01	2.541020e+05
4.338100e+01	2.583240e+05
4.343100e+01	2.582530e+05
4.348100e+01	2.567430e+05
4.353200e+01	2.556510e+05
4.358200e+01	2.541430e+05
4.363200e+01	2.542830e+05
4.368200e+01	2.543740e+05
4.373200e+01	2.534630e+05
4.378200e+01	2.535100e+05
4.383200e+01	2.524480e+05
4.388200e+01	2.525610e+05
4.393200e+01	2.518660e+05
4.398200e+01	2.518790e+05
4.403300e+01	2.515330e+05
4.408300e+01	2.523100e+05
4.413300e+01	2.512450e+05
4.418300e+01	2.516790e+05
4.423300e+01	2.510110e+05
4.428300e+01	2.523950e+05
4.433300e+01	2.528640e+05
4.438300e+01	2.580260e+05
4.443300e+01	2.566220e+05
4.448300e+01	2.552900e+05
4.453300e+01	2.545860e+05
4.458300e+01	2.537130e+05
4.463300e+01	2.537680e+05
4.468400e+01	2.521390e+05
4.473400e+01	2.528950e+05
4.478400e+01	2.513840e+05
4.483400e+01	2.520940e+05
4.488400e+01	2.510100e+05
4.493400e+01	2.516750e+05
4.498400e+01	2.503430e+05
4.503500e+01	2.512490e+05
4.508500e+01	2.507350e+05
4.513500e+01	2.510950e+05
4.518500e+01	2.507810e+05
4.523500e+01	2.505580e+05
4.528500e+01	2.499780e+05
4.533500e+01	2.517760e+05
4.538400e+01	2.564070e+05
4.543500e+01	2.562450e+05
4.548600e+01	2.552360e+05
4.553500e+01	2.534020e+05
4.558500e+01	2.534400e+05
4.563600e+01	2.538720e+05
4.568600e+01	2.524510e+05
4.573600e+01	2.512380e+05
4.578600e+01	2.516960e+05
4.583600e+01	2.501600e+05
4.588500e+01	2.505680e+05
4.593600e+01	2.501270e+05
4.598600e+01	2.504060e+05
4.603600e+01	2.495520e+05
4.608600e+01	2.497650e+05
4.613700e+01	2.496980e+05
4.618600e+01	2.493520e+05
4.623700e+01	2.492060e+05
4.628700e+01	2.489170e+05
4.633700e+01	2.515930e+05
4.638700e+01	2.553790e+05
4.643700e+01	2.553760e+05
4.648700e+01	2.525640e+05
4.653700e+01	2.536430e+05
4.658700e+01	2.520350e+05
4.663700e+01	2.517530e+05
4.668800e+01	2.509300e+05
4.673800e+01	2.510170e+05
4.678700e+01	2.503740e+05
4.683800e+01	2.499970e+05
4.688800e+01	2.491970e+05
4.693800e+01	2.500930e+05
4.698800e+01	2.489870e+05
4.703800e+01	2.493600e+05
4.708800e+01	2.485770e+05
4.713900e+01	2.494080e+05
4.718900e+01	2.493590e+05
4.723900e+01	2.488400e+05
4.728900e+01	2.493390e+05
4.733900e+01	2.506630e+05
4.738900e+01	2.552980e+05
4.743900e+01	2.537250e+05
4.748900e+01	2.533150e+05
4.753900e+01	2.518170e+05
4.759000e+01	2.517280e+05
4.764000e+01	2.507650e+05
4.768900e+01	2.509360e+05
4.774000e+01	2.501520e+05
4.778900e+01	2.500160e+05
4.783900e+01	2.496400e+05
4.788900e+01	2.490140e+05
4.794000e+01	2.488630e+05
4.799000e+01	2.484420e+05
4.804100e+01	2.489670e+05
4.809000e+01	2.479770e+05
4.814100e+01	2.484630e+05
4.819100e+01	2.480020e+05
4.824100e+01	2.487790e+05
4.829000e+01	2.476080e+05
4.834100e+01	2.505580e+05
4.839000e+01	2.539040e+05
4.844000e+01	2.535230e+05
4.849100e+01	2.515900e+05
4.854100e+01	2.515040e+05
4.859100e+01	2.507120e+05
4.864100e+01	2.502600e+05
4.869200e+01	2.494250e+05
4.874100e+01	2.492080e+05
4.879200e+01	2.494250e+05
4.884200e+01	2.497600e+05
4.889200e+01	2.492790e+05
4.894200e+01	2.483430e+05
4.899200e+01	2.482950e+05
4.904200e+01	2.478500e+05
4.909200e+01	2.483740e+05
4.914200e+01	2.483000e+05
4.919300e+01	2.485180e+05
4.924200e+01	2.474730e+05
4.929300e+01	2.473950e+05
4.934200e+01	2.500480e+05
4.939300e+01	2.544440e+05
4.944300e+01	2.531420e+05
4.949200e+01	2.518770e+05
4.954300e+01	2.508070e+05
4.959300e+01	2.507310e+05
4.964300e+01	2.500570e+05
4.969300e+01	2.498530e+05
4.974300e+01	2.492870e+05
4.979300e+01	2.485900e+05
4.984400e+01	2.480980e+05
4.989300e+01	2.484370e+05
4.994400e+01	2.490080e+05
4.999400e+01	2.476200e+05
5.004400e+01	2.480500e+05
5.009400e+01	2.468450e+05
5.014400e+01	2.474160e+05
5.019400e+01	2.476770e+05
5.024400e+01	2.478790e+05
5.029400e+01	2.471120e+05
5.034500e+01	2.504890e+05
5.039400e+01	2.534520e+05
5.044400e+01	2.530450e+05
5.049400e+01	2.517370e+05
5.054400e+01	2.514510e+05
5.059500e+01	2.501780e+05
5.064500e+01	2.499060e+05
5.069500e+01	2.488690e+05
5.074500e+01	2.510170e+05
5.079500e+01	2.496780e+05
5.084500e+01	2.486650e+05
5.089600e+01	2.483730e+05
5.094500e+01	2.477980e+05
5.099500e+01	2.478270e+05
5.104500e+01	2.471030e+05
5.109500e+01	2.476580e+05
5.114600e+01	2.469320e+05
5.119600e+01	2.473720e+05
5.124700e+01	2.466020e+05
5.129600e+01	2.472180e+05
5.134600e+01	2.507850e+05
5.139600e+01	2.543000e+05
5.144600e+01	2.526760e+05
5.149600e+01	2.511670e+05
5.154700e+01	2.530490e+05
5.159700e+01	2.502300e+05
5.164600e+01	2.498770e+05
5.169700e+01	2.490260e+05
5.174700e+01	2.491270e+05
5.179700e+01	2.478920e+05
5.184700e+01	2.483750e+05
5.189800e+01	2.475980e+05
5.194800e+01	2.485100e+05
5.199800e+01	2.476930e+05
5.204800e+01	2.474370e+05
5.209800e+01	2.470610e+05
5.214800e+01	2.479800e+05
5.219700e+01	2.471270e+05
5.224800e+01	2.477240e+05
5.229800e+01	2.469540e+05
5.234800e+01	2.506050e+05
5.239800e+01	2.536590e+05
5.244800e+01	2.523470e+05
5.249800e+01	2.519070e+05
5.254900e+01	2.509330e+05
5.259900e+01	2.502280e+05
5.264900e+01	2.488630e+05
5.269800e+01	2.496080e+05
5.274900e+01	2.485820e+05
5.279800e+01	2.492300e+05
5.284900e+01	2.477320e+05
5.289900e+01	2.479740e+05
5.294900e+01	2.470260e+05
5.299900e+01	2.482160e+05
5.305000e+01	2.473710e+05
5.309900e+01	2.482870e+05
5.315000e+01	2.472190e+05
5.320000e+01	2.472890e+05
5.325000e+01	2.471720e+05
5.330000e+01	2.474590e+05
5.335000e+01	2.523280e+05
5.340000e+01	2.539510e+05
5.345000e+01	2.527460e+05
5.350000e+01	2.509040e+05
5.355100e+01	2.510620e+05
5.360000e+01	2.507210e+05
5.365000e+01	2.511240e+05
5.370100e+01	2.494900e+05
5.375100e+01	2.497760e+05
5.380100e+01	2.484740e+05
5.385100e+01	2.489330e+05
5.390100e+01	2.483120e+05
5.395100e+01	2.494480e+05
5.400100e+01	2.486840e+05
5.405100e+01	2.478840e+05
5.410100e+01	2.478620e+05
5.415100e+01	2.475800e+05
5.420100e+01	2.481910e+05
5.425100e+01	2.478340e+05
5.430100e+01	2.478600e+05
5.435200e+01	2.517210e+05
5.440200e+01	2.542980e+05
5.445100e+01	2.530360e+05
5.450200e+01	2.530440e+05
5.455200e+01	2.510880e+05
5.460200e+01	2.515570e+05
5.465300e+01	2.498930e+05
5.470300e+01	2.499380e+05
5.475300e+01	2.493530e+05
5.480300e+01	2.502510e+05
5.485200e+01	2.493010e+05
5.490300e+01	2.490060e+05
5.495300e+01	2.491690e+05
5.500300e+01	2.489640e+05
5.505300e+01	2.486330e+05
5.510300e+01	2.486630e+05
5.515300e+01	2.486680e+05
5.520300e+01	2.475340e+05
5.525400e+01	2.476480e+05
5.530400e+01	2.477280e+05
5.535400e+01	2.528350e+05
5.540400e+01	2.548310e+05
5.545400e+01	2.539190e+05
5.550400e+01	2.521620e+05
5.555400e+01	2.524750e+05
5.560500e+01	2.510780e+05
5.565500e+01	2.504950e+05
5.570500e+01	2.503070e+05
5.575500e+01	2.499790e+05
5.580400e+01	2.494130e+05
5.585500e+01	2.494540e+05
5.590400e+01	2.498920e+05
5.595500e+01	2.491400e+05
5.600500e+01	2.493790e+05
5.605500e+01	2.478680e+05
5.610500e+01	2.487970e+05
5.615500e+01	2.484650e+05
5.620500e+01	2.487890e+05
5.625500e+01	2.484920e+05
5.630600e+01	2.484100e+05
5.635600e+01	2.523450e+05
5.640600e+01	2.550280e+05
5.645600e+01	2.533930e+05
5.650600e+01	2.531740e+05
5.655500e+01	2.522030e+05
5.660600e+01	2.516170e+05
5.665600e+01	2.507330e+05
5.670600e+01	2.507800e+05
5.675600e+01	2.501140e+05
5.680600e+01	2.503280e+05
5.685700e+01	2.501510e+05
5.690600e+01	2.495910e+05
5.695700e+01	2.499050e+05
5.700700e+01	2.494450e+05
5.705700e+01	2.492240e+05
5.710600e+01	2.490340e+05
5.715700e+01	2.485560e+05
5.720700e+01	2.490440e+05
5.725700e+01	2.489740e+05
5.730700e+01	2.491070e+05
5.735700e+01	2.543370e+05
5.740700e+01	2.558170e+05
5.745700e+01	2.538920e+05
5.750800e+01	2.533410e+05
5.755800e+01	2.534280e+05
5.760800e+01	2.525170e+05
5.765800e+01	2.517380e+05
5.770800e+01	2.516680e+05
5.775900e+01	2.503290e+05
5.780900e+01	2.510210e+05
5.785900e+01	2.501940e+05
5.790800e+01	2.511710e+05
5.795900e+01	2.494750e+05
5.800900e+01	2.499650e+05
5.805900e+01	2.498240e+05
5.810900e+01	2.495930e+05
5.815900e+01	2.490730e+05
5.820900e+01	2.496820e+05
5.826000e+01	2.486890e+05
5.831000e+01	2.495560e+05
5.835900e+01	2.551920e+05
5.840900e+01	2.577860e+05
5.845900e+01	2.553200e+05
5.851000e+01	2.538240e+05
5.856000e+01	2.535320e+05
5.861000e+01	2.526200e+05
5.866100e+01	2.525230e+05
5.871000e+01	2.523090e+05
5.876000e+01	2.520710e+05
5.881000e+01	2.508170e+05
5.886000e+01	2.512600e+05
5.891000e+01	2.507740e+05
5.896000e+01	2.509420e+05
5.901000e+01	2.507750e+05
5.906000e+01	2.507220e+05
5.911100e+01	2.494040e+05
5.916100e+01	2.501800e+05
5.921100e+01	2.498470e+05
5.926100e+01	2.505520e+05
5.931100e+01	2.504150e+05
5.936100e+01	2.555180e+05
5.941100e+01	2.567220e+05
5.946100e+01	2.548320e+05
5.951100e+01	2.547250e+05
5.956100e+01	2.538490e+05
5.961200e+01	2.538640e+05
5.966200e+01	2.524080e+05
5.971200e+01	2.521410e+05
5.976200e+01	2.517410e+05
5.981200e+01	2.517640e+05
5.986200e+01	2.517420e+05
5.991200e+01	2.520650e+05
5.996300e+01	2.504010e+05
6.001300e+01	2.511780e+05
6.006300e+01	2.508720e+05
6.011300e+01	2.509410e+05
6.016200e+01	2.507470e+05
6.021300e+01	2.504030e+05
6.026300e+01	2.506300e+05
6.031300e+01	2.503850e+05
6.036300e+01	2.573830e+05
6.041400e+01	2.572520e+05
6.046300e+01	2.567770e+05
6.051400e+01	2.543270e+05
6.056400e+01	2.548460e+05
6.061400e+01	2.543130e+05
6.066400e+01	2.540100e+05
6.071400e+01	2.535330e+05
6.076400e+01	2.532040e+05
6.081400e+01	2.524520e+05
6.086400e+01	2.523740e+05
6.091400e+01	2.518170e+05
6.096500e+01	2.518640e+05
6.101500e+01	2.523490e+05
6.106500e+01	2.511650e+05
6.111400e+01	2.514730e+05
6.116500e+01	2.515360e+05
6.121500e+01	2.510460e+05
6.126500e+01	2.514700e+05
6.131400e+01	2.517540e+05
6.136500e+01	2.570590e+05
6.141500e+01	2.588130e+05
6.146500e+01	2.567170e+05
6.151500e+01	2.568830e+05
6.156500e+01	2.573880e+05
6.161600e+01	2.560090e+05
6.166500e+01	2.547310e+05
6.171600e+01	2.542770e+05
6.176600e+01	2.532210e+05
6.181500e+01	2.535700e+05
6.186600e+01	2.530220e+05
6.191600e+01	2.525690e+05
6.196700e+01	2.524960e+05
6.201700e+01	2.526220e+05
6.206700e+01	2.524330e+05
6.211700e+01	2.524570e+05
6.216700e+01	2.528890e+05
6.221700e+01	2.519450e+05
6.226700e+01	2.524140e+05
6.231600e+01	2.512980e+05
6.236700e+01	2.591710e+05
6.241600e+01	2.597870e+05
6.246700e+01	2.586640e+05
6.251700e+01	2.571270e+05
6.256800e+01	2.570600e+05
6.261700e+01	2.558630e+05
6.266800e+01	2.555310e+05
6.271700e+01	2.547970e+05
6.276800e+01	2.552720e+05
6.281800e+01	2.550080e+05
6.286800e+01	2.545750e+05
6.291700e+01	2.540440e+05
6.296900e+01	2.543190e+05
6.301800e+01	2.546060e+05
6.306800e+01	2.535690e+05
6.311900e+01	2.538810e+05
6.316800e+01	2.536250e+05
6.321800e+01	2.540700e+05
6.326900e+01	2.534510e+05
6.331800e+01	2.540360e+05
6.336900e+01	2.603170e+05
6.341900e+01	2.611810e+05
6.346900e+01	2.599720e+05
6.351900e+01	2.584610e+05
6.356900e+01	2.582250e+05
6.362000e+01	2.586750e+05
6.366900e+01	2.571970e+05
6.372000e+01	2.570960e+05
6.377000e+01	2.561100e+05
6.381900e+01	2.563490e+05
6.387000e+01	2.564100e+05
6.392000e+01	2.555600e+05
6.397000e+01	2.559950e+05
6.402000e+01	2.552900e+05
6.407000e+01	2.558090e+05
6.412000e+01	2.552700e+05
6.417000e+01	2.550370e+05
6.422000e+01	2.550590e+05
6.427000e+01	2.552010e+05
6.432000e+01	2.555580e+05
6.437100e+01	2.626010e+05
6.442100e+01	2.623740e+05
6.447100e+01	2.606990e+05
6.452100e+01	2.602370e+05
6.457100e+01	2.598350e+05
6.462100e+01	2.598410e+05
6.467100e+01	2.587780e+05
6.472100e+01	2.584880e+05
6.477200e+01	2.580620e+05
6.482100e+01	2.576910e+05
6.487200e+01	2.576510e+05
6.492200e+01	2.574860e+05
6.497200e+01	2.567730e+05
6.502200e+01	2.571390e+05
6.507200e+01	2.564910e+05
6.512200e+01	2.564850e+05
6.517200e+01	2.571350e+05
6.522200e+01	2.567810e+05
6.527200e+01	2.569790e+05
6.532200e+01	2.568240e+05
6.537200e+01	2.631540e+05
6.542300e+01	2.637560e+05
6.547200e+01	2.630940e+05
6.552300e+01	2.621170e+05
6.557300e+01	2.614670e+05
6.562300e+01	2.602710e+05
6.567300e+01	2.604020e+05
6.572300e+01	2.590440e+05
6.577300e+01	2.597840e+05
6.582300e+01	2.594630e+05
6.587400e+01	2.590600e+05
6.592400e+01	2.582790e+05
6.597300e+01	2.586430e+05
6.602300e+01	2.582920e+05
6.607300e+01	2.590910e+05
6.612300e+01	2.581000e+05
6.617400e+01	2.572510e+05
6.622400e+01	2.580980e+05
6.627500e+01	2.577760e+05
6.632400e+01	2.588940e+05
6.637400e+01	2.658810e+05
6.642400e+01	2.649260e+05
6.647400e+01	2.644480e+05
6.652500e+01	2.631790e+05
6.657600e+01	2.626340e+05
6.662500e+01	2.628990e+05
6.667500e+01	2.621540e+05
6.672500e+01	2.613670e+05
6.677500e+01	2.606330e+05
6.682500e+01	2.614920e+05
6.687500e+01	2.605550e+05
6.692500e+01	2.608560e+05
6.697500e+01	2.596100e+05
6.702500e+01	2.603630e+05
6.707600e+01	2.600380e+05
6.712600e+01	2.596090e+05
6.717500e+01	2.596760e+05
6.722600e+01	2.597920e+05
6.727600e+01	2.594160e+05
6.732700e+01	2.608690e+05
6.737600e+01	2.669450e+05
6.742600e+01	2.672030e+05
6.747700e+01	2.664120e+05
6.752600e+01	2.651040e+05
6.757700e+01	2.648700e+05
6.762700e+01	2.638270e+05
6.767700e+01	2.633720e+05
6.772700e+01	2.632400e+05
6.777700e+01	2.632180e+05
6.782700e+01	2.620660e+05
6.787700e+01	2.618990e+05
6.792700e+01	2.619600e+05
6.797800e+01	2.622010e+05
6.802800e+01	2.621250e+05
6.807800e+01	2.615650e+05
6.812700e+01	2.610230e+05
6.817700e+01	2.607960e+05
6.822700e+01	2.616820e+05
6.827800e+01	2.622380e+05
6.832800e+01	2.632690e+05
6.837800e+01	2.690020e+05
6.842800e+01	2.685780e+05
6.847800e+01	2.676170e+05
6.852800e+01	2.667500e+05
6.857800e+01	2.662470e+05
6.862900e+01	2.660530e+05
6.867900e+01	2.645690e+05
6.872900e+01	2.643080e+05
6.878000e+01	2.640370e+05
6.882900e+01	2.643670e+05
6.887800e+01	2.638470e+05
6.892900e+01	2.635440e+05
6.897900e+01	2.637640e+05
6.902900e+01	2.632660e+05
6.907900e+01	2.632490e+05
6.912900e+01	2.627520e+05
6.918000e+01	2.634250e+05
6.922900e+01	2.627830e+05
6.927900e+01	2.627390e+05
6.932900e+01	2.642620e+05
6.938000e+01	2.706990e+05
6.943000e+01	2.706190e+05
6.948000e+01	2.690640e+05
6.953000e+01	2.679910e+05
6.958100e+01	2.676940e+05
6.963000e+01	2.672240e+05
6.968000e+01	2.667260e+05
6.973100e+01	2.657170e+05
6.978100e+01	2.659580e+05
6.983100e+01	2.658970e+05
6.988100e+01	2.649650e+05
6.993100e+01	2.659030e+05
6.998100e+01	2.650620e+05
7.003100e+01	2.654950e+05
7.008100e+01	2.649580e+05
7.013200e+01	2.643620e+05
7.018200e+01	2.646770e+05
7.023100e+01	2.644240e+05
7.028100e+01	2.648750e+05
7.033100e+01	2.660650e+05
7.038200e+01	2.728300e+05
7.043200e+01	2.717830e+05
7.048200e+01	2.713780e+05
7.053300e+01	2.702900e+05
7.058300e+01	2.698400e+05
7.063200e+01	2.690370e+05
7.068200e+01	2.688430e+05
7.073200e+01	2.673550e+05
7.078200e+01	2.679930e+05
7.083200e+01	2.676080e+05
7.088200e+01	2.671650e+05
7.093300e+01	2.660700e+05
7.098300e+01	2.665930e+05
7.103300e+01	2.665860e+05
7.108400e+01	2.672190e+05
7.113300e+01	2.662120e+05
7.118400e+01	2.659260e+05
7.123300e+01	2.656900e+05
7.128400e+01	2.666240e+05
7.133300e+01	2.680110e+05
7.138400e+01	2.745420e+05
7.143400e+01	2.738130e+05
7.148400e+01	2.723540e+05
7.153400e+01	2.716870e+05
7.158400e+01	2.709300e+05
7.163400e+01	2.703400e+05
7.168500e+01	2.702270e+05
7.173400e+01	2.695830e+05
7.178500e+01	2.688380e+05
7.183500e+01	2.691440e+05
7.188400e+01	2.684880e+05
7.193400e+01	2.690640e+05
7.198500e+01	2.685850e+05
7.203500e+01	2.686180e+05
7.208500e+01	2.677260e+05
7.213500e+01	2.672490e+05
7.218600e+01	2.682180e+05
7.223600e+01	2.682240e+05
7.228600e+01	2.683900e+05
7.233600e+01	2.698080e+05
7.238500e+01	2.755760e+05
7.243500e+01	2.752820e+05
7.248600e+01	2.742990e+05
7.253600e+01	2.734930e+05
7.258600e+01	2.723290e+05
7.263600e+01	2.722330e+05
7.268600e+01	2.713960e+05
7.273600e+01	2.711860e+05
7.278700e+01	2.711870e+05
7.283600e+01	2.710010e+05
7.288700e+01	2.707450e+05
7.293700e+01	2.698660e+05
7.298600e+01	2.699650e+05
7.303700e+01	2.704970e+05
7.308700e+01	2.695360e+05
7.313700e+01	2.699000e+05
7.318700e+01	2.692010e+05
7.323700e+01	2.692030e+05
7.328700e+01	2.692200e+05
7.333800e+01	2.712260e+05
7.338800e+01	2.769040e+05
7.343700e+01	2.769020e+05
7.348800e+01	2.749480e+05
7.353800e+01	2.747550e+05
7.358800e+01	2.736130e+05
7.363800e+01	2.740910e+05
7.368900e+01	2.729160e+05
7.373800e+01	2.734730e+05
7.378800e+01	2.715830e+05
7.383800e+01	2.724970e+05
7.388900e+01	2.742090e+05
7.393800e+01	2.722240e+05
7.398900e+01	2.720130e+05
7.403900e+01	2.717130e+05
7.408900e+01	2.712370e+05
7.413800e+01	2.703990e+05
7.418900e+01	2.711250e+05
7.423900e+01	2.713380e+05
7.428900e+01	2.713690e+05
7.434000e+01	2.731280e+05
7.439000e+01	2.788550e+05
7.443900e+01	2.779270e+05
7.448900e+01	2.767070e+05
7.454000e+01	2.756620e+05
7.459000e+01	2.753270e+05
7.464000e+01	2.745670e+05
7.469000e+01	2.742250e+05
7.474000e+01	2.738890e+05
7.479000e+01	2.737870e+05
7.484000e+01	2.735650e+05
7.489000e+01	2.731980e+05
7.494000e+01	2.726450e+05
7.499000e+01	2.726330e+05
7.504100e+01	2.731030e+05
7.509100e+01	2.727710e+05
7.514000e+01	2.727470e+05
7.519000e+01	2.716690e+05
7.524100e+01	2.721280e+05
7.529100e+01	2.717510e+05
7.534200e+01	2.757570e+05
7.539100e+01	2.800120e+05
7.544100e+01	2.798310e+05
7.549100e+01	2.770460e+05
7.554100e+01	2.773710e+05
7.559100e+01	2.761430e+05
7.564100e+01	2.764530e+05
7.569200e+01	2.755930e+05
7.574200e+01	2.754050e+05
7.579200e+01	2.752160e+05
7.584200e+01	2.743390e+05
7.589300e+01	2.742400e+05
7.594200e+01	2.777170e+05
7.599300e+01	2.742670e+05
7.604200e+01	2.741000e+05
7.609200e+01	2.738800e+05
7.614200e+01	2.728640e+05
7.619300e+01	2.737330e+05
7.624300e+01	2.732150e+05
7.629300e+01	2.742890e+05
7.634300e+01	2.760270e+05
7.639300e+01	2.813100e+05
7.644300e+01	2.802340e+05
7.649400e+01	2.797350e+05
7.654400e+01	2.783540e+05
7.659400e+01	2.781300e+05
7.664400e+01	2.776010e+05
7.669400e+01	2.764240e+05
7.674300e+01	2.765800e+05
7.679400e+01	2.763680e+05
7.684400e+01	2.763050e+05
7.689400e+01	2.751020e+05
7.694400e+01	2.748220e+05
7.699400e+01	2.746990e+05
7.704500e+01	2.756280e+05
7.709500e+01	2.746890e+05
7.714500e+01	2.751540e+05
7.719400e+01	2.739050e+05
7.724400e+01	2.749150e+05
7.729500e+01	2.744740e+05
7.734500e+01	2.785850e+05
7.739500e+01	2.824740e+05
7.744500e+01	2.819260e+05
7.749500e+01	2.800860e+05
7.754600e+01	2.791950e+05
7.759500e+01	2.789890e+05
7.764500e+01	2.785050e+05
7.769500e+01	2.786840e+05
7.774500e+01	2.778090e+05
7.779600e+01	2.773330e+05
7.784600e+01	2.767650e+05
7.789600e+01	2.775320e+05
7.794600e+01	2.764600e+05
7.799600e+01	2.765550e+05
7.804600e+01	2.760610e+05
7.809600e+01	2.764340e+05
7.814600e+01	2.759640e+05
7.819600e+01	2.757120e+05
7.824600e+01	2.759230e+05
7.829700e+01	2.756780e+05
7.834600e+01	2.794620e+05
7.839700e+01	2.831750e+05
7.844700e+01	2.823570e+05
7.849600e+01	2.810020e+05
7.854700e+01	2.803960e+05
7.859700e+01	2.790490e+05
7.864700e+01	2.798520e+05
7.869700e+01	2.780790e+05
7.874700e+01	2.782560e+05
7.879800e+01	2.781110e+05
7.884800e+01	2.778110e+05
7.889800e+01	2.771450e+05
7.894800e+01	2.771390e+05
7.899800e+01	2.797780e+05
7.904900e+01	2.780180e+05
7.909800e+01	2.799840e+05
7.914900e+01	2.771730e+05
7.919900e+01	2.763940e+05
7.924900e+01	2.763110e+05
7.929900e+01	2.762940e+05
7.934900e+01	2.796620e+05
7.939900e+01	2.844890e+05
7.944900e+01	2.824670e+05
7.950000e+01	2.825520e+05
7.954900e+01	2.811960e+05
7.959900e+01	2.806650e+05
7.964900e+01	2.804070e+05
7.969900e+01	2.789550e+05
7.974900e+01	2.787790e+05
7.979900e+01	2.789270e+05
7.984900e+01	2.782810e+05
7.990000e+01	2.785230e+05
7.995000e+01	2.776060e+05
8.000000e+01	2.774810e+05
8.005000e+01	2.770910e+05
8.010000e+01	2.774670e+05
8.015000e+01	2.772020e+05
8.020000e+01	2.770160e+05
8.025100e+01	2.772130e+05
8.030000e+01	2.766320e+05
8.035000e+01	2.809850e+05
8.040000e+01	2.840030e+05
8.045100e+01	2.837340e+05
8.050100e+01	2.820910e+05
8.055100e+01	2.809930e+05
8.060100e+01	2.801520e+05
8.065100e+01	2.802410e+05
8.070100e+01	2.793880e+05
8.075100e+01	2.799290e+05
8.080200e+01	2.785670e+05
8.085100e+01	2.784750e+05
8.090100e+01	2.781730e+05
8.095200e+01	2.775600e+05
8.100200e+01	2.780550e+05
8.105100e+01	2.782010e+05
8.110200e+01	2.775150e+05
8.115200e+01	2.771330e+05
8.120200e+01	2.771060e+05
8.125200e+01	2.776210e+05
8.130200e+01	2.773150e+05
8.135200e+01	2.811710e+05
8.140200e+01	2.846660e+05
8.145200e+01	2.830020e+05
8.150200e+01	2.831520e+05
8.155300e+01	2.817820e+05
8.160300e+01	2.812900e+05
8.165300e+01	2.800890e+05
8.170300e+01	2.798380e+05
8.175300e+01	2.792500e+05
8.180300e+01	2.795860e+05
8.185300e+01	2.792930e+05
8.190400e+01	2.784390e+05
8.195400e+01	2.785910e+05
8.200400e+01	2.777950e+05
8.205400e+01	2.782600e+05
8.210300e+01	2.777710e+05
8.215400e+01	2.781400e+05
8.220400e+01	2.774480e+05
8.225500e+01	2.773460e+05
8.230400e+01	2.767130e+05
8.235400e+01	2.823060e+05
8.240500e+01	2.839770e+05
8.245400e+01	2.840560e+05
8.250500e+01	2.816420e+05
8.255500e+01	2.815490e+05
8.260500e+01	2.799230e+05
8.265400e+01	2.804380e+05
8.270400e+01	2.799810e+05
8.275500e+01	2.797900e+05
8.280500e+01	2.787630e+05
8.285500e+01	2.787560e+05
8.290600e+01	2.779440e+05
8.295500e+01	2.777150e+05
8.300600e+01	2.780090e+05
8.305600e+01	2.782390e+05
8.310600e+01	2.785420e+05
8.315600e+01	2.766950e+05
8.320600e+01	2.777190e+05
8.325600e+01	2.769820e+05
8.330600e+01	2.780240e+05
8.335600e+01	2.819870e+05
8.340600e+01	2.851510e+05
8.345600e+01	2.829290e+05
8.350700e+01	2.817440e+05
8.355600e+01	2.810200e+05
8.360600e+01	2.808710e+05
8.365700e+01	2.804360e+05
8.370700e+01	2.790910e+05
8.375700e+01	2.791430e+05
8.380700e+01	2.784430e+05
8.385700e+01	2.783420e+05
8.390700e+01	2.782440e+05
8.395800e+01	2.784890e+05
8.400800e+01	2.772280e+05
8.405700e+01	2.779450e+05
8.410800e+01	2.765750e+05
8.415800e+01	2.777280e+05
8.420800e+01	2.768450e+05
8.425800e+01	2.775760e+05
8.430800e+01	2.766170e+05
8.435800e+01	2.819410e+05
8.440800e+01	2.840880e+05
8.445800e+01	2.830170e+05
8.450800e+01	2.817270e+05
8.455800e+01	2.809410e+05
8.460900e+01	2.801610e+05
8.465900e+01	2.799290e+05
8.470900e+01	2.787410e+05
8.475900e+01	2.788370e+05
8.480900e+01	2.785930e+05
8.485900e+01	2.784040e+05
8.490900e+01	2.783420e+05
8.495900e+01	2.777240e+05
8.500900e+01	2.780770e+05
8.505900e+01	2.772650e+05
8.510900e+01	2.777490e+05
8.515900e+01	2.774020e+05
8.520900e+01	2.772170e+05
8.526000e+01	2.772540e+05
8.531000e+01	2.767430e+05
8.536000e+01	2.819540e+05
8.541000e+01	2.832570e+05
8.546000e+01	2.826930e+05
8.551000e+01	2.812510e+05
8.556000e+01	2.809410e+05
8.561000e+01	2.798230e+05
8.566000e+01	2.798150e+05
8.571000e+01	2.791790e+05
8.576100e+01	2.787790e+05
8.581000e+01	2.786660e+05
8.586000e+01	2.783580e+05
8.591100e+01	2.775780e+05
8.596100e+01	2.773980e+05
8.601000e+01	2.778570e+05
8.606200e+01	2.777400e+05
8.611100e+01	2.773760e+05
8.616100e+01	2.766420e+05
8.621200e+01	2.778390e+05
8.626200e+01	2.770720e+05
8.631200e+01	2.774000e+05
8.636100e+01	2.820090e+05
8.641200e+01	2.844430e+05
8.646200e+01	2.820650e+05
8.651200e+01	2.809990e+05
8.656300e+01	2.802110e+05
8.661200e+01	2.806030e+05
8.666300e+01	2.801370e+05
8.671200e+01	2.795990e+05
8.676300e+01	2.777870e+05
8.681300e+01	2.781600e+05
8.686300e+01	2.779280e+05
8.691300e+01	2.785610e+05
8.696300e+01	2.772530e+05
8.701300e+01	2.769350e+05
8.706300e+01	2.776250e+05
8.711300e+01	2.766220e+05
8.716300e+01	2.773790e+05
8.721400e+01	2.761440e+05
8.726400e+01	2.770270e+05
8.731400e+01	2.769260e+05
8.736300e+01	2.824750e+05
8.741400e+01	2.827340e+05
8.746400e+01	2.822250e+05
8.751400e+01	2.809110e+05
8.756400e+01	2.812850e+05
8.761400e+01	2.795610e+05
8.766400e+01	2.788630e+05
8.771400e+01	2.783140e+05
8.776400e+01	2.785350e+05
8.781400e+01	2.782560e+05
8.786500e+01	2.780650e+05
8.791500e+01	2.776240e+05
8.796500e+01	2.765020e+05
8.801500e+01	2.766880e+05
8.806500e+01	2.767650e+05
8.811500e+01	2.773990e+05
8.816500e+01	2.758980e+05
8.821500e+01	2.768950e+05
8.826500e+01	2.753290e+05
8.831500e+01	2.764170e+05
8.836500e+01	2.812710e+05
8.841500e+01	2.835070e+05
8.846500e+01	2.814860e+05
8.851500e+01	2.806500e+05
8.856600e+01	2.794000e+05
8.861600e+01	2.798030e+05
8.866700e+01	2.787680e+05
8.871600e+01	2.787720e+05
8.876700e+01	2.772500e+05
8.881700e+01	2.774570e+05
8.886700e+01	2.767630e+05
8.891700e+01	2.770810e+05
8.896800e+01	2.771050e+05
8.901700e+01	2.760600e+05
8.906700e+01	2.765240e+05
8.911800e+01	2.761990e+05
8.916700e+01	2.758880e+05
8.921700e+01	2.763620e+05
8.926700e+01	2.755410e+05
8.931700e+01	2.755200e+05
8.936800e+01	2.809650e+05
8.941700e+01	2.825310e+05
8.946800e+01	2.810360e+05
8.951800e+01	2.796060e+05
8.956700e+01	2.785660e+05
8.961700e+01	2.781860e+05
8.966800e+01	2.785120e+05
8.971800e+01	2.777930e+05
8.976800e+01	2.775530e+05
8.981800e+01	2.769630e+05
8.986800e+01	2.763500e+05
8.991900e+01	2.769660e+05
8.996800e+01	2.760540e+05
9.001900e+01	2.757450e+05
9.006900e+01	2.758510e+05
9.011900e+01	2.755660e+05
9.016900e+01	2.750020e+05
9.021900e+01	2.751770e+05
9.026900e+01	2.751610e+05
9.031900e+01	2.759890e+05
9.036900e+01	2.803440e+05
9.041900e+01	2.821300e+05
9.046900e+01	2.801380e+05
9.052000e+01	2.795900e+05
9.057000e+01	2.789890e+05
9.062000e+01	2.779730e+05
9.067000e+01	2.777790e+05
9.072000e+01	2.767650e+05
9.077000e+01	2.761650e+05
9.082000e+01	2.757430e+05
9.087100e+01	2.755470e+05
9.092000e+01	2.758620e+05
9.097000e+01	2.758690e+05
9.102000e+01	2.749790e+05
9.107000e+01	2.750090e+05
9.112100e+01	2.746820e+05
9.117100e+01	2.746720e+05
9.122100e+01	2.744580e+05
9.127100e+01	2.743820e+05
9.132100e+01	2.745440e+05
9.137100e+01	2.800670e+05
9.142100e+01	2.810170e+05
9.147100e+01	2.798360e+05
9.152100e+01	2.783420e+05
9.157200e+01	2.773020e+05
9.162200e+01	2.769790e+05
9.167100e+01	2.767950e+05
9.172100e+01	2.766040e+05
9.177100e+01	2.753630e+05
9.182100e+01	2.753400e+05
9.187100e+01	2.751270e+05
9.192200e+01	2.752050e+05
9.197200e+01	2.745110e+05
9.202200e+01	2.748220e+05
9.207300e+01	2.734380e+05
9.212300e+01	2.742070e+05
9.217300e+01	2.730600e+05
9.222300e+01	2.737260e+05
9.227300e+01	2.735950e+05
9.232300e+01	2.746870e+05
9.237300e+01	2.795400e+05
9.242300e+01	2.792410e+05
9.247300e+01	2.785700e+05
9.252300e+01	2.774720e+05
9.257300e+01	2.768830e+05
9.262400e+01	2.755270e+05
9.267400e+01	2.762940e+05
9.272300e+01	2.744640e+05
9.277300e+01	2.747170e+05
9.282400e+01	2.735450e+05
9.287400e+01	2.747690e+05
9.292400e+01	2.729450e+05
9.297500e+01	2.763750e+05
9.302500e+01	2.732980e+05
9.307400e+01	2.735060e+05
9.312400e+01	2.727920e+05
9.317500e+01	2.759820e+05
9.322500e+01	2.730490e+05
9.327500e+01	2.723310e+05
9.332500e+01	2.730230e+05
9.337500e+01	2.784250e+05
9.342400e+01	2.791720e+05
9.347500e+01	2.772110e+05
9.352500e+01	2.770110e+05
9.357500e+01	2.745090e+05
9.362500e+01	2.758650e+05
9.367600e+01	2.738760e+05
9.372600e+01	2.749380e+05
9.377600e+01	2.737890e+05
9.382500e+01	2.727700e+05
9.387600e+01	2.728740e+05
9.392600e+01	2.726900e+05
9.397600e+01	2.726360e+05
9.402600e+01	2.727830e+05
9.407600e+01	2.722070e+05
9.412600e+01	2.721280e+05
9.417700e+01	2.719830e+05
9.422700e+01	2.710320e+05
9.427700e+01	2.717680e+05
9.432700e+01	2.719620e+05
9.437700e+01	2.782710e+05
9.442700e+01	2.766930e+05
9.447700e+01	2.769980e+05
9.452700e+01	2.753530e+05
9.457700e+01	2.753120e+05
9.462700e+01	2.738510e+05
9.467700e+01	2.732840e+05
9.472700e+01	2.729640e+05
9.477800e+01	2.720460e+05
9.482700e+01	2.723940e+05
9.487800e+01	2.715210e+05
9.492800e+01	2.717320e+05
9.497800e+01	2.712110e+05
9.502800e+01	2.711120e+05
9.507800e+01	2.709760e+05
9.512800e+01	2.715460e+05
9.517800e+01	2.705600e+05
9.522800e+01	2.710580e+05
9.527800e+01	2.696510e+05
9.532900e+01	2.717210e+05
9.537900e+01	2.770980e+05
9.542900e+01	2.774210e+05
9.547800e+01	2.749520e+05
9.552900e+01	2.743060e+05
9.557900e+01	2.730760e+05
9.562900e+01	2.719860e+05
9.567900e+01	2.721880e+05
9.572900e+01	2.723140e+05
9.577900e+01	2.714750e+05
9.582900e+01	2.707490e+05
9.587900e+01	2.702080e+05
9.592900e+01	2.705240e+05
9.598000e+01	2.709040e+05
9.602900e+01	2.701030e+05
9.608000e+01	2.700640e+05
9.613000e+01	2.689850e+05
9.618000e+01	2.696010e+05
9.623100e+01	2.686050e+05
9.628100e+01	2.698290e+05
9.633000e+01	2.694930e+05
9.638000e+01	2.762880e+05
9.643000e+01	2.751320e+05
9.648000e+01	2.741580e+05
9.653100e+01	2.732070e+05
9.658100e+01	2.717910e+05
9.663100e+01	2.716880e+05
9.668000e+01	2.708890e+05
9.673200e+01	2.705960e+05
9.678100e+01	2.701330e+05
9.683200e+01	2.698780e+05
9.688200e+01	2.694610e+05
9.693200e+01	2.695920e+05
9.698100e+01	2.684060e+05
9.703200e+01	2.693860e+05
9.708200e+01	2.685170e+05
9.713200e+01	2.693330e+05
9.718200e+01	2.682660e+05
9.723200e+01	2.681570e+05
9.728300e+01	2.675520e+05
9.733200e+01	2.692980e+05
9.738200e+01	2.749640e+05
9.743200e+01	2.738830e+05
9.748200e+01	2.726750e+05
9.753300e+01	2.724130e+05
9.758300e+01	2.708970e+05
9.763300e+01	2.702260e+05
9.768300e+01	2.700160e+05
9.773300e+01	2.693090e+05
9.778300e+01	2.685250e+05
9.783300e+01	2.681160e+05
9.788300e+01	2.678630e+05
9.793400e+01	2.682790e+05
9.798400e+01	2.683480e+05
9.803300e+01	2.674080e+05
9.808400e+01	2.669910e+05
9.813400e+01	2.669590e+05
9.818400e+01	2.666410e+05
9.823400e+01	2.676290e+05
9.828400e+01	2.669250e+05
9.833400e+01	2.680950e+05
9.838400e+01	2.730090e+05
9.843400e+01	2.722590e+05
9.848400e+01	2.710330e+05
9.853500e+01	2.712790e+05
9.858400e+01	2.687870e+05
9.863500e+01	2.687430e+05
9.868400e+01	2.671690e+05
9.873400e+01	2.678380e+05
9.878500e+01	2.674240e+05
9.883500e+01	2.675290e+05
9.888600e+01	2.671230e+05
9.893500e+01	2.663010e+05
9.898500e+01	2.658200e+05
9.903500e+01	2.661170e+05
9.908600e+01	2.659090e+05
9.913500e+01	2.662420e+05
9.918500e+01	2.653480e+05
9.923600e+01	2.654490e+05
9.928600e+01	2.655590e+05
9.933600e+01	2.669820e+05
9.938600e+01	2.724810e+05
9.943600e+01	2.705610e+05
9.948600e+01	2.702410e+05
9.953700e+01	2.685570e+05
9.958700e+01	2.683250e+05
9.963700e+01	2.671660e+05
9.968700e+01	2.673100e+05
9.973600e+01	2.664510e+05
9.978700e+01	2.661600e+05
9.983600e+01	2.648110e+05
9.988700e+01	2.654240e+05
9.993700e+01	2.650500e+05
9.998700e+01	2.652370e+05
1.000370e+02	2.645750e+05
1.000880e+02	2.648670e+05
1.001380e+02	2.644270e+05
1.001870e+02	2.646250e+05
1.002380e+02	2.642990e+05
1.002880e+02	2.640890e+05
1.003380e+02	2.660830e+05
1.003880e+02	2.698860e+05
1.004380e+02	2.697960e+05
1.004880e+02	2.688160e+05
1.005380e+02	2.682000e+05
1.005880e+02	2.662810e+05
1.006390e+02	2.661730e+05
1.006890e+02	2.654000e+05
1.007380e+02	2.652370e+05
1.007890e+02	2.644390e+05
1.008390e+02	2.646170e+05
1.008890e+02	2.639060e+05
1.009390e+02	2.637200e+05
1.009900e+02	2.638190e+05
1.010400e+02	2.632470e+05
1.010890e+02	2.637200e+05
1.011400e+02	2.632660e+05
1.011900e+02	2.633600e+05
1.012390e+02	2.622600e+05
1.012900e+02	2.636450e+05
1.013400e+02	2.647020e+05
1.013890e+02	2.697840e+05
1.014400e+02	2.679080e+05
1.014900e+02	2.673650e+05
1.015400e+02	2.659290e+05
1.015900e+02	2.657110e+05
1.016400e+02	2.640580e+05
1.016910e+02	2.645680e+05
1.017410e+02	2.644510e+05
1.017900e+02	2.636540e+05
1.018410e+02	2.634120e+05
1.018910e+02	2.628410e+05
1.019410e+02	2.632560e+05
1.019910e+02	2.623550e+05
1.020410e+02	2.622810e+05
1.020910e+02	2.617410e+05
1.021410e+02	2.623490e+05
1.021910e+02	2.616580e+05
1.022420e+02	2.623350e+05
1.022910e+02	2.609300e+05
1.023420e+02	2.645030e+05
1.023920e+02	2.681470e+05
1.024410e+02	2.675490e+05
1.024910e+02	2.662100e+05
1.025410e+02	2.653630e+05
1.025920e+02	2.638530e+05
1.026420e+02	2.631280e+05
1.026920e+02	2.631380e+05
1.027420e+02	2.625660e+05
1.027920e+02	2.624360e+05
1.028430e+02	2.612320e+05
1.028930e+02	2.620450e+05
1.029420e+02	2.607820e+05
1.029930e+02	2.614170e+05
1.030430e+02	2.608200e+05
1.030930e+02	2.614670e+05
1.031430e+02	2.606910e+05
1.031930e+02	2.608640e+05
1.032440e+02	2.597760e+05
1.032930e+02	2.603720e+05
1.033430e+02	2.619740e+05
1.033940e+02	2.671650e+05
1.034440e+02	2.654410e+05
1.034940e+02	2.640280e+05
1.035440e+02	2.638630e+05
1.035940e+02	2.625160e+05
1.036450e+02	2.621840e+05
1.036940e+02	2.618190e+05
1.037450e+02	2.618800e+05
1.037950e+02	2.602510e+05
1.038450e+02	2.606700e+05
1.038940e+02	2.598030e+05
1.039440e+02	2.608070e+05
1.039940e+02	2.595330e+05
1.040450e+02	2.598260e+05
1.040950e+02	2.588150e+05
1.041440e+02	2.592540e+05
1.041950e+02	2.586760e+05
1.042450e+02	2.591430e+05
1.042950e+02	2.597360e+05
1.043450e+02	2.615050e+05
1.043960e+02	2.654730e+05
1.044450e+02	2.639940e+05
1.044950e+02	2.624530e+05
1.045460e+02	2.619590e+05
1.045950e+02	2.613270e+05
1.046460e+02	2.601750e+05
1.046960e+02	2.601740e+05
1.047460e+02	2.598980e+05
1.047960e+02	2.600130e+05
1.048460e+02	2.585500e+05
1.048960e+02	2.585620e+05
1.049470e+02	2.584980e+05
1.049970e+02	2.587370e+05
1.050460e+02	2.581150e+05
1.050970e+02	2.582350e+05
1.051470e+02	2.580320e+05
1.051970e+02	2.579610e+05
1.052470e+02	2.573460e+05
1.052970e+02	2.582080e+05
1.053470e+02	2.606700e+05
1.053980e+02	2.636690e+05
1.054480e+02	2.629210e+05
1.054970e+02	2.613600e+05
1.055480e+02	2.611800e+05
1.055980e+02	2.596850e+05
1.056470e+02	2.595080e+05
1.056980e+02	2.579650e+05
1.057480e+02	2.581790e+05
1.057980e+02	2.574670e+05
1.058480e+02	2.578960e+05
1.058980e+02	2.568570e+05
1.059480e+02	2.573390e+05
1.059980e+02	2.567010e+05
1.060480e+02	2.564190e+05
1.060990e+02	2.570400e+05
1.061490e+02	2.568300e+05
1.061990e+02	2.565310e+05
1.062490e+02	2.556280e+05
1.062990e+02	2.558540e+05
1.063490e+02	2.590120e+05
1.063990e+02	2.626390e+05
1.064500e+02	2.610290e+05
1.064990e+02	2.598610e+05
1.065490e+02	2.591400e+05
1.065990e+02	2.590520e+05
1.066500e+02	2.573360e+05
1.066990e+02	2.580570e+05
1.067500e+02	2.575400e+05
1.068000e+02	2.567580e+05
1.068500e+02	2.561690e+05
1.069020e+02	2.563660e+05
1.069510e+02	2.558010e+05
1.070000e+02	2.561140e+05
1.070510e+02	2.555330e+05
1.071000e+02	2.556640e+05
1.071510e+02	2.552020e+05
1.072010e+02	2.549750e+05
1.072500e+02	2.542250e+05
1.073010e+02	2.548170e+05
1.073510e+02	2.588910e+05
1.074010e+02	2.612520e+05
1.074520e+02	2.594710e+05
1.075010e+02	2.588420e+05
1.075510e+02	2.581500e+05
1.076010e+02	2.573590e+05
1.076510e+02	2.567890e+05
1.077020e+02	2.563550e+05
1.077520e+02	2.562380e+05
1.078020e+02	2.563780e+05
1.078520e+02	2.555030e+05
1.079030e+02	2.550140e+05
1.079530e+02	2.551580e+05
1.080020e+02	2.549350e+05
1.080520e+02	2.544050e+05
1.081030e+02	2.548360e+05
1.081520e+02	2.538970e+05
1.082030e+02	2.549450e+05
1.082530e+02	2.533760e+05
1.083030e+02	2.540590e+05
1.083530e+02	2.576870e+05
1.084030e+02	2.607210e+05
1.084540e+02	2.585220e+05
1.085030e+02	2.583560e+05
1.085530e+02	2.568640e+05
1.086030e+02	2.566000e+05
1.086530e+02	2.551160e+05
1.087030e+02	2.583820e+05
1.087540e+02	2.559760e+05
1.088030e+02	2.554530e+05
1.088540e+02	2.542380e+05
1.089040e+02	2.534950e+05
1.089550e+02	2.540300e+05
1.090030e+02	2.535340e+05
1.090540e+02	2.533280e+05
1.091040e+02	2.535010e+05
1.091540e+02	2.542870e+05
1.092050e+02	2.529480e+05
1.092540e+02	2.529810e+05
1.093050e+02	2.532720e+05
1.093540e+02	2.570490e+05
1.094050e+02	2.595260e+05
1.094550e+02	2.576690e+05
1.095050e+02	2.565810e+05
1.095550e+02	2.566160e+05
1.096060e+02	2.557300e+05
1.096550e+02	2.553090e+05
1.097050e+02	2.549300e+05
1.097550e+02	2.538280e+05
1.098050e+02	2.544090e+05
1.098550e+02	2.528750e+05
1.099060e+02	2.538250e+05
1.099560e+02	2.523860e+05
1.100060e+02	2.531030e+05
1.100560e+02	2.524820e+05
1.101060e+02	2.527980e+05
1.101560e+02	2.532760e+05
1.102060e+02	2.527640e+05
1.102570e+02	2.517310e+05
1.103070e+02	2.520470e+05
1.103570e+02	2.559850e+05
1.104070e+02	2.590090e+05
1.104570e+02	2.564610e+05
1.105070e+02	2.558000e+05
1.105570e+02	2.555610e+05
1.106070e+02	2.548520e+05
1.106570e+02	2.548640e+05
1.107070e+02	2.534330e+05
1.107580e+02	2.547090e+05
1.108070e+02	2.528680e+05
1.108570e+02	2.532960e+05
1.109070e+02	2.523970e+05
1.109570e+02	2.528060e+05
1.110080e+02	2.527910e+05
1.110590e+02	2.522730e+05
1.111080e+02	2.541670e+05
1.111580e+02	2.531080e+05
1.112080e+02	2.536370e+05
1.112580e+02	2.520310e+05
1.113090e+02	2.524180e+05
1.113590e+02	2.559510e+05
1.114090e+02	2.584870e+05
1.114590e+02	2.565920e+05
1.115090e+02	2.558240e+05
1.115590e+02	2.549930e+05
1.116080e+02	2.551360e+05
1.116590e+02	2.527670e+05
1.117090e+02	2.538300e+05
1.117590e+02	2.530960e+05
1.118090e+02	2.535490e+05
1.118590e+02	2.522530e+05
1.119090e+02	2.524180e+05
1.119600e+02	2.518630e+05
1.120100e+02	2.519450e+05
1.120600e+02	2.518050e+05
1.121090e+02	2.518870e+05
1.121600e+02	2.516100e+05
1.122100e+02	2.511170e+05
1.122600e+02	2.512980e+05
1.123100e+02	2.510470e+05
1.123610e+02	2.564740e+05
1.124110e+02	2.577750e+05
1.124600e+02	2.566950e+05
1.125110e+02	2.552340e+05
1.125610e+02	2.542230e+05
1.126110e+02	2.539340e+05
1.126610e+02	2.539570e+05
1.127110e+02	2.532080e+05
1.127610e+02	2.533940e+05
1.128120e+02	2.523160e+05
1.128620e+02	2.519920e+05
1.129120e+02	2.520370e+05
1.129610e+02	2.524090e+05
1.130120e+02	2.522830e+05
1.130620e+02	2.513090e+05
1.131110e+02	2.513740e+05
1.131620e+02	2.510090e+05
1.132120e+02	2.511640e+05
1.132620e+02	2.509010e+05
1.133130e+02	2.513890e+05
1.133630e+02	2.560220e+05
1.134120e+02	2.576920e+05
1.134620e+02	2.557650e+05
1.135120e+02	2.550010e+05
1.135620e+02	2.544770e+05
1.136130e+02	2.541610e+05
1.136630e+02	2.532300e+05
1.137130e+02	2.526400e+05
1.137630e+02	2.531670e+05
1.138130e+02	2.521410e+05
1.138640e+02	2.524030e+05
1.139140e+02	2.515060e+05
1.139630e+02	2.519220e+05
1.140130e+02	2.510780e+05
1.140630e+02	2.508340e+05
1.141140e+02	2.513670e+05
1.141630e+02	2.513450e+05
1.142140e+02	2.513070e+05
1.142640e+02	2.510890e+05
1.143130e+02	2.507070e+05
1.143640e+02	2.565240e+05
1.144140e+02	2.572230e+05
1.144650e+02	2.558730e+05
1.145150e+02	2.550180e+05
1.145640e+02	2.547180e+05
1.146150e+02	2.539810e+05
1.146650e+02	2.534450e+05
1.147140e+02	2.531040e+05
1.147640e+02	2.527660e+05
1.148150e+02	2.526850e+05
1.148650e+02	2.518190e+05
1.149150e+02	2.517810e+05
1.149660e+02	2.516430e+05
1.150160e+02	2.516020e+05
1.150660e+02	2.512370e+05
1.151160e+02	2.511020e+05
1.151660e+02	2.508890e+05
1.152160e+02	2.519130e+05
1.152660e+02	2.502820e+05
1.153160e+02	2.508860e+05
1.153660e+02	2.561400e+05
1.154150e+02	2.573360e+05
1.154670e+02	2.556870e+05
1.155160e+02	2.555850e+05
1.155670e+02	2.550110e+05
1.156170e+02	2.541620e+05
1.156670e+02	2.531200e+05
1.157170e+02	2.527850e+05
1.157670e+02	2.526080e+05
1.158170e+02	2.527800e+05
1.158670e+02	2.516770e+05
1.159170e+02	2.518080e+05
1.159680e+02	2.517590e+05
1.160170e+02	2.515770e+05
1.160680e+02	2.517810e+05
1.161180e+02	2.514930e+05
1.161670e+02	2.520420e+05
1.162170e+02	2.509060e+05
1.162680e+02	2.518630e+05
1.163180e+02	2.503910e+05
1.163680e+02	2.575090e+05
1.164180e+02	2.575280e+05
1.164680e+02	2.562420e+05
1.165190e+02	2.549470e+05
1.165680e+02	2.543570e+05
1.166190e+02	2.540920e+05
1.166690e+02	2.535810e+05
1.167190e+02	2.535010e+05
1.167690e+02	2.535950e+05
1.168180e+02	2.530560e+05
1.168690e+02	2.523350e+05
1.169190e+02	2.531350e+05
1.169690e+02	2.524110e+05
1.170190e+02	2.527500e+05
1.170690e+02	2.512030e+05
1.171190e+02	2.527010e+05
1.171700e+02	2.515040e+05
1.172200e+02	2.522610e+05
1.172700e+02	2.517950e+05
1.173200e+02	2.521630e+05
1.173690e+02	2.572440e+05
1.174200e+02	2.581350e+05
1.174700e+02	2.567850e+05
1.175200e+02	2.558810e+05
1.175700e+02	2.553550e+05
1.176200e+02	2.547120e+05
1.176700e+02	2.537420e+05
1.177210e+02	2.531900e+05
1.177700e+02	2.535470e+05
1.178210e+02	2.533180e+05
1.178710e+02	2.532310e+05
1.179210e+02	2.523020e+05
1.179710e+02	2.528320e+05
1.180210e+02	2.518950e+05
1.180710e+02	2.530040e+05
1.181210e+02	2.518920e+05
1.181710e+02	2.522970e+05
1.182210e+02	2.519920e+05
1.182710e+02	2.516170e+05
1.183210e+02	2.523330e+05
1.183720e+02	2.578190e+05
1.184220e+02	2.587030e+05
1.184720e+02	2.568490e+05
1.185220e+02	2.566040e+05
1.185720e+02	2.557280e+05
1.186220e+02	2.555820e+05
1.186720e+02	2.547190e+05
1.187220e+02	2.546410e+05
1.187720e+02	2.534840e+05
1.188220e+02	2.539100e+05
1.188720e+02	2.534750e+05
1.189220e+02	2.534640e+05
1.189730e+02	2.529900e+05
1.190220e+02	2.529090e+05
1.190730e+02	2.527360e+05
1.191230e+02	2.529770e+05
1.191730e+02	2.530430e+05
1.192230e+02	2.524490e+05
1.192730e+02	2.527100e+05
1.193240e+02	2.525670e+05
1.193740e+02	2.588750e+05
1.194230e+02	2.588070e+05
1.194740e+02	2.579000e+05
1.195240e+02	2.567060e+05
1.195740e+02	2.564190e+05
1.196240e+02	2.564270e+05
1.196740e+02	2.558770e+05
1.197240e+02	2.552970e+05
1.197750e+02	2.550240e+05
1.198240e+02	2.549290e+05
1.198750e+02	2.543650e+05
1.199250e+02	2.543520e+05
1.199750e+02	2.542610e+05
1.200250e+02	2.543860e+05
1.200750e+02	2.537890e+05
1.201250e+02	2.536860e+05
1.201750e+02	2.534810e+05
1.202250e+02	2.541830e+05
1.202750e+02	2.536080e+05
1.203250e+02	2.546890e+05
1.203750e+02	2.594880e+05
1.204250e+02	2.599940e+05
1.204750e+02	2.584100e+05
1.205250e+02	2.578550e+05
1.205760e+02	2.571150e+05
1.206260e+02	2.574190e+05
1.206760e+02	2.566430e+05
1.207260e+02	2.563380e+05
1.207760e+02	2.560540e+05
1.208260e+02	2.553010e+05
1.208770e+02	2.552180e+05
1.209260e+02	2.549240e+05
1.209770e+02	2.554190e+05
1.210270e+02	2.548090e+05
1.210770e+02	2.548230e+05
1.211270e+02	2.541040e+05
1.211770e+02	2.549960e+05
1.212270e+02	2.541330e+05
1.212770e+02	2.538320e+05
1.213270e+02	2.544930e+05
1.213770e+02	2.616280e+05
1.214270e+02	2.609630e+05
1.214770e+02	2.600520e+05
1.215270e+02	2.591090e+05
1.215780e+02	2.585390e+05
1.216280e+02	2.578790e+05
1.216780e+02	2.570060e+05
1.217280e+02	2.568180e+05
1.217780e+02	2.570380e+05
1.218280e+02	2.563450e+05
1.218790e+02	2.556090e+05
1.219280e+02	2.561080e+05
1.219780e+02	2.556240e+05
1.220280e+02	2.563490e+05
1.220780e+02	2.547590e+05
1.221280e+02	2.555580e+05
1.221790e+02	2.550550e+05
1.222290e+02	2.553960e+05
1.222790e+02	2.551220e+05
1.223290e+02	2.560280e+05
1.223790e+02	2.625310e+05
1.224290e+02	2.620650e+05
1.224800e+02	2.598950e+05
1.225290e+02	2.606620e+05
1.225790e+02	2.600180e+05
1.226300e+02	2.591250e+05
1.226800e+02	2.583450e+05
1.227300e+02	2.573140e+05
1.227800e+02	2.579230e+05
1.228300e+02	2.579580e+05
1.228800e+02	2.577250e+05
1.229290e+02	2.576380e+05
1.229810e+02	2.571140e+05
1.230300e+02	2.572020e+05
1.230800e+02	2.566960e+05
1.231300e+02	2.564240e+05
1.231810e+02	2.575520e+05
1.232310e+02	2.564590e+05
1.232800e+02	2.565340e+05
1.233310e+02	2.572460e+05
1.233810e+02	2.656760e+05
1.234310e+02	2.640200e+05
1.234810e+02	2.629490e+05
1.235310e+02	2.650550e+05
1.235810e+02	2.609260e+05
1.236320e+02	2.609820e+05
1.236820e+02	2.593170e+05
1.237320e+02	2.599320e+05
1.237820e+02	2.587600e+05
1.238320e+02	2.588610e+05
1.238820e+02	2.582910e+05
1.239320e+02	2.588560e+05
1.239820e+02	2.587120e+05
1.240320e+02	2.589100e+05
1.240820e+02	2.582290e+05
1.241320e+02	2.578950e+05
1.241820e+02	2.576290e+05
1.242320e+02	2.573630e+05
1.242830e+02	2.582350e+05
1.243330e+02	2.589270e+05
1.243830e+02	2.653040e+05
1.244330e+02	2.645140e+05
1.244830e+02	2.638940e+05
1.245330e+02	2.627180e+05
1.245830e+02	2.617510e+05
1.246330e+02	2.614510e+05
1.246840e+02	2.609370e+05
1.247340e+02	2.603180e+05
1.247840e+02	2.602720e+05
1.248340e+02	2.598020e+05
1.248840e+02	2.591450e+05
1.249340e+02	2.591350e+05
1.249840e+02	2.593300e+05
1.250340e+02	2.590670e+05
1.250840e+02	2.585770e+05
1.251350e+02	2.586310e+05
1.251840e+02	2.588340e+05
1.252340e+02	2.590300e+05
1.252850e+02	2.580980e+05
1.253350e+02	2.602790e+05
1.253840e+02	2.662380e+05
1.254340e+02	2.653640e+05
1.254850e+02	2.639080e+05
1.255350e+02	2.632680e+05
1.255860e+02	2.626020e+05
1.256350e+02	2.626820e+05
1.256850e+02	2.620180e+05
1.257350e+02	2.616280e+05
1.257850e+02	2.616180e+05
1.258360e+02	2.604080e+05
1.258860e+02	2.605870e+05
1.259360e+02	2.601790e+05
1.259870e+02	2.608250e+05
1.260350e+02	2.599730e+05
1.260870e+02	2.602320e+05
1.261360e+02	2.593270e+05
1.261870e+02	2.599290e+05
1.262360e+02	2.597760e+05
1.262870e+02	2.603090e+05
1.263360e+02	2.619600e+05
1.263870e+02	2.674880e+05
1.264370e+02	2.666060e+05
1.264860e+02	2.654880e+05
1.265370e+02	2.644560e+05
1.265870e+02	2.648390e+05
1.266370e+02	2.634290e+05
1.266870e+02	2.632170e+05
1.267370e+02	2.626670e+05
1.267870e+02	2.624300e+05
1.268370e+02	2.622320e+05
1.268880e+02	2.623160e+05
1.269370e+02	2.620060e+05
1.269880e+02	2.614690e+05
1.270380e+02	2.626880e+05
1.270880e+02	2.614710e+05
1.271380e+02	2.618410e+05
1.271880e+02	2.606260e+05
1.272380e+02	2.613320e+05
1.272890e+02	2.612750e+05
1.273380e+02	2.631950e+05
1.273880e+02	2.685750e+05
1.274390e+02	2.682530e+05
1.274890e+02	2.668770e+05
1.275390e+02	2.663110e+05
1.275890e+02	2.649870e+05
1.276390e+02	2.651190e+05
1.276890e+02	2.647410e+05
1.277400e+02	2.641230e+05
1.277890e+02	2.638860e+05
1.278390e+02	2.626240e+05
1.278890e+02	2.634390e+05
1.279400e+02	2.632200e+05
1.279900e+02	2.631030e+05
1.280390e+02	2.626990e+05
1.280900e+02	2.623810e+05
1.281400e+02	2.614680e+05
1.281900e+02	2.630140e+05
1.282410e+02	2.626790e+05
1.282900e+02	2.623970e+05
1.283400e+02	2.643860e+05
1.283910e+02	2.699320e+05
1.284410e+02	2.687460e+05
1.284910e+02	2.679580e+05
1.285410e+02	2.671720e+05
1.285910e+02	2.672950e+05
1.286400e+02	2.660600e+05
1.286900e+02	2.652860e+05
1.287410e+02	2.653230e+05
1.287910e+02	2.649520e+05
1.288410e+02	2.648720e+05
1.288910e+02	2.640240e+05
1.289410e+02	2.638720e+05
1.289910e+02	2.637980e+05
1.290420e+02	2.636280e+05
1.290910e+02	2.644400e+05
1.291420e+02	2.638070e+05
1.291920e+02	2.636100e+05
1.292420e+02	2.638930e+05
1.292920e+02	2.626750e+05
1.293420e+02	2.661460e+05
1.293920e+02	2.716740e+05
1.294420e+02	2.705740e+05
1.294920e+02	2.696880e+05
1.295430e+02	2.680330e+05
1.295920e+02	2.679760e+05
1.296430e+02	2.669650e+05
1.296920e+02	2.671580e+05
1.297430e+02	2.664470e+05
1.297920e+02	2.665830e+05
1.298420e+02	2.661010e+05
1.298930e+02	2.661430e+05
1.299430e+02	2.655640e+05
1.299940e+02	2.659760e+05
1.300440e+02	2.654100e+05
1.300930e+02	2.643560e+05
1.301430e+02	2.648830e+05
1.301930e+02	2.647890e+05
1.302440e+02	2.653140e+05
1.302940e+02	2.648190e+05
1.303440e+02	2.681440e+05
1.303950e+02	2.723530e+05
1.304440e+02	2.726880e+05
1.304940e+02	2.706650e+05
1.305440e+02	2.705370e+05
1.305950e+02	2.691990e+05
1.306450e+02	2.696330e+05
1.306950e+02	2.684500e+05
1.307450e+02	2.680150e+05
1.307950e+02	2.673710e+05
1.308450e+02	2.675860e+05
1.308950e+02	2.672080e+05
1.309450e+02	2.663640e+05
1.309960e+02	2.669800e+05
1.310460e+02	2.663490e+05
1.310960e+02	2.668260e+05
1.311460e+02	2.662030e+05
1.311960e+02	2.662340e+05
1.312460e+02	2.664200e+05
1.312960e+02	2.661450e+05
1.313460e+02	2.693710e+05
1.313960e+02	2.753230e+05
1.314460e+02	2.726810e+05
1.314960e+02	2.721110e+05
1.315470e+02	2.709090e+05
1.315960e+02	2.704380e+05
1.316460e+02	2.707050e+05
1.316970e+02	2.703040e+05
1.317460e+02	2.692170e+05
1.317970e+02	2.688860e+05
1.318460e+02	2.691960e+05
1.318970e+02	2.692150e+05
1.319470e+02	2.684060e+05
1.319970e+02	2.681130e+05
1.320470e+02	2.686280e+05
1.320970e+02	2.676320e+05
1.321480e+02	2.680520e+05
1.321970e+02	2.675490e+05
1.322470e+02	2.684670e+05
1.322980e+02	2.674130e+05
1.323470e+02	2.707180e+05
1.323980e+02	2.756440e+05
1.324480e+02	2.749050e+05
1.324980e+02	2.735530e+05
1.325480e+02	2.729150e+05
1.325980e+02	2.718960e+05
1.326480e+02	2.715280e+05
1.326980e+02	2.712160e+05
1.327490e+02	2.714980e+05
1.327980e+02	2.708510e+05
1.328490e+02	2.701120e+05
1.328980e+02	2.699100e+05
1.329490e+02	2.699060e+05
1.329990e+02	2.702910e+05
1.330490e+02	2.700780e+05
1.330990e+02	2.698970e+05
1.331500e+02	2.689980e+05
1.332000e+02	2.692490e+05
1.332500e+02	2.692500e+05
1.332990e+02	2.687350e+05
1.333500e+02	2.731700e+05
1.334000e+02	2.774490e+05
1.334500e+02	2.757940e+05
1.335000e+02	2.754810e+05
1.335500e+02	2.742720e+05
1.336000e+02	2.737360e+05
1.336510e+02	2.734540e+05
1.337000e+02	2.724870e+05
1.337510e+02	2.721440e+05
1.338010e+02	2.714120e+05
1.338500e+02	2.720300e+05
1.339000e+02	2.715450e+05
1.339510e+02	2.712810e+05
1.340010e+02	2.707180e+05
1.340510e+02	2.712490e+05
1.341010e+02	2.703850e+05
1.341510e+02	2.707140e+05
1.342010e+02	2.698730e+05
1.342520e+02	2.709900e+05
1.343020e+02	2.697420e+05
1.343520e+02	2.737310e+05
1.344020e+02	2.779370e+05
1.344520e+02	2.774230e+05
1.345020e+02	2.763800e+05
1.345520e+02	2.754220e+05
1.346020e+02	2.745590e+05
1.346520e+02	2.740860e+05
1.347020e+02	2.732310e+05
1.347520e+02	2.731880e+05
1.348020e+02	2.739940e+05
1.348520e+02	2.727910e+05
1.349020e+02	2.729580e+05
1.349530e+02	2.715440e+05
1.350020e+02	2.722120e+05
1.350520e+02	2.719730e+05
1.351020e+02	2.720730e+05
1.351520e+02	2.715350e+05
1.352030e+02	2.719680e+05
1.352530e+02	2.712020e+05
1.353030e+02	2.714110e+05
1.353540e+02	2.756920e+05
1.354040e+02	2.800460e+05
1.354540e+02	2.792470e+05
1.355040e+02	2.768680e+05
1.355540e+02	2.756170e+05
1.356040e+02	2.755750e+05
1.356540e+02	2.755990e+05
1.357040e+02	2.754120e+05
1.357540e+02	2.746860e+05
1.358050e+02	2.740390e+05
1.358550e+02	2.744200e+05
1.359050e+02	2.739090e+05
1.359540e+02	2.737970e+05
1.360040e+02	2.731640e+05
1.360540e+02	2.734470e+05
1.361040e+02	2.726710e+05
1.361540e+02	2.727050e+05
1.362050e+02	2.727710e+05
1.362550e+02	2.732280e+05
1.363050e+02	2.722500e+05
1.363550e+02	2.771610e+05
1.364050e+02	2.803280e+05
1.364560e+02	2.792800e+05
1.365050e+02	2.794610e+05
1.365560e+02	2.777550e+05
1.366060e+02	2.774480e+05
1.366560e+02	2.762600e+05
1.367060e+02	2.760410e+05
1.367560e+02	2.759070e+05
1.368060e+02	2.758380e+05
1.368560e+02	2.748740e+05
1.369060e+02	2.751320e+05
1.369560e+02	2.745550e+05
1.370070e+02	2.747610e+05
1.370560e+02	2.750820e+05
1.371070e+02	2.744440e+05
1.371570e+02	2.744610e+05
1.372070e+02	2.736040e+05
1.372570e+02	2.739180e+05
1.373070e+02	2.736170e+05
1.373570e+02	2.795950e+05
1.374070e+02	2.816350e+05
1.374580e+02	2.810530e+05
1.375080e+02	2.787620e+05
1.375580e+02	2.788810e+05
1.376080e+02	2.778090e+05
1.376580e+02	2.785490e+05
1.377080e+02	2.766390e+05
1.377580e+02	2.767930e+05
1.378080e+02	2.770560e+05
1.378580e+02	2.771160e+05
1.379080e+02	2.765400e+05
1.379580e+02	2.755080e+05
1.380080e+02	2.757320e+05
1.380580e+02	2.750400e+05
1.381080e+02	2.760230e+05
1.381580e+02	2.751260e+05
1.382090e+02	2.763550e+05
1.382590e+02	2.743500e+05
1.383090e+02	2.757750e+05
1.383590e+02	2.805430e+05
1.384090e+02	2.836220e+05
1.384590e+02	2.817300e+05
1.385100e+02	2.804500e+05
1.385600e+02	2.799100e+05
1.386100e+02	2.787930e+05
1.386600e+02	2.784820e+05
1.387090e+02	2.785830e+05
1.387600e+02	2.778560e+05
1.388100e+02	2.778270e+05
1.388600e+02	2.774260e+05
1.389090e+02	2.773320e+05
1.389610e+02	2.769780e+05
1.390110e+02	2.764840e+05
1.390600e+02	2.778300e+05
1.391100e+02	2.757840e+05
1.391600e+02	2.758320e+05
1.392100e+02	2.756090e+05
1.392610e+02	2.764400e+05
1.393100e+02	2.761290e+05
1.393620e+02	2.819290e+05
1.394110e+02	2.851680e+05
1.394610e+02	2.828630e+05
1.395120e+02	2.820240e+05
1.395620e+02	2.803950e+05
1.396110e+02	2.802380e+05
1.396610e+02	2.793440e+05
1.397110e+02	2.794610e+05
1.397620e+02	2.784390e+05
1.398120e+02	2.791100e+05
1.398620e+02	2.789480e+05
1.399120e+02	2.793110e+05
1.399620e+02	2.780120e+05
1.400120e+02	2.783270e+05
1.400620e+02	2.780180e+05
1.401120e+02	2.784290e+05
1.401620e+02	2.779650e+05
1.402120e+02	2.775450e+05
1.402630e+02	2.780330e+05
1.403130e+02	2.775790e+05
1.403620e+02	2.833020e+05
1.404120e+02	2.850140e+05
1.404620e+02	2.840970e+05
1.405130e+02	2.825130e+05
1.405630e+02	2.823230e+05
1.406130e+02	2.817140e+05
1.406630e+02	2.817530e+05
1.407130e+02	2.805370e+05
1.407630e+02	2.804840e+05
1.408140e+02	2.799530e+05
1.408640e+02	2.803160e+05
1.409140e+02	2.793230e+05
1.409640e+02	2.796400e+05
1.410140e+02	2.791500e+05
1.410640e+02	2.792430e+05
1.411140e+02	2.789820e+05
1.411640e+02	2.781500e+05
1.412140e+02	2.790710e+05
1.412640e+02	2.787420e+05
1.413140e+02	2.815490e+05
1.413650e+02	2.848320e+05
1.414150e+02	2.868060e+05
1.414660e+02	2.844010e+05
1.415150e+02	2.842250e+05
1.415650e+02	2.825320e+05
1.416150e+02	2.826800e+05
1.416650e+02	2.812470e+05
1.417150e+02	2.817640e+05
1.417650e+02	2.797870e+05
1.418150e+02	2.814550e+05
1.418650e+02	2.808430e+05
1.419150e+02	2.801010e+05
1.419660e+02	2.802780e+05
1.420150e+02	2.798470e+05
1.420660e+02	2.800320e+05
1.421160e+02	2.798520e+05
1.421660e+02	2.797290e+05
1.422160e+02	2.799900e+05
1.422660e+02	2.796350e+05
1.423170e+02	2.793960e+05
1.423670e+02	2.851950e+05
1.424170e+02	2.860660e+05
1.424670e+02	2.855020e+05
1.425160e+02	2.839120e+05
1.425670e+02	2.837340e+05
1.426170e+02	2.827690e+05
1.426670e+02	2.831920e+05
1.427170e+02	2.817170e+05
1.427670e+02	2.820410e+05
1.428170e+02	2.810050e+05
1.428680e+02	2.812060e+05
1.429180e+02	2.801800e+05
1.429680e+02	2.805280e+05
1.430180e+02	2.807410e+05
1.430680e+02	2.806890e+05
1.431180e+02	2.805720e+05
1.431680e+02	2.804390e+05
1.432180e+02	2.798810e+05
1.432690e+02	2.803740e+05
1.433180e+02	2.805270e+05
1.433690e+02	2.857620e+05
1.434180e+02	2.872400e+05
1.434680e+02	2.855440e+05
1.435190e+02	2.851450e+05
1.435690e+02	2.838570e+05
1.436180e+02	2.837180e+05
1.436680e+02	2.827390e+05
1.437190e+02	2.826940e+05
1.437690e+02	2.820810e+05
1.438190e+02	2.819310e+05
1.438690e+02	2.815940e+05
1.439190e+02	2.813940e+05
1.439700e+02	2.806440e+05
1.440200e+02	2.815350e+05
1.440700e+02	2.807010e+05
1.441200e+02	2.810540e+05
1.441700e+02	2.806100e+05
1.442190e+02	2.804870e+05
1.442700e+02	2.801020e+05
1.443200e+02	2.810530e+05
1.443710e+02	2.865650e+05
1.444200e+02	2.877780e+05
1.444700e+02	2.867450e+05
1.445200e+02	2.848440e+05
1.445710e+02	2.843270e+05
1.446210e+02	2.836310e+05
1.446710e+02	2.840540e+05
1.447210e+02	2.832630e+05
1.447710e+02	2.827240e+05
1.448210e+02	2.822860e+05
1.448710e+02	2.818280e+05
1.449220e+02	2.821680e+05
1.449720e+02	2.810220e+05
1.450220e+02	2.819790e+05
1.450720e+02	2.811240e+05
1.451210e+02	2.814460e+05
1.451720e+02	2.802960e+05
1.452220e+02	2.811420e+05
1.452720e+02	2.808940e+05
1.453220e+02	2.813690e+05
1.453720e+02	2.864300e+05
1.454220e+02	2.873350e+05
1.454720e+02	2.870530e+05
1.455220e+02	2.859750e+05
1.455730e+02	2.849320e+05
1.456230e+02	2.837290e+05
1.456730e+02	2.841200e+05
1.457230e+02	2.832760e+05
1.457730e+02	2.827760e+05
1.458230e+02	2.819260e+05
1.458730e+02	2.828330e+05
1.459230e+02	2.814730e+05
1.459730e+02	2.819900e+05
1.460230e+02	2.818120e+05
1.460740e+02	2.819720e+05
1.461230e+02	2.813080e+05
1.461730e+02	2.817110e+05
1.462240e+02	2.813940e+05
1.462740e+02	2.812480e+05
1.463240e+02	2.816570e+05
1.463740e+02	2.871950e+05
1.464240e+02	2.875690e+05
1.464740e+02	2.862980e+05
1.465240e+02	2.854710e+05
1.465740e+02	2.844180e+05
1.466250e+02	2.840130e+05
1.466750e+02	2.842590e+05
1.467250e+02	2.838690e+05
1.467750e+02	2.833610e+05
1.468240e+02	2.828220e+05
1.468740e+02	2.820650e+05
1.469260e+02	2.825870e+05
1.469750e+02	2.816420e+05
1.470250e+02	2.816060e+05
1.470750e+02	2.814270e+05
1.471260e+02	2.816630e+05
1.471760e+02	2.811030e+05
1.472260e+02	2.815920e+05
1.472760e+02	2.814830e+05
1.473250e+02	2.809630e+05
1.473760e+02	2.810950e+05
1.474260e+02	2.802350e+05
1.474760e+02	2.812940e+05
1.475260e+02	2.808310e+05
1.475820e+02	2.810620e+05
1.476260e+02	2.798390e+05
1.476770e+02	2.804700e+05
1.477260e+02	2.804650e+05
1.477770e+02	2.810550e+05
1.478270e+02	2.801650e+05
1.478770e+02	2.804760e+05
1.479270e+02	2.804110e+05
1.479770e+02	2.804250e+05
1.480270e+02	2.799440e+05
1.480770e+02	2.796730e+05
1.481280e+02	2.804530e+05
1.481780e+02	2.791970e+05
1.482280e+02	2.804590e+05
1.482780e+02	2.796960e+05
1.483280e+02	2.809870e+05
1.483780e+02	2.791840e+05
1.484280e+02	2.800900e+05
1.484780e+02	2.791960e+05
1.485280e+02	2.801200e+05
1.485780e+02	2.794320e+05
