0.000000e+00	1.529541e+06
5.100000e-02	1.526557e+06
1.010000e-01	1.527798e+06
1.510000e-01	1.525641e+06
2.010000e-01	1.527524e+06
2.510000e-01	1.528037e+06
3.000000e-01	1.531881e+06
3.500000e-01	1.528324e+06
4.000000e-01	1.529326e+06
4.510000e-01	1.524413e+06
5.010000e-01	1.531219e+06
5.510000e-01	1.528353e+06
6.010000e-01	1.530133e+06
6.510000e-01	1.525056e+06
7.020000e-01	1.529797e+06
7.510000e-01	1.529446e+06
8.010000e-01	1.531127e+06
8.510000e-01	1.531264e+06
9.010000e-01	1.531084e+06
9.510000e-01	1.531146e+06
1.002000e+00	1.529513e+06
1.052000e+00	1.531807e+06
1.102000e+00	1.531632e+06
1.151000e+00	1.533162e+06
1.202000e+00	1.530704e+06
1.252000e+00	1.530964e+06
1.302000e+00	1.527198e+06
1.352000e+00	1.530814e+06
1.403000e+00	1.532571e+06
1.453000e+00	1.529011e+06
1.503000e+00	1.533585e+06
1.553000e+00	1.527410e+06
1.603000e+00	1.533392e+06
1.652000e+00	1.529529e+06
1.703000e+00	1.536081e+06
1.753000e+00	1.533246e+06
1.803000e+00	1.531317e+06
1.853000e+00	1.530692e+06
1.903000e+00	1.528837e+06
1.954000e+00	1.534019e+06
2.003000e+00	1.533481e+06
2.054000e+00	1.531220e+06
2.103000e+00	1.533107e+06
2.153000e+00	1.532249e+06
2.204000e+00	1.533325e+06
2.254000e+00	1.535233e+06
2.304000e+00	1.532105e+06
2.354000e+00	1.537915e+06
2.405000e+00	1.528734e+06
2.455000e+00	1.533605e+06
2.505000e+00	1.529323e+06
2.554000e+00	1.536210e+06
2.605000e+00	1.533516e+06
2.654000e+00	1.531796e+06
2.705000e+00	1.532448e+06
2.755000e+00	1.533532e+06
2.805000e+00	1.535870e+06
2.855000e+00	1.534468e+06
2.906000e+00	1.535366e+06
2.956000e+00	1.536006e+06
3.006000e+00	1.530529e+06
3.056000e+00	1.535232e+06
3.105000e+00	1.533544e+06
3.156000e+00	1.534304e+06
3.206000e+00	1.534479e+06
3.255000e+00	1.529245e+06
3.306000e+00	1.535056e+06
3.356000e+00	1.530138e+06
3.406000e+00	1.534500e+06
3.456000e+00	1.529511e+06
3.507000e+00	1.533870e+06
3.557000e+00	1.532294e+06
3.606000e+00	1.532063e+06
3.657000e+00	1.529517e+06
3.707000e+00	1.531748e+06
3.757000e+00	1.533859e+06
3.806000e+00	1.533394e+06
3.857000e+00	1.529035e+06
3.907000e+00	1.532171e+06
3.957000e+00	1.529424e+06
4.007000e+00	1.533913e+06
4.057000e+00	1.533924e+06
4.107000e+00	1.530817e+06
4.158000e+00	1.532514e+06
4.208000e+00	1.528966e+06
4.258000e+00	1.528546e+06
4.308000e+00	1.531299e+06
4.358000e+00	1.531750e+06
4.408000e+00	1.529561e+06
4.458000e+00	1.526968e+06
4.509000e+00	1.531343e+06
4.558000e+00	1.529646e+06
4.608000e+00	1.531878e+06
4.658000e+00	1.531019e+06
4.709000e+00	1.529313e+06
4.758000e+00	1.532255e+06
4.809000e+00	1.529817e+06
4.859000e+00	1.527179e+06
4.910000e+00	1.528245e+06
4.958000e+00	1.529785e+06
5.009000e+00	1.528185e+06
5.059000e+00	1.530946e+06
5.109000e+00	1.530312e+06
5.159000e+00	1.532128e+06
5.209000e+00	1.526084e+06
5.260000e+00	1.530459e+06
5.309000e+00	1.526415e+06
5.360000e+00	1.529418e+06
5.410000e+00	1.523243e+06
5.460000e+00	1.523545e+06
5.510000e+00	1.530775e+06
5.560000e+00	1.522938e+06
5.610000e+00	1.526826e+06
5.660000e+00	1.523767e+06
5.710000e+00	1.527950e+06
5.761000e+00	1.528801e+06
5.810000e+00	1.529192e+06
5.860000e+00	1.522685e+06
5.910000e+00	1.527485e+06
5.961000e+00	1.523389e+06
6.011000e+00	1.526144e+06
6.061000e+00	1.521125e+06
6.111000e+00	1.526180e+06
6.161000e+00	1.522608e+06
6.212000e+00	1.524994e+06
6.262000e+00	1.524748e+06
6.312000e+00	1.525859e+06
6.362000e+00	1.526981e+06
6.411000e+00	1.519601e+06
6.462000e+00	1.523123e+06
6.512000e+00	1.526131e+06
6.562000e+00	1.522974e+06
6.612000e+00	1.525988e+06
6.662000e+00	1.522573e+06
6.712000e+00	1.524520e+06
6.762000e+00	1.524863e+06
6.812000e+00	1.521863e+06
6.862000e+00	1.526741e+06
6.912000e+00	1.522895e+06
6.963000e+00	1.523942e+06
7.012000e+00	1.522745e+06
7.063000e+00	1.522126e+06
7.113000e+00	1.523931e+06
7.163000e+00	1.524200e+06
7.213000e+00	1.522212e+06
7.263000e+00	1.519776e+06
7.313000e+00	1.520255e+06
7.364000e+00	1.521903e+06
7.414000e+00	1.516711e+06
7.463000e+00	1.520155e+06
7.514000e+00	1.522179e+06
7.564000e+00	1.518746e+06
7.614000e+00	1.523080e+06
7.664000e+00	1.518332e+06
7.715000e+00	1.524652e+06
7.764000e+00	1.519127e+06
7.814000e+00	1.519297e+06
7.865000e+00	1.519770e+06
7.915000e+00	1.516356e+06
7.965000e+00	1.527408e+06
8.014000e+00	1.517974e+06
8.064000e+00	1.521148e+06
8.115000e+00	1.519770e+06
8.165000e+00	1.519211e+06
8.215000e+00	1.516704e+06
8.265000e+00	1.518237e+06
8.315000e+00	1.514422e+06
8.366000e+00	1.520622e+06
8.415000e+00	1.506288e+06
8.466000e+00	1.515653e+06
8.516000e+00	1.511834e+06
8.565000e+00	1.517175e+06
8.615000e+00	1.514736e+06
8.666000e+00	1.514931e+06
8.716000e+00	1.515379e+06
8.766000e+00	1.514591e+06
8.817000e+00	1.515783e+06
8.867000e+00	1.513050e+06
8.917000e+00	1.514169e+06
8.967000e+00	1.512971e+06
9.017000e+00	1.512871e+06
9.067000e+00	1.509627e+06
9.117000e+00	1.515836e+06
9.167000e+00	1.512847e+06
9.217000e+00	1.516314e+06
9.267000e+00	1.509878e+06
9.317000e+00	1.512693e+06
9.367000e+00	1.511588e+06
9.417000e+00	1.508324e+06
9.468000e+00	1.510631e+06
9.518000e+00	1.511161e+06
9.568000e+00	1.511234e+06
9.618000e+00	1.510772e+06
9.668000e+00	1.510724e+06
9.718000e+00	1.508410e+06
9.768000e+00	1.512473e+06
9.817000e+00	1.511727e+06
9.868000e+00	1.508378e+06
9.918000e+00	1.509417e+06
9.969000e+00	1.512223e+06
1.001800e+01	1.512354e+06
1.006900e+01	1.510255e+06
1.011900e+01	1.510304e+06
1.016900e+01	1.508758e+06
1.021900e+01	1.510320e+06
1.026900e+01	1.506686e+06
1.031900e+01	1.512467e+06
1.036900e+01	1.508407e+06
1.041900e+01	1.505683e+06
1.046900e+01	1.507047e+06
1.051900e+01	1.509170e+06
1.056900e+01	1.507894e+06
1.061900e+01	1.509775e+06
1.066900e+01	1.506761e+06
1.072000e+01	1.511091e+06
1.077000e+01	1.507202e+06
1.082000e+01	1.506421e+06
1.087000e+01	1.505040e+06
1.092000e+01	1.504944e+06
1.097000e+01	1.506266e+06
1.102100e+01	1.506591e+06
1.107100e+01	1.507437e+06
1.112100e+01	1.504738e+06
1.117000e+01	1.508284e+06
1.122000e+01	1.506291e+06
1.127100e+01	1.505835e+06
1.132100e+01	1.504152e+06
1.137100e+01	1.505940e+06
1.142100e+01	1.502384e+06
1.147100e+01	1.505466e+06
1.152100e+01	1.504478e+06
1.157200e+01	1.504342e+06
1.162200e+01	1.502544e+06
1.167100e+01	1.503620e+06
1.172100e+01	1.506477e+06
1.177200e+01	1.505068e+06
1.182200e+01	1.508648e+06
1.187200e+01	1.503939e+06
1.192200e+01	1.504778e+06
1.197200e+01	1.506127e+06
1.202200e+01	1.501672e+06
1.207200e+01	1.508256e+06
1.212300e+01	1.502932e+06
1.217200e+01	1.502941e+06
1.222300e+01	1.504428e+06
1.227300e+01	1.504131e+06
1.232300e+01	1.507126e+06
1.237300e+01	1.505547e+06
1.242200e+01	1.500990e+06
1.247300e+01	1.504178e+06
1.252300e+01	1.503648e+06
1.257400e+01	1.507534e+06
1.262300e+01	1.502716e+06
1.267300e+01	1.502912e+06
1.272400e+01	1.501165e+06
1.277400e+01	1.503585e+06
1.282400e+01	1.504725e+06
1.287300e+01	1.503930e+06
1.292300e+01	1.506911e+06
1.297400e+01	1.503452e+06
1.302400e+01	1.504156e+06
1.307400e+01	1.503846e+06
1.312400e+01	1.502672e+06
1.317400e+01	1.508099e+06
1.322400e+01	1.505491e+06
1.327500e+01	1.504489e+06
1.332400e+01	1.504734e+06
1.337500e+01	1.503767e+06
1.342500e+01	1.501609e+06
1.347500e+01	1.505275e+06
1.352500e+01	1.505994e+06
1.357500e+01	1.507098e+06
1.362500e+01	1.503254e+06
1.367500e+01	1.504545e+06
1.372500e+01	1.505508e+06
1.377600e+01	1.508567e+06
1.382500e+01	1.507186e+06
1.387600e+01	1.504782e+06
1.392600e+01	1.508737e+06
1.397500e+01	1.504827e+06
1.402500e+01	1.509072e+06
1.407600e+01	1.503565e+06
1.412600e+01	1.508683e+06
1.417600e+01	1.504801e+06
1.422600e+01	1.507893e+06
1.427600e+01	1.505171e+06
1.432600e+01	1.508775e+06
1.437700e+01	1.508701e+06
1.442600e+01	1.503430e+06
1.447700e+01	1.500427e+06
1.452700e+01	1.509032e+06
1.457700e+01	1.505500e+06
1.462700e+01	1.510047e+06
1.467700e+01	1.507619e+06
1.472800e+01	1.508376e+06
1.477800e+01	1.507739e+06
1.482700e+01	1.506505e+06
1.487800e+01	1.509498e+06
1.492700e+01	1.509685e+06
1.497800e+01	1.508994e+06
1.502800e+01	1.507856e+06
1.507700e+01	1.505798e+06
1.512800e+01	1.507480e+06
1.517800e+01	1.510725e+06
1.522800e+01	1.508730e+06
1.527800e+01	1.510119e+06
1.532900e+01	1.510565e+06
1.537900e+01	1.508947e+06
1.542800e+01	1.504120e+06
1.547900e+01	1.511579e+06
1.552900e+01	1.512259e+06
1.557900e+01	1.513035e+06
1.562900e+01	1.506384e+06
1.567900e+01	1.506037e+06
1.572900e+01	1.509909e+06
1.578000e+01	1.512574e+06
1.582900e+01	1.513814e+06
1.588000e+01	1.505498e+06
1.593000e+01	1.513972e+06
1.598000e+01	1.507564e+06
1.603000e+01	1.512494e+06
1.608000e+01	1.511477e+06
1.613000e+01	1.513531e+06
1.618000e+01	1.513112e+06
1.623000e+01	1.512599e+06
1.628000e+01	1.507746e+06
1.633000e+01	1.512949e+06
1.638000e+01	1.514447e+06
1.643000e+01	1.512010e+06
1.648000e+01	1.510308e+06
1.653100e+01	1.513490e+06
1.658000e+01	1.514264e+06
1.663100e+01	1.510520e+06
1.668100e+01	1.516700e+06
1.673100e+01	1.510176e+06
1.678100e+01	1.516543e+06
1.683100e+01	1.511111e+06
1.688200e+01	1.513162e+06
1.693200e+01	1.513007e+06
1.698200e+01	1.513822e+06
1.703200e+01	1.512086e+06
1.708200e+01	1.517065e+06
1.713200e+01	1.511642e+06
1.718200e+01	1.519919e+06
1.723200e+01	1.513395e+06
1.728200e+01	1.515488e+06
1.733200e+01	1.513531e+06
1.738300e+01	1.512300e+06
1.743200e+01	1.510810e+06
1.748200e+01	1.513046e+06
1.753300e+01	1.519283e+06
1.758200e+01	1.515774e+06
1.763300e+01	1.517598e+06
1.768200e+01	1.513741e+06
1.773200e+01	1.517305e+06
1.778300e+01	1.519545e+06
1.783300e+01	1.517902e+06
1.788300e+01	1.514552e+06
1.793300e+01	1.517595e+06
1.798300e+01	1.514487e+06
1.803300e+01	1.514675e+06
1.808400e+01	1.514294e+06
1.813400e+01	1.518546e+06
1.818400e+01	1.518135e+06
1.823400e+01	1.514784e+06
1.828400e+01	1.517821e+06
1.833400e+01	1.516007e+06
1.838400e+01	1.520913e+06
1.843400e+01	1.514838e+06
1.848500e+01	1.517638e+06
1.853400e+01	1.516358e+06
1.858500e+01	1.517108e+06
1.863500e+01	1.514852e+06
1.868500e+01	1.519042e+06
1.873500e+01	1.519211e+06
1.878500e+01	1.515829e+06
1.883500e+01	1.515888e+06
1.888500e+01	1.517121e+06
1.893600e+01	1.518202e+06
1.898600e+01	1.519386e+06
1.903600e+01	1.517639e+06
1.908600e+01	1.517781e+06
1.913500e+01	1.513425e+06
1.918600e+01	1.515974e+06
1.923600e+01	1.514324e+06
1.928600e+01	1.519869e+06
1.933600e+01	1.520235e+06
1.938600e+01	1.517319e+06
1.943600e+01	1.511173e+06
1.948600e+01	1.515980e+06
1.953600e+01	1.517426e+06
1.958700e+01	1.520702e+06
1.963600e+01	1.516600e+06
1.968600e+01	1.517429e+06
1.973600e+01	1.517489e+06
1.978700e+01	1.519345e+06
1.983600e+01	1.516358e+06
1.988600e+01	1.519283e+06
1.993700e+01	1.517762e+06
1.998700e+01	1.517040e+06
2.003700e+01	1.520662e+06
2.008700e+01	1.519495e+06
2.013700e+01	1.522761e+06
2.018700e+01	1.521506e+06
2.023800e+01	1.519185e+06
2.028800e+01	1.520055e+06
2.033800e+01	1.518741e+06
2.038800e+01	1.519499e+06
2.043800e+01	1.517182e+06
2.048800e+01	1.518363e+06
2.053800e+01	1.523323e+06
2.058900e+01	1.518284e+06
2.063900e+01	1.521036e+06
2.068800e+01	1.519880e+06
2.073800e+01	1.521527e+06
2.078800e+01	1.523440e+06
2.083800e+01	1.524929e+06
2.088800e+01	1.522435e+06
2.093900e+01	1.521610e+06
2.098900e+01	1.522550e+06
2.104000e+01	1.519634e+06
2.108900e+01	1.516428e+06
2.113900e+01	1.516915e+06
2.118900e+01	1.519377e+06
2.123900e+01	1.521977e+06
2.129000e+01	1.522115e+06
2.134000e+01	1.520256e+06
2.139000e+01	1.518261e+06
2.143900e+01	1.514602e+06
2.149000e+01	1.519904e+06
2.154000e+01	1.519370e+06
2.159000e+01	1.522742e+06
2.164000e+01	1.519006e+06
2.169000e+01	1.518518e+06
2.174000e+01	1.519040e+06
2.179000e+01	1.518088e+06
2.184100e+01	1.521758e+06
2.189000e+01	1.518753e+06
2.194000e+01	1.521150e+06
2.199100e+01	1.519701e+06
2.204100e+01	1.517726e+06
2.209100e+01	1.522154e+06
2.214100e+01	1.519658e+06
2.219100e+01	1.522195e+06
2.224100e+01	1.517204e+06
2.229200e+01	1.519504e+06
2.234100e+01	1.518039e+06
2.239100e+01	1.522561e+06
2.244200e+01	1.515824e+06
2.249200e+01	1.521880e+06
2.254200e+01	1.517926e+06
2.259200e+01	1.522370e+06
2.264200e+01	1.518365e+06
2.269200e+01	1.519428e+06
2.274200e+01	1.521798e+06
2.279200e+01	1.521522e+06
2.284200e+01	1.518084e+06
2.289300e+01	1.515557e+06
2.294300e+01	1.522026e+06
2.299300e+01	1.520956e+06
2.304300e+01	1.524310e+06
2.309300e+01	1.516688e+06
2.314300e+01	1.520108e+06
2.319300e+01	1.517917e+06
2.324300e+01	1.521423e+06
2.329300e+01	1.519042e+06
2.334300e+01	1.519839e+06
2.339400e+01	1.518182e+06
2.344400e+01	1.514937e+06
2.349400e+01	1.516919e+06
2.354300e+01	1.519693e+06
2.359300e+01	1.522222e+06
2.364400e+01	1.521864e+06
2.369500e+01	1.518551e+06
2.374400e+01	1.520634e+06
2.379400e+01	1.519514e+06
2.384400e+01	1.519830e+06
2.389500e+01	1.520252e+06
2.394500e+01	1.527278e+06
2.399500e+01	1.523595e+06
2.404500e+01	1.519185e+06
2.409500e+01	1.518733e+06
2.414400e+01	1.518221e+06
2.419500e+01	1.520324e+06
2.424500e+01	1.514878e+06
2.429600e+01	1.516963e+06
2.434500e+01	1.516178e+06
2.439600e+01	1.515586e+06
2.444600e+01	1.516741e+06
2.449500e+01	1.514825e+06
2.454600e+01	1.516336e+06
2.459600e+01	1.515068e+06
2.464500e+01	1.514974e+06
2.469600e+01	1.516325e+06
2.474600e+01	1.516447e+06
2.479600e+01	1.517436e+06
2.484600e+01	1.514699e+06
2.489600e+01	1.513162e+06
2.494700e+01	1.516306e+06
2.499700e+01	1.515035e+06
2.504600e+01	1.517165e+06
2.509700e+01	1.514669e+06
2.514700e+01	1.513448e+06
2.519700e+01	1.511344e+06
2.524700e+01	1.510387e+06
2.529800e+01	1.514695e+06
2.534700e+01	1.513308e+06
2.539800e+01	1.511764e+06
2.544700e+01	1.508610e+06
2.549800e+01	1.512633e+06
2.554700e+01	1.511803e+06
2.559800e+01	1.515655e+06
2.564800e+01	1.514016e+06
2.569800e+01	1.513653e+06
2.574700e+01	1.509555e+06
2.579800e+01	1.509969e+06
2.584800e+01	1.509361e+06
2.589900e+01	1.509477e+06
2.594800e+01	1.513874e+06
2.599800e+01	1.509024e+06
2.604800e+01	1.513630e+06
2.609800e+01	1.510644e+06
2.614800e+01	1.509912e+06
2.619900e+01	1.511009e+06
2.624900e+01	1.513593e+06
2.629900e+01	1.510762e+06
2.634900e+01	1.511006e+06
2.639900e+01	1.504151e+06
2.644900e+01	1.506144e+06
2.650000e+01	1.507598e+06
2.655000e+01	1.508254e+06
2.660000e+01	1.507000e+06
2.665000e+01	1.505278e+06
2.670000e+01	1.508256e+06
2.675000e+01	1.506992e+06
2.680000e+01	1.511639e+06
2.685000e+01	1.507820e+06
2.690000e+01	1.508289e+06
2.695000e+01	1.505733e+06
2.700100e+01	1.506827e+06
2.705000e+01	1.508150e+06
2.710100e+01	1.510302e+06
2.715000e+01	1.505691e+06
2.720000e+01	1.508112e+06
2.725000e+01	1.504800e+06
2.730100e+01	1.506286e+06
2.735000e+01	1.505985e+06
2.740100e+01	1.503739e+06
2.745100e+01	1.505291e+06
2.750100e+01	1.503873e+06
2.755100e+01	1.506550e+06
2.760100e+01	1.504501e+06
2.765200e+01	1.503394e+06
2.770200e+01	1.502432e+06
2.775100e+01	1.504997e+06
2.780200e+01	1.502760e+06
2.785200e+01	1.504304e+06
2.790200e+01	1.501731e+06
2.795200e+01	1.504461e+06
2.800200e+01	1.502208e+06
2.805200e+01	1.502354e+06
2.810200e+01	1.502169e+06
2.815300e+01	1.504831e+06
2.820200e+01	1.500209e+06
2.825200e+01	1.515677e+06
2.830300e+01	1.504673e+06
2.835300e+01	1.502433e+06
2.840300e+01	1.498834e+06
2.845300e+01	1.499099e+06
2.850300e+01	1.501739e+06
2.855300e+01	1.499658e+06
2.860300e+01	1.501313e+06
2.865300e+01	1.500164e+06
2.870400e+01	1.499489e+06
2.875400e+01	1.501237e+06
2.880400e+01	1.498595e+06
2.885400e+01	1.497145e+06
2.890400e+01	1.497897e+06
2.895400e+01	1.499540e+06
2.900400e+01	1.499885e+06
2.905400e+01	1.498205e+06
2.910400e+01	1.500132e+06
2.915400e+01	1.497317e+06
2.920400e+01	1.496905e+06
2.925500e+01	1.498575e+06
2.930500e+01	1.500339e+06
2.935500e+01	1.498354e+06
2.940500e+01	1.495936e+06
2.945400e+01	1.493014e+06
2.950500e+01	1.501852e+06
2.955500e+01	1.496672e+06
2.960500e+01	1.501445e+06
2.965600e+01	1.497771e+06
2.970500e+01	1.498979e+06
2.975500e+01	1.497924e+06
2.980600e+01	1.498443e+06
2.985600e+01	1.499827e+06
2.990600e+01	1.500321e+06
2.995500e+01	1.497241e+06
3.000600e+01	1.497874e+06
3.005600e+01	1.495965e+06
3.010600e+01	1.496705e+06
3.015600e+01	1.495920e+06
3.020600e+01	1.499346e+06
3.025600e+01	1.497341e+06
3.030600e+01	1.496883e+06
3.035700e+01	1.497182e+06
3.040700e+01	1.492092e+06
3.045700e+01	1.498653e+06
3.050700e+01	1.499757e+06
3.055700e+01	1.498738e+06
3.060700e+01	1.494647e+06
3.065700e+01	1.494480e+06
3.070800e+01	1.496755e+06
3.075700e+01	1.498302e+06
3.080700e+01	1.497150e+06
3.085700e+01	1.499154e+06
3.090700e+01	1.499266e+06
3.095800e+01	1.495299e+06
3.100800e+01	1.497870e+06
3.105700e+01	1.496968e+06
3.110800e+01	1.497397e+06
3.115800e+01	1.498386e+06
3.120800e+01	1.494403e+06
3.125800e+01	1.497537e+06
3.130900e+01	1.497278e+06
3.135900e+01	1.497128e+06
3.140800e+01	1.492763e+06
3.145800e+01	1.497086e+06
3.150900e+01	1.496113e+06
3.155900e+01	1.496984e+06
3.160900e+01	1.498612e+06
3.165900e+01	1.499996e+06
3.170900e+01	1.494325e+06
3.175900e+01	1.499209e+06
3.180900e+01	1.492561e+06
3.185900e+01	1.497005e+06
3.190900e+01	1.498514e+06
3.196000e+01	1.497722e+06
3.201000e+01	1.500907e+06
3.206000e+01	1.496208e+06
3.211000e+01	1.498635e+06
3.216000e+01	1.493852e+06
3.221100e+01	1.498927e+06
3.226000e+01	1.496143e+06
3.231000e+01	1.499414e+06
3.236000e+01	1.497730e+06
3.241000e+01	1.491522e+06
3.246000e+01	1.492197e+06
3.251000e+01	1.498710e+06
3.256100e+01	1.495973e+06
3.261100e+01	1.502755e+06
3.266100e+01	1.493067e+06
3.271000e+01	1.499987e+06
3.276100e+01	1.495084e+06
3.281100e+01	1.499804e+06
3.286100e+01	1.497179e+06
3.291200e+01	1.497055e+06
3.296200e+01	1.495652e+06
3.301200e+01	1.494984e+06
3.306200e+01	1.495376e+06
3.311200e+01	1.499126e+06
3.316200e+01	1.497515e+06
3.321200e+01	1.498016e+06
3.326200e+01	1.494287e+06
3.331300e+01	1.496664e+06
3.336200e+01	1.499769e+06
3.341200e+01	1.494384e+06
3.346200e+01	1.496546e+06
3.351300e+01	1.494873e+06
3.356300e+01	1.496639e+06
3.361300e+01	1.494852e+06
3.366200e+01	1.497861e+06
3.371300e+01	1.499196e+06
3.376300e+01	1.499082e+06
3.381300e+01	1.496892e+06
3.386300e+01	1.495675e+06
3.391300e+01	1.495608e+06
3.396300e+01	1.499059e+06
3.401300e+01	1.500163e+06
3.406300e+01	1.500137e+06
3.411300e+01	1.495529e+06
3.416400e+01	1.495777e+06
3.421400e+01	1.496346e+06
3.426400e+01	1.497562e+06
3.431400e+01	1.497893e+06
3.436400e+01	1.498963e+06
3.441400e+01	1.494745e+06
3.446400e+01	1.496937e+06
3.451400e+01	1.500351e+06
3.456400e+01	1.502040e+06
3.461400e+01	1.501542e+06
3.466400e+01	1.499414e+06
3.471500e+01	1.496742e+06
3.476400e+01	1.498816e+06
3.481500e+01	1.500077e+06
3.486500e+01	1.501336e+06
3.491500e+01	1.499634e+06
3.496500e+01	1.501056e+06
3.501500e+01	1.497817e+06
3.506500e+01	1.500310e+06
3.511500e+01	1.499531e+06
3.516500e+01	1.503535e+06
3.521500e+01	1.501186e+06
3.526500e+01	1.500302e+06
3.531600e+01	1.498292e+06
3.536600e+01	1.497255e+06
3.541600e+01	1.501035e+06
3.546500e+01	1.498717e+06
3.551600e+01	1.502214e+06
3.556600e+01	1.500104e+06
3.561600e+01	1.499776e+06
3.566600e+01	1.500250e+06
3.571700e+01	1.501791e+06
3.576700e+01	1.501068e+06
3.581700e+01	1.516656e+06
3.586700e+01	1.501375e+06
3.591600e+01	1.502235e+06
3.596700e+01	1.499829e+06
3.601700e+01	1.501824e+06
3.606800e+01	1.500414e+06
3.611800e+01	1.500800e+06
3.616700e+01	1.498005e+06
3.621800e+01	1.500733e+06
3.626800e+01	1.503471e+06
3.631800e+01	1.502295e+06
3.636800e+01	1.501580e+06
3.641800e+01	1.497717e+06
3.646800e+01	1.499018e+06
3.651800e+01	1.500378e+06
3.656800e+01	1.504368e+06
3.661900e+01	1.503483e+06
3.666800e+01	1.499724e+06
3.671900e+01	1.502029e+06
3.676800e+01	1.500984e+06
3.681900e+01	1.503976e+06
3.686900e+01	1.506997e+06
3.691900e+01	1.502016e+06
3.696800e+01	1.504302e+06
3.701900e+01	1.501648e+06
3.706900e+01	1.503984e+06
3.712000e+01	1.505080e+06
3.717000e+01	1.503559e+06
3.721900e+01	1.503112e+06
3.726900e+01	1.503458e+06
3.732000e+01	1.502395e+06
3.736900e+01	1.505039e+06
3.742000e+01	1.500383e+06
3.747000e+01	1.508840e+06
3.752000e+01	1.504943e+06
3.757000e+01	1.505729e+06
3.762000e+01	1.518385e+06
3.767000e+01	1.510488e+06
3.772000e+01	1.511101e+06
3.777000e+01	1.505399e+06
3.782000e+01	1.503199e+06
3.787100e+01	1.505463e+06
3.792100e+01	1.504763e+06
3.797100e+01	1.511145e+06
3.802100e+01	1.507107e+06
3.807100e+01	1.512442e+06
3.812100e+01	1.508154e+06
3.817100e+01	1.509856e+06
3.822100e+01	1.506731e+06
3.827100e+01	1.506169e+06
3.832200e+01	1.510846e+06
3.837200e+01	1.508229e+06
3.842200e+01	1.504204e+06
3.847200e+01	1.503517e+06
3.852200e+01	1.509312e+06
3.857100e+01	1.508871e+06
3.862200e+01	1.508846e+06
3.867200e+01	1.512152e+06
3.872200e+01	1.507647e+06
3.877200e+01	1.510154e+06
3.882300e+01	1.507584e+06
3.887200e+01	1.509729e+06
3.892300e+01	1.512164e+06
3.897200e+01	1.508485e+06
3.902200e+01	1.508587e+06
3.907300e+01	1.511132e+06
3.912300e+01	1.511336e+06
3.917300e+01	1.510788e+06
3.922300e+01	1.512388e+06
3.927300e+01	1.510910e+06
3.932400e+01	1.511769e+06
3.937300e+01	1.510616e+06
3.942300e+01	1.508339e+06
3.947300e+01	1.509056e+06
3.952500e+01	1.512249e+06
3.957300e+01	1.507186e+06
3.962500e+01	1.510134e+06
3.967400e+01	1.508894e+06
3.972400e+01	1.515760e+06
3.977400e+01	1.509827e+06
3.982400e+01	1.515894e+06
3.987400e+01	1.510233e+06
3.992400e+01	1.516107e+06
3.997500e+01	1.509729e+06
4.002500e+01	1.517342e+06
4.007400e+01	1.511638e+06
4.012500e+01	1.513260e+06
4.017400e+01	1.507728e+06
4.022500e+01	1.510398e+06
4.027500e+01	1.512910e+06
4.032500e+01	1.513985e+06
4.037500e+01	1.513559e+06
4.042600e+01	1.506004e+06
4.047600e+01	1.511424e+06
4.052600e+01	1.510905e+06
4.057600e+01	1.514118e+06
4.062600e+01	1.514843e+06
4.067500e+01	1.514016e+06
4.072600e+01	1.512638e+06
4.077600e+01	1.510635e+06
4.082600e+01	1.509785e+06
4.087600e+01	1.512152e+06
4.092700e+01	1.512038e+06
4.097700e+01	1.512036e+06
4.102600e+01	1.511675e+06
4.107600e+01	1.510573e+06
4.112600e+01	1.513083e+06
4.117700e+01	1.512790e+06
4.122700e+01	1.513435e+06
4.127700e+01	1.511145e+06
4.132700e+01	1.512017e+06
4.137700e+01	1.511372e+06
4.142700e+01	1.504260e+06
4.147800e+01	1.511063e+06
4.152800e+01	1.510424e+06
4.157700e+01	1.511752e+06
4.162800e+01	1.506131e+06
4.167700e+01	1.512484e+06
4.172800e+01	1.511573e+06
4.177800e+01	1.513892e+06
4.182800e+01	1.511255e+06
4.187800e+01	1.508630e+06
4.192800e+01	1.506330e+06
4.197800e+01	1.509798e+06
4.202800e+01	1.506127e+06
4.207800e+01	1.513675e+06
4.212800e+01	1.506375e+06
4.217900e+01	1.510894e+06
4.222800e+01	1.508043e+06
4.227900e+01	1.506061e+06
4.232800e+01	1.509928e+06
4.237900e+01	1.507398e+06
4.242900e+01	1.506334e+06
4.247900e+01	1.509244e+06
4.253000e+01	1.510465e+06
4.257900e+01	1.504966e+06
4.263000e+01	1.511134e+06
4.268000e+01	1.504976e+06
4.273000e+01	1.509459e+06
4.278000e+01	1.506522e+06
4.283000e+01	1.510289e+06
4.288000e+01	1.510359e+06
4.293000e+01	1.510996e+06
4.298000e+01	1.508088e+06
4.303000e+01	1.509427e+06
4.308000e+01	1.507803e+06
4.313100e+01	1.506504e+06
4.318000e+01	1.503995e+06
4.323100e+01	1.507527e+06
4.328000e+01	1.505575e+06
4.333100e+01	1.506923e+06
4.338100e+01	1.503670e+06
4.343100e+01	1.499461e+06
4.348100e+01	1.510186e+06
4.353100e+01	1.503757e+06
4.358100e+01	1.509357e+06
4.363200e+01	1.504468e+06
4.368100e+01	1.508107e+06
4.373100e+01	1.504694e+06
4.378200e+01	1.506392e+06
4.383200e+01	1.507919e+06
4.388200e+01	1.508028e+06
4.393100e+01	1.505780e+06
4.398200e+01	1.503232e+06
4.403200e+01	1.505602e+06
4.408300e+01	1.507927e+06
4.413300e+01	1.503842e+06
4.418200e+01	1.504364e+06
4.423300e+01	1.502527e+06
4.428200e+01	1.505700e+06
4.433300e+01	1.506840e+06
4.438300e+01	1.499702e+06
4.443300e+01	1.500671e+06
4.448300e+01	1.502572e+06
4.453200e+01	1.504035e+06
4.458300e+01	1.503180e+06
4.463400e+01	1.500966e+06
4.468300e+01	1.506165e+06
4.473400e+01	1.500995e+06
4.478300e+01	1.502992e+06
4.483400e+01	1.499140e+06
4.488400e+01	1.501869e+06
4.493400e+01	1.502121e+06
4.498400e+01	1.501633e+06
4.503400e+01	1.499535e+06
4.508400e+01	1.500333e+06
4.513400e+01	1.500626e+06
4.518400e+01	1.501860e+06
4.523400e+01	1.500193e+06
4.528400e+01	1.503415e+06
4.533400e+01	1.500898e+06
4.538500e+01	1.502206e+06
4.543500e+01	1.494144e+06
4.548500e+01	1.499707e+06
4.553600e+01	1.501924e+06
4.558500e+01	1.495359e+06
4.563500e+01	1.497618e+06
4.568500e+01	1.496931e+06
4.573500e+01	1.499157e+06
4.578500e+01	1.499731e+06
4.583600e+01	1.499788e+06
4.588600e+01	1.499036e+06
4.593500e+01	1.498735e+06
4.598600e+01	1.495243e+06
4.603600e+01	1.497070e+06
4.608600e+01	1.498931e+06
4.613600e+01	1.501098e+06
4.618600e+01	1.495207e+06
4.623600e+01	1.496815e+06
4.628600e+01	1.496225e+06
4.633700e+01	1.496854e+06
4.638600e+01	1.497373e+06
4.643700e+01	1.492317e+06
4.648700e+01	1.498061e+06
4.653700e+01	1.493964e+06
4.658700e+01	1.495739e+06
4.663700e+01	1.494334e+06
4.668700e+01	1.498787e+06
4.673700e+01	1.496423e+06
4.678700e+01	1.494005e+06
4.683700e+01	1.491842e+06
4.688700e+01	1.494840e+06
4.693700e+01	1.495097e+06
4.698800e+01	1.497127e+06
4.703800e+01	1.495524e+06
4.708700e+01	1.494370e+06
4.713800e+01	1.490995e+06
4.718800e+01	1.494033e+06
4.723800e+01	1.494164e+06
4.728900e+01	1.494736e+06
4.733800e+01	1.494553e+06
4.738800e+01	1.488483e+06
4.743800e+01	1.487696e+06
4.748900e+01	1.491174e+06
4.753800e+01	1.493589e+06
4.758800e+01	1.492324e+06
4.763900e+01	1.491213e+06
4.768900e+01	1.491464e+06
4.773900e+01	1.492066e+06
4.778900e+01	1.490339e+06
4.784000e+01	1.494280e+06
4.789000e+01	1.493185e+06
4.794000e+01	1.490767e+06
4.799000e+01	1.486122e+06
4.804000e+01	1.488783e+06
4.808900e+01	1.488701e+06
4.814000e+01	1.492796e+06
4.818900e+01	1.488832e+06
4.824000e+01	1.491062e+06
4.829000e+01	1.488859e+06
4.834000e+01	1.489314e+06
4.839000e+01	1.490840e+06
4.844000e+01	1.486245e+06
4.849000e+01	1.489934e+06
4.854000e+01	1.485683e+06
4.859000e+01	1.486793e+06
4.864100e+01	1.486694e+06
4.869100e+01	1.489258e+06
4.874100e+01	1.502928e+06
4.879100e+01	1.490133e+06
4.884100e+01	1.487928e+06
4.889200e+01	1.489906e+06
4.894100e+01	1.494270e+06
4.899100e+01	1.491168e+06
4.904200e+01	1.485009e+06
4.909100e+01	1.488348e+06
4.914100e+01	1.480973e+06
4.919200e+01	1.484758e+06
4.924200e+01	1.484133e+06
4.929200e+01	1.486146e+06
4.934200e+01	1.483759e+06
4.939200e+01	1.485565e+06
4.944200e+01	1.479912e+06
4.949300e+01	1.486828e+06
4.954200e+01	1.483949e+06
4.959300e+01	1.485373e+06
4.964200e+01	1.485138e+06
4.969300e+01	1.484007e+06
4.974300e+01	1.483675e+06
4.979300e+01	1.480711e+06
4.984200e+01	1.485772e+06
4.989300e+01	1.485461e+06
4.994300e+01	1.484240e+06
4.999300e+01	1.482678e+06
5.004400e+01	1.484980e+06
5.009400e+01	1.484564e+06
5.014400e+01	1.485523e+06
5.019300e+01	1.484387e+06
5.024400e+01	1.482487e+06
5.029400e+01	1.484055e+06
5.034400e+01	1.485327e+06
5.039400e+01	1.482953e+06
5.044300e+01	1.478521e+06
5.049500e+01	1.483704e+06
5.054500e+01	1.480580e+06
5.059400e+01	1.483142e+06
5.064400e+01	1.482367e+06
5.069400e+01	1.486696e+06
5.074400e+01	1.484391e+06
5.079500e+01	1.484920e+06
5.084500e+01	1.482852e+06
5.089500e+01	1.484743e+06
5.094500e+01	1.485631e+06
5.099500e+01	1.481352e+06
5.104600e+01	1.484046e+06
5.109500e+01	1.486364e+06
5.114600e+01	1.482102e+06
5.119500e+01	1.483153e+06
5.124500e+01	1.483953e+06
5.129500e+01	1.486500e+06
5.134600e+01	1.487487e+06
5.139500e+01	1.479277e+06
5.144500e+01	1.481909e+06
5.149600e+01	1.483690e+06
5.154700e+01	1.487081e+06
5.159600e+01	1.483564e+06
5.164600e+01	1.484008e+06
5.169700e+01	1.484036e+06
5.174700e+01	1.486302e+06
5.179700e+01	1.484568e+06
5.184700e+01	1.486743e+06
5.189700e+01	1.485921e+06
5.194700e+01	1.485793e+06
5.199700e+01	1.485782e+06
5.204700e+01	1.485429e+06
5.209700e+01	1.486488e+06
5.214800e+01	1.488275e+06
5.220200e+01	1.484722e+06
5.224700e+01	1.483492e+06
5.229800e+01	1.485338e+06
5.234700e+01	1.483566e+06
5.239800e+01	1.488231e+06
5.244800e+01	1.483638e+06
5.249800e+01	1.488720e+06
5.254800e+01	1.484049e+06
5.259800e+01	1.485504e+06
5.264800e+01	1.485263e+06
5.269800e+01	1.486624e+06
5.274900e+01	1.487929e+06
5.279900e+01	1.485843e+06
5.284900e+01	1.486131e+06
5.289900e+01	1.486005e+06
5.294800e+01	1.483756e+06
5.299900e+01	1.488795e+06
5.304900e+01	1.488547e+06
5.309900e+01	1.488146e+06
5.314900e+01	1.489591e+06
5.319900e+01	1.484321e+06
5.324900e+01	1.492357e+06
5.329900e+01	1.486168e+06
5.334900e+01	1.488653e+06
5.340000e+01	1.484246e+06
5.345000e+01	1.485105e+06
5.350000e+01	1.489694e+06
5.355000e+01	1.489323e+06
5.360100e+01	1.490130e+06
5.365000e+01	1.491110e+06
5.370000e+01	1.488660e+06
5.375000e+01	1.488832e+06
5.380000e+01	1.489793e+06
5.385100e+01	1.491832e+06
5.390100e+01	1.493205e+06
5.395100e+01	1.487747e+06
5.400100e+01	1.490458e+06
5.405100e+01	1.489139e+06
5.410100e+01	1.493192e+06
5.415100e+01	1.490731e+06
5.420200e+01	1.493349e+06
5.425200e+01	1.491716e+06
5.430200e+01	1.493721e+06
5.435200e+01	1.488366e+06
5.440200e+01	1.491443e+06
5.445100e+01	1.489654e+06
5.450200e+01	1.494760e+06
5.455200e+01	1.492407e+06
5.460200e+01	1.488051e+06
5.465200e+01	1.490566e+06
5.470200e+01	1.492923e+06
5.475300e+01	1.493418e+06
5.480200e+01	1.492255e+06
5.485200e+01	1.495835e+06
5.490200e+01	1.492464e+06
5.495200e+01	1.495150e+06
5.500300e+01	1.491944e+06
5.505300e+01	1.495495e+06
5.510300e+01	1.492533e+06
5.515300e+01	1.494408e+06
5.520300e+01	1.488913e+06
5.525300e+01	1.495795e+06
5.530300e+01	1.493814e+06
5.535300e+01	1.501625e+06
5.540300e+01	1.490443e+06
5.545300e+01	1.490390e+06
5.550400e+01	1.496092e+06
5.555300e+01	1.495504e+06
5.560400e+01	1.498855e+06
5.565400e+01	1.494455e+06
5.570400e+01	1.495091e+06
5.575400e+01	1.496177e+06
5.580400e+01	1.495072e+06
5.585400e+01	1.493508e+06
5.590500e+01	1.506601e+06
5.595400e+01	1.500823e+06
5.600500e+01	1.499779e+06
5.605500e+01	1.494234e+06
5.610400e+01	1.498074e+06
5.615500e+01	1.495405e+06
5.620500e+01	1.493925e+06
5.625500e+01	1.497749e+06
5.630500e+01	1.494815e+06
5.635600e+01	1.495130e+06
5.640500e+01	1.489941e+06
5.645500e+01	1.494831e+06
5.650500e+01	1.495645e+06
5.655600e+01	1.493848e+06
5.660500e+01	1.495659e+06
5.665600e+01	1.494727e+06
5.670600e+01	1.495591e+06
5.675600e+01	1.500722e+06
5.680500e+01	1.493791e+06
5.685600e+01	1.497812e+06
5.690600e+01	1.492894e+06
5.695700e+01	1.495286e+06
5.700600e+01	1.495227e+06
5.705600e+01	1.497256e+06
5.710700e+01	1.502758e+06
5.715600e+01	1.493592e+06
5.720700e+01	1.497792e+06
5.725600e+01	1.494946e+06
5.730700e+01	1.497563e+06
5.735700e+01	1.499206e+06
5.740700e+01	1.492391e+06
5.745700e+01	1.494697e+06
5.750700e+01	1.495600e+06
5.755700e+01	1.496396e+06
5.760800e+01	1.498039e+06
5.765800e+01	1.497770e+06
5.770800e+01	1.495430e+06
5.775800e+01	1.494616e+06
5.780800e+01	1.494317e+06
5.785800e+01	1.497775e+06
5.790800e+01	1.498927e+06
5.795800e+01	1.495441e+06
5.800800e+01	1.496739e+06
5.805800e+01	1.495999e+06
5.810900e+01	1.495029e+06
5.815800e+01	1.496419e+06
5.820800e+01	1.497172e+06
5.825900e+01	1.497792e+06
5.830900e+01	1.496322e+06
5.835900e+01	1.495666e+06
5.840900e+01	1.495090e+06
5.845900e+01	1.497651e+06
5.850900e+01	1.499719e+06
5.855900e+01	1.497631e+06
5.860900e+01	1.496925e+06
5.866000e+01	1.498376e+06
5.871000e+01	1.496957e+06
5.875900e+01	1.499531e+06
5.881000e+01	1.497340e+06
5.885900e+01	1.499062e+06
5.891100e+01	1.498044e+06
5.896100e+01	1.499227e+06
5.901100e+01	1.498617e+06
5.906000e+01	1.497596e+06
5.911100e+01	1.505742e+06
5.916000e+01	1.498632e+06
5.921100e+01	1.497153e+06
5.926000e+01	1.498891e+06
5.931100e+01	1.498792e+06
5.936100e+01	1.496448e+06
5.941100e+01	1.494195e+06
5.946100e+01	1.495736e+06
5.951100e+01	1.497770e+06
5.956200e+01	1.497409e+06
5.961100e+01	1.500893e+06
5.966100e+01	1.501133e+06
5.971100e+01	1.499235e+06
5.976100e+01	1.498877e+06
5.981100e+01	1.495481e+06
5.986200e+01	1.500178e+06
5.991200e+01	1.500463e+06
5.996200e+01	1.496971e+06
6.001200e+01	1.499014e+06
6.006200e+01	1.497778e+06
6.011200e+01	1.498852e+06
6.016200e+01	1.498989e+06
6.021300e+01	1.502520e+06
6.026300e+01	1.500807e+06
6.031300e+01	1.499903e+06
6.036300e+01	1.498878e+06
6.041300e+01	1.492508e+06
6.046300e+01	1.500452e+06
6.051300e+01	1.500506e+06
6.056300e+01	1.499358e+06
6.061300e+01	1.495470e+06
6.066300e+01	1.497502e+06
6.071300e+01	1.497299e+06
6.076400e+01	1.499869e+06
6.081300e+01	1.498467e+06
6.086300e+01	1.501614e+06
6.091300e+01	1.499758e+06
6.096400e+01	1.498153e+06
6.101400e+01	1.496979e+06
6.106400e+01	1.497970e+06
6.111400e+01	1.499374e+06
6.116400e+01	1.497015e+06
6.121400e+01	1.496777e+06
6.126500e+01	1.498413e+06
6.131400e+01	1.499779e+06
6.136400e+01	1.497566e+06
6.141500e+01	1.492997e+06
6.146500e+01	1.498512e+06
6.151500e+01	1.501584e+06
6.156500e+01	1.497927e+06
6.161500e+01	1.498506e+06
6.166500e+01	1.499604e+06
6.171600e+01	1.497293e+06
6.176500e+01	1.497412e+06
6.181500e+01	1.493642e+06
6.186500e+01	1.499707e+06
6.191500e+01	1.499144e+06
6.196600e+01	1.499892e+06
6.201600e+01	1.495455e+06
6.206600e+01	1.495603e+06
6.211500e+01	1.498340e+06
6.216600e+01	1.499137e+06
6.221600e+01	1.493855e+06
6.226600e+01	1.497172e+06
6.231600e+01	1.501655e+06
6.236600e+01	1.498343e+06
6.241700e+01	1.490309e+06
6.246600e+01	1.493076e+06
6.251600e+01	1.497146e+06
6.256700e+01	1.492109e+06
6.261700e+01	1.494313e+06
6.266700e+01	1.491310e+06
6.271700e+01	1.494488e+06
6.276700e+01	1.496146e+06
6.281700e+01	1.493827e+06
6.286800e+01	1.493690e+06
6.291800e+01	1.492000e+06
6.296800e+01	1.490469e+06
6.301700e+01	1.491902e+06
6.306800e+01	1.491747e+06
6.311800e+01	1.493715e+06
6.316800e+01	1.490047e+06
6.321800e+01	1.488497e+06
6.326800e+01	1.493121e+06
6.331900e+01	1.489430e+06
6.336800e+01	1.495398e+06
6.341900e+01	1.480823e+06
6.346800e+01	1.492763e+06
6.351900e+01	1.486495e+06
6.356800e+01	1.490664e+06
6.361900e+01	1.487753e+06
6.367000e+01	1.489650e+06
6.371900e+01	1.487194e+06
6.376800e+01	1.489064e+06
6.381900e+01	1.486276e+06
6.386900e+01	1.490984e+06
6.391900e+01	1.491248e+06
6.397000e+01	1.490065e+06
6.401900e+01	1.488240e+06
6.406900e+01	1.484941e+06
6.412000e+01	1.488945e+06
6.417000e+01	1.487610e+06
6.422000e+01	1.490135e+06
6.427000e+01	1.486963e+06
6.432000e+01	1.486114e+06
6.437100e+01	1.485686e+06
6.442000e+01	1.480009e+06
6.447000e+01	1.484613e+06
6.452100e+01	1.487964e+06
6.457000e+01	1.483549e+06
6.462100e+01	1.485386e+06
6.467000e+01	1.481940e+06
6.472000e+01	1.483188e+06
6.477000e+01	1.482979e+06
6.482100e+01	1.482685e+06
6.487100e+01	1.487538e+06
6.492100e+01	1.481425e+06
6.497200e+01	1.484740e+06
6.502200e+01	1.480105e+06
6.507100e+01	1.485245e+06
6.512100e+01	1.485483e+06
6.517200e+01	1.480779e+06
6.522100e+01	1.483437e+06
6.527200e+01	1.480640e+06
6.532200e+01	1.482587e+06
6.537200e+01	1.480351e+06
6.542200e+01	1.476388e+06
6.547200e+01	1.482105e+06
6.552300e+01	1.480957e+06
6.557300e+01	1.480939e+06
6.562200e+01	1.482689e+06
6.567200e+01	1.481176e+06
6.572300e+01	1.484702e+06
6.577300e+01	1.478417e+06
6.582300e+01	1.479891e+06
6.587300e+01	1.478509e+06
6.592300e+01	1.477969e+06
6.597300e+01	1.477816e+06
6.602300e+01	1.477963e+06
6.607400e+01	1.479266e+06
6.612300e+01	1.476867e+06
6.617400e+01	1.477531e+06
6.622300e+01	1.479393e+06
6.627400e+01	1.479456e+06
6.632400e+01	1.478853e+06
6.637400e+01	1.474969e+06
6.642400e+01	1.475088e+06
6.647400e+01	1.477884e+06
6.652400e+01	1.479010e+06
6.657400e+01	1.476779e+06
6.662500e+01	1.477098e+06
6.667500e+01	1.477740e+06
6.672500e+01	1.476373e+06
6.677500e+01	1.475613e+06
6.682500e+01	1.478827e+06
6.687500e+01	1.477262e+06
6.692500e+01	1.478219e+06
6.697500e+01	1.474561e+06
6.702500e+01	1.474424e+06
6.707500e+01	1.476017e+06
6.712500e+01	1.475308e+06
6.717500e+01	1.475623e+06
6.722500e+01	1.471842e+06
6.727500e+01	1.477768e+06
6.732600e+01	1.476529e+06
6.737600e+01	1.475495e+06
6.742500e+01	1.471840e+06
6.747600e+01	1.471976e+06
6.752600e+01	1.473756e+06
6.757600e+01	1.475084e+06
6.762600e+01	1.474117e+06
6.767600e+01	1.477339e+06
6.772600e+01	1.471527e+06
6.777700e+01	1.471941e+06
6.782700e+01	1.471547e+06
6.787700e+01	1.473593e+06
6.792600e+01	1.475700e+06
6.797700e+01	1.473209e+06
6.802700e+01	1.477238e+06
6.807700e+01	1.471371e+06
6.812700e+01	1.475068e+06
6.817700e+01	1.470718e+06
6.822700e+01	1.474305e+06
6.827800e+01	1.475175e+06
6.832800e+01	1.474194e+06
6.837800e+01	1.467030e+06
6.842800e+01	1.469941e+06
6.847800e+01	1.468745e+06
6.852800e+01	1.477162e+06
6.857800e+01	1.469963e+06
6.862800e+01	1.474476e+06
6.867800e+01	1.471346e+06
6.872900e+01	1.470684e+06
6.877800e+01	1.473604e+06
6.882800e+01	1.472110e+06
6.887900e+01	1.474443e+06
6.892900e+01	1.473157e+06
6.897900e+01	1.469307e+06
6.902900e+01	1.472804e+06
6.907900e+01	1.470352e+06
6.912900e+01	1.472740e+06
6.917900e+01	1.473156e+06
6.923000e+01	1.469277e+06
6.928000e+01	1.472400e+06
6.933000e+01	1.470105e+06
6.938000e+01	1.475138e+06
6.943000e+01	1.469027e+06
6.948000e+01	1.470402e+06
6.952900e+01	1.472898e+06
6.958000e+01	1.466892e+06
6.963000e+01	1.474230e+06
6.968000e+01	1.471344e+06
6.973000e+01	1.473165e+06
6.978000e+01	1.473622e+06
6.983100e+01	1.472982e+06
6.988000e+01	1.470423e+06
6.993000e+01	1.471109e+06
6.998100e+01	1.473581e+06
7.003100e+01	1.474565e+06
7.008100e+01	1.470337e+06
7.013100e+01	1.472430e+06
7.018100e+01	1.468812e+06
7.023100e+01	1.473131e+06
7.028100e+01	1.474351e+06
7.033100e+01	1.469553e+06
7.038200e+01	1.473343e+06
7.043200e+01	1.467255e+06
7.048200e+01	1.472557e+06
7.053100e+01	1.475164e+06
7.058100e+01	1.475753e+06
7.063200e+01	1.473642e+06
7.068200e+01	1.470790e+06
7.073200e+01	1.467206e+06
7.078200e+01	1.470678e+06
7.083200e+01	1.471313e+06
7.088200e+01	1.474025e+06
7.093300e+01	1.471991e+06
7.098300e+01	1.471411e+06
7.103200e+01	1.471602e+06
7.108300e+01	1.471335e+06
7.113300e+01	1.471641e+06
7.118300e+01	1.472748e+06
7.123300e+01	1.475647e+06
7.128300e+01	1.470724e+06
7.133300e+01	1.474213e+06
7.138400e+01	1.470031e+06
7.143300e+01	1.470142e+06
7.148300e+01	1.471510e+06
7.153300e+01	1.473688e+06
7.158400e+01	1.471520e+06
7.163300e+01	1.472113e+06
7.168400e+01	1.474705e+06
7.173400e+01	1.474071e+06
7.178400e+01	1.474420e+06
7.183300e+01	1.470585e+06
7.188400e+01	1.470995e+06
7.193400e+01	1.471282e+06
7.198400e+01	1.474271e+06
7.203400e+01	1.472905e+06
7.208500e+01	1.476066e+06
7.213500e+01	1.471388e+06
7.218500e+01	1.472076e+06
7.223500e+01	1.471591e+06
7.228500e+01	1.475875e+06
7.233500e+01	1.479326e+06
7.238500e+01	1.471806e+06
7.243500e+01	1.467113e+06
7.248500e+01	1.470864e+06
7.253500e+01	1.472561e+06
7.258600e+01	1.476062e+06
7.263500e+01	1.474346e+06
7.268600e+01	1.476042e+06
7.273500e+01	1.473712e+06
7.278500e+01	1.473151e+06
7.283600e+01	1.475881e+06
7.288600e+01	1.476020e+06
7.293600e+01	1.477473e+06
7.298600e+01	1.476593e+06
7.303600e+01	1.474392e+06
7.308600e+01	1.476464e+06
7.313700e+01	1.471967e+06
7.318600e+01	1.475944e+06
7.323700e+01	1.473887e+06
7.328700e+01	1.473896e+06
7.333700e+01	1.474949e+06
7.338700e+01	1.475861e+06
7.343700e+01	1.472589e+06
7.348800e+01	1.475083e+06
7.353700e+01	1.477211e+06
7.358700e+01	1.473792e+06
7.363800e+01	1.477036e+06
7.368700e+01	1.474492e+06
7.373700e+01	1.477411e+06
7.378800e+01	1.477148e+06
7.383800e+01	1.477184e+06
7.388800e+01	1.474924e+06
7.393800e+01	1.476950e+06
7.398800e+01	1.475995e+06
7.403800e+01	1.479366e+06
7.408800e+01	1.475913e+06
7.413800e+01	1.478558e+06
7.418900e+01	1.476340e+06
7.423800e+01	1.476617e+06
7.428800e+01	1.476656e+06
7.433800e+01	1.477196e+06
7.438900e+01	1.478642e+06
7.443900e+01	1.472076e+06
7.448900e+01	1.477744e+06
7.453900e+01	1.478743e+06
7.459000e+01	1.478693e+06
7.463900e+01	1.480587e+06
7.468900e+01	1.478168e+06
7.473900e+01	1.479277e+06
7.479000e+01	1.479034e+06
7.484000e+01	1.479224e+06
7.489000e+01	1.482159e+06
7.493900e+01	1.477927e+06
7.499000e+01	1.492291e+06
7.504000e+01	1.481097e+06
7.509100e+01	1.480127e+06
7.514100e+01	1.484361e+06
7.519100e+01	1.479249e+06
7.524100e+01	1.482588e+06
7.529100e+01	1.479188e+06
7.534000e+01	1.480402e+06
7.539100e+01	1.481931e+06
7.544100e+01	1.475652e+06
7.549100e+01	1.485918e+06
7.554100e+01	1.480174e+06
7.559100e+01	1.481095e+06
7.564200e+01	1.481926e+06
7.569100e+01	1.479967e+06
7.574100e+01	1.483250e+06
7.579200e+01	1.483466e+06
7.584200e+01	1.485335e+06
7.589200e+01	1.483992e+06
7.594100e+01	1.484815e+06
7.599200e+01	1.484370e+06
7.604200e+01	1.482545e+06
7.609200e+01	1.485794e+06
7.614200e+01	1.485652e+06
7.619300e+01	1.485115e+06
7.624300e+01	1.486736e+06
7.629200e+01	1.484786e+06
7.634200e+01	1.486948e+06
7.639300e+01	1.486029e+06
7.644300e+01	1.482599e+06
7.649300e+01	1.486326e+06
7.654300e+01	1.486361e+06
7.659400e+01	1.488825e+06
7.664300e+01	1.486257e+06
7.669300e+01	1.487970e+06
7.674300e+01	1.485348e+06
7.679300e+01	1.484870e+06
7.684400e+01	1.487720e+06
7.689400e+01	1.491297e+06
7.694400e+01	1.488737e+06
7.699400e+01	1.487171e+06
7.704400e+01	1.486802e+06
7.709400e+01	1.488042e+06
7.714400e+01	1.487544e+06
7.719400e+01	1.489518e+06
7.724400e+01	1.490696e+06
7.729500e+01	1.490494e+06
7.734400e+01	1.485483e+06
7.739500e+01	1.489092e+06
7.744500e+01	1.482015e+06
7.749500e+01	1.491703e+06
7.754400e+01	1.488904e+06
7.759500e+01	1.490354e+06
7.764500e+01	1.487778e+06
7.769500e+01	1.488486e+06
7.774500e+01	1.489983e+06
7.779600e+01	1.488931e+06
7.784500e+01	1.489056e+06
7.789500e+01	1.488190e+06
7.794500e+01	1.486554e+06
7.799600e+01	1.488281e+06
7.804600e+01	1.491811e+06
7.809500e+01	1.490267e+06
7.814600e+01	1.493090e+06
7.819600e+01	1.486995e+06
7.824600e+01	1.490570e+06
7.829700e+01	1.486889e+06
7.834600e+01	1.493535e+06
7.839700e+01	1.488047e+06
7.844600e+01	1.487858e+06
7.849600e+01	1.487295e+06
7.854700e+01	1.488422e+06
7.859600e+01	1.489119e+06
7.864700e+01	1.489710e+06
7.869700e+01	1.487900e+06
7.874700e+01	1.487935e+06
7.879800e+01	1.487533e+06
7.884700e+01	1.488179e+06
7.889800e+01	1.491093e+06
7.894800e+01	1.488424e+06
7.899800e+01	1.489936e+06
7.904800e+01	1.484573e+06
7.909700e+01	1.492450e+06
7.914700e+01	1.485617e+06
7.919800e+01	1.493519e+06
7.924800e+01	1.486912e+06
7.929800e+01	1.489433e+06
7.934800e+01	1.487646e+06
7.939800e+01	1.484435e+06
7.944900e+01	1.487711e+06
7.949800e+01	1.488461e+06
7.954800e+01	1.489147e+06
7.959900e+01	1.490070e+06
7.964900e+01	1.486733e+06
7.969900e+01	1.487035e+06
7.974900e+01	1.488486e+06
7.979900e+01	1.488198e+06
7.984900e+01	1.491423e+06
7.990000e+01	1.483063e+06
7.994900e+01	1.490666e+06
7.999900e+01	1.485162e+06
8.004900e+01	1.490966e+06
8.010000e+01	1.487471e+06
8.015000e+01	1.487261e+06
8.019900e+01	1.487782e+06
8.025000e+01	1.485181e+06
8.030000e+01	1.484533e+06
8.034900e+01	1.486015e+06
8.040000e+01	1.483161e+06
8.045000e+01	1.482725e+06
8.050100e+01	1.484079e+06
8.055000e+01	1.485096e+06
8.060100e+01	1.486587e+06
8.065000e+01	1.485652e+06
8.070100e+01	1.498816e+06
8.075100e+01	1.485880e+06
8.080100e+01	1.486566e+06
8.085100e+01	1.481980e+06
8.090100e+01	1.483545e+06
8.095100e+01	1.482192e+06
8.100100e+01	1.482316e+06
8.105100e+01	1.482221e+06
8.110200e+01	1.481243e+06
8.115200e+01	1.483280e+06
8.120100e+01	1.485713e+06
8.125100e+01	1.484327e+06
8.130200e+01	1.480834e+06
8.135200e+01	1.483417e+06
8.140200e+01	1.478687e+06
8.145200e+01	1.483881e+06
8.150300e+01	1.477004e+06
8.155200e+01	1.481277e+06
8.160200e+01	1.478645e+06
8.165200e+01	1.479662e+06
8.170200e+01	1.481409e+06
8.175200e+01	1.480391e+06
8.180300e+01	1.485634e+06
8.185300e+01	1.478780e+06
8.190300e+01	1.482414e+06
8.195400e+01	1.476778e+06
8.200300e+01	1.481346e+06
8.205400e+01	1.482556e+06
8.210300e+01	1.482363e+06
8.215400e+01	1.478426e+06
8.220300e+01	1.479248e+06
8.225300e+01	1.474874e+06
8.230300e+01	1.478531e+06
8.235400e+01	1.476112e+06
8.240400e+01	1.482084e+06
8.245400e+01	1.478280e+06
8.250400e+01	1.476725e+06
8.255400e+01	1.477206e+06
8.260400e+01	1.477353e+06
8.265400e+01	1.480426e+06
8.270400e+01	1.477271e+06
8.275400e+01	1.475194e+06
8.280500e+01	1.476220e+06
8.285500e+01	1.474715e+06
8.290500e+01	1.477448e+06
8.295500e+01	1.478489e+06
8.300600e+01	1.479527e+06
8.305500e+01	1.478481e+06
8.310500e+01	1.473423e+06
8.315500e+01	1.476835e+06
8.320500e+01	1.474812e+06
8.325500e+01	1.479286e+06
8.330600e+01	1.478084e+06
8.335500e+01	1.472270e+06
8.340600e+01	1.474149e+06
8.345600e+01	1.470412e+06
8.350600e+01	1.475471e+06
8.355600e+01	1.475242e+06
8.360600e+01	1.473395e+06
8.365600e+01	1.473424e+06
8.370600e+01	1.473088e+06
8.375600e+01	1.472293e+06
8.380700e+01	1.474023e+06
8.385700e+01	1.476794e+06
8.390700e+01	1.473759e+06
8.395700e+01	1.468397e+06
8.400700e+01	1.470875e+06
8.405700e+01	1.473198e+06
8.410700e+01	1.474568e+06
8.415700e+01	1.471679e+06
8.420700e+01	1.470531e+06
8.425800e+01	1.470331e+06
8.430700e+01	1.470747e+06
8.435700e+01	1.471691e+06
8.440800e+01	1.472450e+06
8.445800e+01	1.469085e+06
8.450800e+01	1.471200e+06
8.455800e+01	1.466611e+06
8.460800e+01	1.471635e+06
8.465800e+01	1.470172e+06
8.470800e+01	1.474132e+06
8.475900e+01	1.471423e+06
8.480900e+01	1.471256e+06
8.485900e+01	1.467851e+06
8.490900e+01	1.470810e+06
8.495800e+01	1.469433e+06
8.500900e+01	1.471469e+06
8.505800e+01	1.469610e+06
8.510800e+01	1.466897e+06
8.515900e+01	1.465450e+06
8.520900e+01	1.467199e+06
8.526000e+01	1.470865e+06
8.530900e+01	1.469626e+06
8.535900e+01	1.471353e+06
8.541000e+01	1.462574e+06
8.545900e+01	1.466676e+06
8.551000e+01	1.468981e+06
8.556000e+01	1.470738e+06
8.561000e+01	1.469579e+06
8.566000e+01	1.466047e+06
8.571000e+01	1.465129e+06
8.576000e+01	1.465965e+06
8.581100e+01	1.462147e+06
8.586000e+01	1.470855e+06
8.591100e+01	1.466420e+06
8.596000e+01	1.481679e+06
8.601000e+01	1.467709e+06
8.606100e+01	1.465863e+06
8.611100e+01	1.467008e+06
8.616100e+01	1.464898e+06
8.621100e+01	1.465575e+06
8.626100e+01	1.463910e+06
8.631100e+01	1.463664e+06
8.636100e+01	1.467212e+06
8.641100e+01	1.460618e+06
8.646100e+01	1.464963e+06
8.651200e+01	1.460916e+06
8.656100e+01	1.461090e+06
8.661200e+01	1.463436e+06
8.666200e+01	1.461627e+06
8.671200e+01	1.463768e+06
8.676200e+01	1.463849e+06
8.681200e+01	1.462619e+06
8.686200e+01	1.463402e+06
8.691200e+01	1.459228e+06
8.696200e+01	1.463297e+06
8.701300e+01	1.461290e+06
8.706200e+01	1.464338e+06
8.711300e+01	1.464523e+06
8.716300e+01	1.463825e+06
8.721300e+01	1.465746e+06
8.726200e+01	1.462817e+06
8.731400e+01	1.462336e+06
8.736300e+01	1.464340e+06
8.741300e+01	1.457712e+06
8.746300e+01	1.461001e+06
8.751400e+01	1.459086e+06
8.756300e+01	1.461657e+06
8.761400e+01	1.464243e+06
8.766400e+01	1.461531e+06
8.771400e+01	1.463290e+06
8.776400e+01	1.458921e+06
8.781400e+01	1.466535e+06
8.786400e+01	1.460684e+06
8.791400e+01	1.465623e+06
8.796500e+01	1.459085e+06
8.801400e+01	1.459851e+06
8.806400e+01	1.458005e+06
8.811500e+01	1.458145e+06
8.816400e+01	1.462782e+06
8.821500e+01	1.458623e+06
8.826500e+01	1.457042e+06
8.831500e+01	1.457266e+06
8.836400e+01	1.458037e+06
8.841500e+01	1.455969e+06
8.846500e+01	1.461838e+06
8.851600e+01	1.458273e+06
8.856600e+01	1.462328e+06
8.861500e+01	1.453076e+06
8.866500e+01	1.463993e+06
8.871500e+01	1.454107e+06
8.876600e+01	1.460119e+06
8.881600e+01	1.460004e+06
8.886500e+01	1.456261e+06
8.891600e+01	1.459330e+06
8.896600e+01	1.456535e+06
8.901600e+01	1.462031e+06
8.906600e+01	1.461899e+06
8.911700e+01	1.459063e+06
8.916600e+01	1.459809e+06
8.921700e+01	1.456719e+06
8.926600e+01	1.460848e+06
8.931700e+01	1.457854e+06
8.936700e+01	1.458353e+06
8.941700e+01	1.457277e+06
8.946700e+01	1.455102e+06
8.951700e+01	1.461792e+06
8.956700e+01	1.455714e+06
8.961800e+01	1.464636e+06
8.966700e+01	1.458460e+06
8.971700e+01	1.459168e+06
8.976700e+01	1.460473e+06
8.981800e+01	1.457717e+06
8.986800e+01	1.461604e+06
8.991800e+01	1.458513e+06
8.996800e+01	1.459225e+06
9.001900e+01	1.460117e+06
9.006800e+01	1.458330e+06
9.011800e+01	1.462606e+06
9.016800e+01	1.459685e+06
9.021800e+01	1.464112e+06
9.026800e+01	1.460111e+06
9.031900e+01	1.459037e+06
9.036900e+01	1.463602e+06
9.041900e+01	1.455432e+06
9.046900e+01	1.462834e+06
9.051900e+01	1.455860e+06
9.056900e+01	1.458624e+06
9.061900e+01	1.460376e+06
9.066900e+01	1.460042e+06
9.072000e+01	1.463470e+06
9.077000e+01	1.460679e+06
9.081900e+01	1.460751e+06
9.087000e+01	1.462865e+06
9.092000e+01	1.459354e+06
9.097000e+01	1.464796e+06
9.102000e+01	1.460188e+06
9.107000e+01	1.460443e+06
9.112000e+01	1.460186e+06
9.117000e+01	1.457066e+06
9.122100e+01	1.463847e+06
9.127100e+01	1.461578e+06
9.132100e+01	1.462592e+06
9.137100e+01	1.463232e+06
9.142100e+01	1.460781e+06
9.147100e+01	1.462288e+06
9.152100e+01	1.460024e+06
9.157100e+01	1.465909e+06
9.162100e+01	1.464556e+06
9.167100e+01	1.462541e+06
9.172200e+01	1.465584e+06
9.177100e+01	1.460405e+06
9.182100e+01	1.464774e+06
9.187100e+01	1.465339e+06
9.192200e+01	1.466037e+06
9.197200e+01	1.465962e+06
9.202200e+01	1.464690e+06
9.207200e+01	1.467016e+06
9.212200e+01	1.463466e+06
9.217300e+01	1.468201e+06
9.222200e+01	1.463703e+06
9.227200e+01	1.465245e+06
9.232300e+01	1.463184e+06
9.237200e+01	1.464610e+06
9.242200e+01	1.465508e+06
9.247200e+01	1.466949e+06
9.252300e+01	1.466111e+06
9.257300e+01	1.465064e+06
9.262300e+01	1.466220e+06
9.267300e+01	1.468516e+06
9.272300e+01	1.464863e+06
9.277300e+01	1.469476e+06
9.282300e+01	1.467067e+06
9.287300e+01	1.466480e+06
9.292400e+01	1.464935e+06
9.297300e+01	1.467081e+06
9.302400e+01	1.469874e+06
9.307400e+01	1.467736e+06
9.312400e+01	1.468283e+06
9.317400e+01	1.469566e+06
9.322400e+01	1.467427e+06
9.327400e+01	1.469218e+06
9.332400e+01	1.468777e+06
9.337400e+01	1.469852e+06
9.342500e+01	1.466987e+06
9.347500e+01	1.466445e+06
9.352500e+01	1.468542e+06
9.357500e+01	1.463806e+06
9.362500e+01	1.473518e+06
9.367500e+01	1.465641e+06
9.372500e+01	1.469494e+06
9.377500e+01	1.463629e+06
9.382500e+01	1.471962e+06
9.387600e+01	1.469051e+06
9.392600e+01	1.473496e+06
9.397600e+01	1.469889e+06
9.402600e+01	1.469118e+06
9.407500e+01	1.467944e+06
9.412600e+01	1.472247e+06
9.417500e+01	1.467433e+06
9.422600e+01	1.472907e+06
9.427600e+01	1.471463e+06
9.432700e+01	1.471735e+06
9.437700e+01	1.469673e+06
9.442600e+01	1.468883e+06
9.447700e+01	1.472846e+06
9.452600e+01	1.473072e+06
9.457700e+01	1.472404e+06
9.462700e+01	1.470593e+06
9.467600e+01	1.472094e+06
9.472700e+01	1.472456e+06
9.477700e+01	1.470168e+06
9.482700e+01	1.473368e+06
9.487700e+01	1.471969e+06
9.492700e+01	1.471056e+06
9.497700e+01	1.471422e+06
9.502800e+01	1.471257e+06
9.507800e+01	1.474898e+06
9.512800e+01	1.470216e+06
9.517800e+01	1.475105e+06
9.522800e+01	1.470334e+06
9.527800e+01	1.471161e+06
9.532800e+01	1.471077e+06
9.537800e+01	1.472237e+06
9.542900e+01	1.470708e+06
9.547900e+01	1.472881e+06
9.552800e+01	1.470417e+06
9.557900e+01	1.476703e+06
9.562900e+01	1.473030e+06
9.567900e+01	1.476093e+06
9.572900e+01	1.472131e+06
9.577900e+01	1.476205e+06
9.582900e+01	1.471361e+06
9.587900e+01	1.474555e+06
9.592900e+01	1.472789e+06
9.597900e+01	1.474984e+06
9.602900e+01	1.473907e+06
9.608000e+01	1.470724e+06
9.613000e+01	1.475646e+06
9.617900e+01	1.473898e+06
9.623000e+01	1.474537e+06
9.628000e+01	1.474746e+06
9.633100e+01	1.473872e+06
9.638000e+01	1.475998e+06
9.643000e+01	1.469389e+06
9.648000e+01	1.471138e+06
9.653100e+01	1.476092e+06
9.658000e+01	1.472493e+06
9.663100e+01	1.475203e+06
9.668100e+01	1.472417e+06
9.673100e+01	1.474959e+06
9.678100e+01	1.477019e+06
9.683000e+01	1.472367e+06
9.688100e+01	1.473873e+06
9.693100e+01	1.472624e+06
9.698100e+01	1.474171e+06
9.703100e+01	1.474517e+06
9.708100e+01	1.476639e+06
9.713100e+01	1.476130e+06
9.718200e+01	1.474392e+06
9.723100e+01	1.474956e+06
9.728200e+01	1.474486e+06
9.733200e+01	1.478714e+06
9.738200e+01	1.476771e+06
9.743200e+01	1.473488e+06
9.748200e+01	1.476372e+06
9.753300e+01	1.473911e+06
9.758200e+01	1.474924e+06
9.763200e+01	1.476657e+06
9.768300e+01	1.478929e+06
9.773200e+01	1.475418e+06
9.778300e+01	1.473735e+06
9.783300e+01	1.475090e+06
9.788300e+01	1.475310e+06
9.793300e+01	1.476826e+06
9.798300e+01	1.477862e+06
9.803400e+01	1.474719e+06
9.808400e+01	1.478768e+06
9.813300e+01	1.473214e+06
9.818400e+01	1.479293e+06
9.823400e+01	1.473354e+06
9.828300e+01	1.475894e+06
9.833300e+01	1.472400e+06
9.838300e+01	1.475354e+06
9.843400e+01	1.469458e+06
9.848400e+01	1.474504e+06
9.853400e+01	1.473913e+06
9.858400e+01	1.476227e+06
9.863400e+01	1.476368e+06
9.868400e+01	1.478495e+06
9.873500e+01	1.473196e+06
9.878400e+01	1.478291e+06
9.883500e+01	1.476355e+06
9.888500e+01	1.474604e+06
9.893500e+01	1.472410e+06
9.898500e+01	1.471480e+06
9.903500e+01	1.478636e+06
9.908500e+01	1.472449e+06
9.913500e+01	1.478436e+06
9.918500e+01	1.472766e+06
9.923600e+01	1.476017e+06
9.928500e+01	1.472161e+06
9.933500e+01	1.474388e+06
9.938600e+01	1.473672e+06
9.943600e+01	1.474212e+06
9.948600e+01	1.470901e+06
9.953600e+01	1.475075e+06
9.958600e+01	1.468731e+06
9.963700e+01	1.476629e+06
9.968700e+01	1.471625e+06
9.973700e+01	1.475154e+06
9.978700e+01	1.472638e+06
9.983600e+01	1.476512e+06
9.988700e+01	1.472828e+06
9.993700e+01	1.473539e+06
9.998700e+01	1.475185e+06
1.000370e+02	1.472077e+06
1.000870e+02	1.473028e+06
1.001370e+02	1.467775e+06
1.001870e+02	1.476603e+06
1.002370e+02	1.472040e+06
1.002870e+02	1.476541e+06
1.003380e+02	1.472893e+06
1.003870e+02	1.473930e+06
1.004380e+02	1.468568e+06
1.004870e+02	1.469730e+06
1.005380e+02	1.474128e+06
1.005880e+02	1.472540e+06
1.006380e+02	1.473058e+06
1.006880e+02	1.471231e+06
1.007380e+02	1.470897e+06
1.007880e+02	1.471231e+06
1.008390e+02	1.474703e+06
1.008880e+02	1.474109e+06
1.009380e+02	1.471442e+06
1.009880e+02	1.468419e+06
1.010390e+02	1.474113e+06
1.010890e+02	1.471122e+06
1.011390e+02	1.475596e+06
1.011890e+02	1.467397e+06
1.012390e+02	1.470542e+06
1.012890e+02	1.469181e+06
1.013390e+02	1.467647e+06
1.013900e+02	1.470799e+06
1.014390e+02	1.468353e+06
1.014890e+02	1.469382e+06
1.015400e+02	1.465813e+06
1.015900e+02	1.468736e+06
1.016400e+02	1.467923e+06
1.016900e+02	1.469906e+06
1.017400e+02	1.466973e+06
1.017900e+02	1.467604e+06
1.018410e+02	1.465437e+06
1.018910e+02	1.468002e+06
1.019410e+02	1.463348e+06
1.019910e+02	1.467653e+06
1.020400e+02	1.464944e+06
1.020910e+02	1.464721e+06
1.021410e+02	1.464008e+06
1.021910e+02	1.464336e+06
1.022410e+02	1.467481e+06
1.022910e+02	1.466206e+06
1.023410e+02	1.465879e+06
1.023920e+02	1.459006e+06
1.024420e+02	1.458556e+06
1.024920e+02	1.458851e+06
1.025420e+02	1.462278e+06
1.025920e+02	1.456992e+06
1.026410e+02	1.460370e+06
1.026920e+02	1.453915e+06
1.027420e+02	1.449771e+06
1.027920e+02	1.449174e+06
1.028420e+02	1.445911e+06
1.028920e+02	1.441213e+06
1.029430e+02	1.437455e+06
1.029920e+02	1.431551e+06
1.030420e+02	1.428951e+06
1.030920e+02	1.424485e+06
1.031430e+02	1.420686e+06
1.031930e+02	1.420352e+06
1.032430e+02	1.420260e+06
1.032930e+02	1.417217e+06
1.033430e+02	1.418393e+06
1.033930e+02	1.416484e+06
1.034430e+02	1.417996e+06
1.034930e+02	1.419630e+06
1.035430e+02	1.419793e+06
1.035940e+02	1.415386e+06
1.036440e+02	1.419150e+06
1.036940e+02	1.420230e+06
1.037440e+02	1.420489e+06
1.037940e+02	1.420703e+06
1.038440e+02	1.422346e+06
1.038940e+02	1.420023e+06
1.039440e+02	1.419429e+06
1.039950e+02	1.422532e+06
1.040440e+02	1.422300e+06
1.040940e+02	1.418596e+06
1.041450e+02	1.417949e+06
1.041950e+02	1.421422e+06
1.042450e+02	1.416908e+06
1.042950e+02	1.423425e+06
1.043450e+02	1.415949e+06
1.043950e+02	1.421630e+06
1.044450e+02	1.419458e+06
1.044950e+02	1.419795e+06
1.045450e+02	1.421455e+06
1.045950e+02	1.420441e+06
1.046450e+02	1.418330e+06
1.046950e+02	1.415059e+06
1.047460e+02	1.400813e+06
1.047960e+02	1.391623e+06
1.048460e+02	1.381385e+06
1.048960e+02	1.393212e+06
1.049460e+02	1.386321e+06
1.049960e+02	1.392091e+06
1.050460e+02	1.398897e+06
1.050960e+02	1.395344e+06
1.051470e+02	1.400372e+06
1.051960e+02	1.399840e+06
1.052460e+02	1.401703e+06
1.052960e+02	1.400025e+06
1.053470e+02	1.401104e+06
1.053970e+02	1.402474e+06
1.054470e+02	1.400808e+06
1.054970e+02	1.400752e+06
1.055470e+02	1.402070e+06
1.055970e+02	1.398432e+06
1.056470e+02	1.404514e+06
1.056980e+02	1.398297e+06
1.057480e+02	1.407233e+06
1.057980e+02	1.402686e+06
1.058480e+02	1.402347e+06
1.058980e+02	1.405165e+06
1.059470e+02	1.403590e+06
1.059980e+02	1.404991e+06
1.060480e+02	1.406479e+06
1.060980e+02	1.403737e+06
1.061480e+02	1.403536e+06
1.061980e+02	1.401703e+06
1.062490e+02	1.406162e+06
1.062990e+02	1.406687e+06
1.063490e+02	1.405009e+06
1.063990e+02	1.421681e+06
1.064480e+02	1.402844e+06
1.064990e+02	1.404401e+06
1.065500e+02	1.404471e+06
1.065990e+02	1.402352e+06
1.066500e+02	1.404671e+06
1.066990e+02	1.400951e+06
1.067490e+02	1.402490e+06
1.067990e+02	1.402388e+06
1.068500e+02	1.406367e+06
1.069000e+02	1.404566e+06
1.069500e+02	1.404475e+06
1.070000e+02	1.404570e+06
1.070500e+02	1.403876e+06
1.071000e+02	1.404334e+06
1.071500e+02	1.405022e+06
1.072010e+02	1.406178e+06
1.072510e+02	1.407116e+06
1.073010e+02	1.404991e+06
1.073500e+02	1.400088e+06
1.074000e+02	1.404335e+06
1.074510e+02	1.402384e+06
1.075010e+02	1.407275e+06
1.075510e+02	1.404015e+06
1.076020e+02	1.403371e+06
1.076510e+02	1.407616e+06
1.077010e+02	1.405345e+06
1.077510e+02	1.403455e+06
1.078010e+02	1.405951e+06
1.078520e+02	1.403483e+06
1.079020e+02	1.401957e+06
1.079520e+02	1.405230e+06
1.080020e+02	1.404228e+06
1.080510e+02	1.410256e+06
1.081020e+02	1.402005e+06
1.081520e+02	1.407787e+06
1.082020e+02	1.403709e+06
1.082530e+02	1.410659e+06
1.083030e+02	1.407103e+06
1.083530e+02	1.408037e+06
1.084020e+02	1.406201e+06
1.084530e+02	1.405151e+06
1.085030e+02	1.406591e+06
1.085530e+02	1.410454e+06
1.086030e+02	1.408693e+06
1.086530e+02	1.412773e+06
1.087030e+02	1.406137e+06
1.087540e+02	1.409666e+06
1.088030e+02	1.407537e+06
1.088530e+02	1.411917e+06
1.089030e+02	1.412968e+06
1.089530e+02	1.407770e+06
1.090030e+02	1.413290e+06
1.090540e+02	1.406329e+06
1.091030e+02	1.409242e+06
1.091540e+02	1.409372e+06
1.092040e+02	1.410072e+06
1.092550e+02	1.411534e+06
1.093040e+02	1.410238e+06
1.093550e+02	1.409832e+06
1.094040e+02	1.408962e+06
1.094550e+02	1.408584e+06
1.095040e+02	1.413974e+06
1.095540e+02	1.412150e+06
1.096050e+02	1.410530e+06
1.096550e+02	1.410407e+06
1.097050e+02	1.410125e+06
1.097550e+02	1.411570e+06
1.098050e+02	1.412023e+06
1.098550e+02	1.412557e+06
1.099050e+02	1.410017e+06
1.099550e+02	1.413061e+06
1.100050e+02	1.411460e+06
1.100560e+02	1.416323e+06
1.101060e+02	1.413088e+06
1.101550e+02	1.413608e+06
1.102060e+02	1.411522e+06
1.102560e+02	1.412144e+06
1.103060e+02	1.410135e+06
1.103560e+02	1.414834e+06
1.104060e+02	1.410877e+06
1.104560e+02	1.412982e+06
1.105070e+02	1.410953e+06
1.105570e+02	1.412979e+06
1.106070e+02	1.416938e+06
1.106570e+02	1.414138e+06
1.107070e+02	1.417016e+06
1.107560e+02	1.410291e+06
1.108070e+02	1.413927e+06
1.108570e+02	1.414255e+06
1.109070e+02	1.416476e+06
1.109580e+02	1.416006e+06
1.110080e+02	1.415801e+06
1.110570e+02	1.411779e+06
1.111070e+02	1.411363e+06
1.111570e+02	1.415694e+06
1.112080e+02	1.416990e+06
1.112570e+02	1.415821e+06
1.113080e+02	1.415644e+06
1.113580e+02	1.416337e+06
1.114080e+02	1.411835e+06
1.114580e+02	1.416294e+06
1.115080e+02	1.413256e+06
1.115580e+02	1.416811e+06
1.116080e+02	1.417267e+06
1.116590e+02	1.416871e+06
1.117090e+02	1.413168e+06
1.117590e+02	1.415637e+06
1.118090e+02	1.415978e+06
1.118590e+02	1.418462e+06
1.119090e+02	1.416948e+06
1.119590e+02	1.419203e+06
1.120090e+02	1.418296e+06
1.120590e+02	1.415945e+06
1.121090e+02	1.417322e+06
1.121590e+02	1.412969e+06
1.122100e+02	1.415825e+06
1.122590e+02	1.416470e+06
1.123090e+02	1.418479e+06
1.123600e+02	1.415922e+06
1.124100e+02	1.420291e+06
1.124600e+02	1.414717e+06
1.125100e+02	1.419711e+06
1.125600e+02	1.414519e+06
1.126100e+02	1.419154e+06
1.126600e+02	1.418849e+06
1.127110e+02	1.418687e+06
1.127610e+02	1.416401e+06
1.128110e+02	1.417636e+06
1.128600e+02	1.417986e+06
1.129110e+02	1.419513e+06
1.129610e+02	1.419947e+06
1.130120e+02	1.416322e+06
1.130610e+02	1.418364e+06
1.131110e+02	1.418371e+06
1.131620e+02	1.419540e+06
1.132120e+02	1.418819e+06
1.132610e+02	1.424671e+06
1.133120e+02	1.418038e+06
1.133620e+02	1.419829e+06
1.134120e+02	1.413741e+06
1.134620e+02	1.419110e+06
1.135120e+02	1.421850e+06
1.135630e+02	1.422471e+06
1.136120e+02	1.419825e+06
1.136620e+02	1.422154e+06
1.137120e+02	1.418551e+06
1.137620e+02	1.420957e+06
1.138130e+02	1.421673e+06
1.138630e+02	1.422518e+06
1.139130e+02	1.421941e+06
1.139630e+02	1.418122e+06
1.140130e+02	1.423959e+06
1.140630e+02	1.420334e+06
1.141130e+02	1.425143e+06
1.141630e+02	1.422638e+06
1.142140e+02	1.424974e+06
1.142640e+02	1.421857e+06
1.143140e+02	1.425124e+06
1.143640e+02	1.424339e+06
1.144140e+02	1.419385e+06
1.144640e+02	1.423423e+06
1.145130e+02	1.424062e+06
1.145640e+02	1.419738e+06
1.146140e+02	1.425283e+06
1.146640e+02	1.424088e+06
1.147150e+02	1.427567e+06
1.147640e+02	1.426458e+06
1.148150e+02	1.422306e+06
1.148650e+02	1.426430e+06
1.149140e+02	1.423612e+06
1.149640e+02	1.426087e+06
1.150150e+02	1.426140e+06
1.150650e+02	1.422878e+06
1.151150e+02	1.424888e+06
1.151650e+02	1.420071e+06
1.152150e+02	1.424502e+06
1.152660e+02	1.427076e+06
1.153160e+02	1.425377e+06
1.153660e+02	1.426832e+06
1.154150e+02	1.420538e+06
1.154660e+02	1.426135e+06
1.155160e+02	1.428492e+06
1.155670e+02	1.425664e+06
1.156160e+02	1.428050e+06
1.156660e+02	1.425304e+06
1.157160e+02	1.423490e+06
1.157660e+02	1.426964e+06
1.158160e+02	1.426626e+06
1.158670e+02	1.429826e+06
1.159160e+02	1.425834e+06
1.159670e+02	1.426830e+06
1.160160e+02	1.429729e+06
1.160670e+02	1.427040e+06
1.161170e+02	1.430141e+06
1.161670e+02	1.428668e+06
1.162170e+02	1.427798e+06
1.162670e+02	1.427627e+06
1.163180e+02	1.423336e+06
1.163670e+02	1.429169e+06
1.164170e+02	1.423380e+06
1.164680e+02	1.431029e+06
1.165170e+02	1.425158e+06
1.165680e+02	1.428936e+06
1.166180e+02	1.427705e+06
1.166680e+02	1.428614e+06
1.167180e+02	1.427999e+06
1.167680e+02	1.431412e+06
1.168180e+02	1.427474e+06
1.168690e+02	1.428865e+06
1.169190e+02	1.423555e+06
1.169680e+02	1.431978e+06
1.170180e+02	1.427674e+06
1.170680e+02	1.427905e+06
1.171180e+02	1.427208e+06
1.171690e+02	1.428209e+06
1.172190e+02	1.432775e+06
1.172690e+02	1.429431e+06
1.173190e+02	1.429441e+06
1.173700e+02	1.430625e+06
1.174190e+02	1.425366e+06
1.174690e+02	1.425232e+06
1.175200e+02	1.427748e+06
1.175700e+02	1.427765e+06
1.176200e+02	1.431103e+06
1.176700e+02	1.428131e+06
1.177200e+02	1.428358e+06
1.177700e+02	1.425580e+06
1.178200e+02	1.428328e+06
1.178700e+02	1.427995e+06
1.179200e+02	1.429149e+06
1.179710e+02	1.427228e+06
1.180210e+02	1.426830e+06
1.180710e+02	1.428274e+06
1.181210e+02	1.426594e+06
1.181710e+02	1.425685e+06
1.182210e+02	1.424294e+06
1.182710e+02	1.427453e+06
1.183210e+02	1.425431e+06
1.183720e+02	1.430824e+06
1.184220e+02	1.425953e+06
1.184720e+02	1.427518e+06
1.185210e+02	1.426145e+06
1.185720e+02	1.424791e+06
1.186220e+02	1.426232e+06
1.186720e+02	1.424775e+06
1.187220e+02	1.426870e+06
1.187720e+02	1.427705e+06
1.188220e+02	1.424816e+06
1.188720e+02	1.425426e+06
1.189220e+02	1.426096e+06
1.189730e+02	1.425315e+06
1.190230e+02	1.428032e+06
1.190730e+02	1.425568e+06
1.191230e+02	1.425779e+06
1.191720e+02	1.420093e+06
1.192220e+02	1.423137e+06
1.192730e+02	1.422227e+06
1.193220e+02	1.425702e+06
1.193730e+02	1.423244e+06
1.194230e+02	1.421298e+06
1.194730e+02	1.420362e+06
1.195240e+02	1.426696e+06
1.195730e+02	1.423115e+06
1.196230e+02	1.425852e+06
1.196730e+02	1.420992e+06
1.197230e+02	1.423559e+06
1.197740e+02	1.418559e+06
1.198240e+02	1.421890e+06
1.198740e+02	1.421744e+06
1.199240e+02	1.419680e+06
1.199740e+02	1.418128e+06
1.200240e+02	1.416972e+06
1.200740e+02	1.419735e+06
1.201240e+02	1.419719e+06
1.201740e+02	1.421941e+06
1.202250e+02	1.418898e+06
1.202750e+02	1.418969e+06
1.203250e+02	1.418810e+06
1.203750e+02	1.420176e+06
1.204250e+02	1.415330e+06
1.204750e+02	1.420219e+06
1.205250e+02	1.419181e+06
1.205750e+02	1.419472e+06
1.206250e+02	1.419858e+06
1.206760e+02	1.417806e+06
1.207260e+02	1.421342e+06
1.207760e+02	1.419879e+06
1.208260e+02	1.422796e+06
1.208750e+02	1.418622e+06
1.209260e+02	1.419958e+06
1.209760e+02	1.416032e+06
1.210260e+02	1.418031e+06
1.210760e+02	1.416992e+06
1.211260e+02	1.416817e+06
1.211760e+02	1.416108e+06
1.212260e+02	1.416108e+06
1.212760e+02	1.418827e+06
1.213270e+02	1.418833e+06
1.213760e+02	1.418942e+06
1.214270e+02	1.410037e+06
1.214760e+02	1.418124e+06
1.215270e+02	1.416122e+06
1.215770e+02	1.417463e+06
1.216270e+02	1.415582e+06
1.216770e+02	1.416442e+06
1.217270e+02	1.413033e+06
1.217780e+02	1.414472e+06
1.218270e+02	1.413093e+06
1.218780e+02	1.415710e+06
1.219280e+02	1.417274e+06
1.219780e+02	1.412479e+06
1.220290e+02	1.412119e+06
1.220780e+02	1.410963e+06
1.221290e+02	1.413068e+06
1.221790e+02	1.412311e+06
1.222290e+02	1.415479e+06
1.222780e+02	1.409600e+06
1.223280e+02	1.412494e+06
1.223780e+02	1.408213e+06
1.224280e+02	1.407909e+06
1.224790e+02	1.413343e+06
1.225290e+02	1.413916e+06
1.225790e+02	1.411133e+06
1.226290e+02	1.413574e+06
1.226800e+02	1.409803e+06
1.227290e+02	1.413958e+06
1.227790e+02	1.413797e+06
1.228290e+02	1.412440e+06
1.228790e+02	1.409741e+06
1.229290e+02	1.411597e+06
1.229790e+02	1.410871e+06
1.230300e+02	1.410664e+06
1.230800e+02	1.414302e+06
1.231300e+02	1.412095e+06
1.231810e+02	1.410319e+06
1.232310e+02	1.409394e+06
1.232810e+02	1.409538e+06
1.233300e+02	1.408983e+06
1.233800e+02	1.413368e+06
1.234310e+02	1.404580e+06
1.234810e+02	1.409998e+06
1.235310e+02	1.404938e+06
1.235810e+02	1.408695e+06
1.236310e+02	1.407594e+06
1.236810e+02	1.410083e+06
1.237310e+02	1.407993e+06
1.237810e+02	1.407042e+06
1.238320e+02	1.410808e+06
1.238820e+02	1.409095e+06
1.239320e+02	1.408660e+06
1.239810e+02	1.407999e+06
1.240320e+02	1.405599e+06
1.240820e+02	1.406389e+06
1.241320e+02	1.405648e+06
1.241820e+02	1.404064e+06
1.242320e+02	1.410516e+06
1.242820e+02	1.403258e+06
1.243320e+02	1.407665e+06
1.243820e+02	1.407400e+06
1.244320e+02	1.401329e+06
1.244820e+02	1.409121e+06
1.245330e+02	1.406025e+06
1.245820e+02	1.407246e+06
1.246330e+02	1.403609e+06
1.246830e+02	1.403175e+06
1.247330e+02	1.403917e+06
1.247830e+02	1.405948e+06
1.248330e+02	1.403791e+06
1.248840e+02	1.406792e+06
1.249340e+02	1.403583e+06
1.249830e+02	1.403717e+06
1.250330e+02	1.404019e+06
1.250830e+02	1.406289e+06
1.251340e+02	1.404266e+06
1.251840e+02	1.403586e+06
1.252340e+02	1.402849e+06
1.252840e+02	1.403883e+06
1.253340e+02	1.403966e+06
1.253840e+02	1.403116e+06
1.254340e+02	1.402181e+06
1.254840e+02	1.402734e+06
1.255340e+02	1.402907e+06
1.255840e+02	1.405001e+06
1.256340e+02	1.403748e+06
1.256850e+02	1.401844e+06
1.257350e+02	1.409335e+06
1.257850e+02	1.407543e+06
1.258350e+02	1.405569e+06
1.258850e+02	1.398818e+06
1.259350e+02	1.402561e+06
1.259860e+02	1.400500e+06
1.260360e+02	1.400530e+06
1.260860e+02	1.400037e+06
1.261360e+02	1.401666e+06
1.261860e+02	1.404287e+06
1.262360e+02	1.399706e+06
1.262860e+02	1.402624e+06
1.263360e+02	1.400206e+06
1.263860e+02	1.399019e+06
1.264370e+02	1.395389e+06
1.264860e+02	1.400028e+06
1.265360e+02	1.398544e+06
1.265860e+02	1.401039e+06
1.266370e+02	1.398047e+06
1.266870e+02	1.402252e+06
1.267370e+02	1.399363e+06
1.267870e+02	1.400855e+06
1.268370e+02	1.400232e+06
1.268870e+02	1.399908e+06
1.269370e+02	1.394813e+06
1.269870e+02	1.399699e+06
1.270370e+02	1.396320e+06
1.270870e+02	1.399252e+06
1.271370e+02	1.396600e+06
1.271880e+02	1.403420e+06
1.272370e+02	1.396330e+06
1.272880e+02	1.399247e+06
1.273380e+02	1.398577e+06
1.273880e+02	1.401485e+06
1.274380e+02	1.397476e+06
1.274880e+02	1.399315e+06
1.275380e+02	1.399127e+06
1.275880e+02	1.401203e+06
1.276380e+02	1.399088e+06
1.276880e+02	1.399509e+06
1.277390e+02	1.398614e+06
1.277890e+02	1.396872e+06
1.278380e+02	1.400707e+06
1.278890e+02	1.398201e+06
1.279400e+02	1.404837e+06
1.279900e+02	1.399382e+06
1.280390e+02	1.399387e+06
1.280890e+02	1.399983e+06
1.281390e+02	1.399727e+06
1.281890e+02	1.402797e+06
1.282400e+02	1.401780e+06
1.282900e+02	1.399689e+06
1.283400e+02	1.400526e+06
1.283900e+02	1.397213e+06
1.284410e+02	1.399372e+06
1.284900e+02	1.401117e+06
1.285400e+02	1.404803e+06
1.285900e+02	1.405243e+06
1.286400e+02	1.410955e+06
1.286900e+02	1.405530e+06
1.287410e+02	1.402424e+06
1.287900e+02	1.402815e+06
1.288400e+02	1.403818e+06
1.288910e+02	1.398596e+06
1.289410e+02	1.400828e+06
1.289910e+02	1.401677e+06
1.290410e+02	1.404494e+06
1.290910e+02	1.404436e+06
1.291420e+02	1.404764e+06
1.291910e+02	1.404330e+06
1.292410e+02	1.402143e+06
1.292910e+02	1.400881e+06
1.293420e+02	1.403859e+06
1.293920e+02	1.403701e+06
1.294420e+02	1.399733e+06
1.294920e+02	1.401251e+06
1.295420e+02	1.404139e+06
1.295920e+02	1.403262e+06
1.296420e+02	1.408416e+06
1.296920e+02	1.405323e+06
1.297430e+02	1.408625e+06
1.297930e+02	1.404676e+06
1.298430e+02	1.404214e+06
1.298930e+02	1.408179e+06
1.299430e+02	1.403857e+06
1.299920e+02	1.407742e+06
1.300430e+02	1.404198e+06
1.300930e+02	1.405576e+06
1.301430e+02	1.401801e+06
1.301940e+02	1.408215e+06
1.302440e+02	1.404828e+06
1.302940e+02	1.408833e+06
1.303430e+02	1.406143e+06
1.303930e+02	1.408173e+06
1.304430e+02	1.399605e+06
1.304930e+02	1.408969e+06
1.305430e+02	1.408084e+06
1.305940e+02	1.408823e+06
1.306440e+02	1.404352e+06
1.306940e+02	1.406155e+06
1.307440e+02	1.406931e+06
1.307940e+02	1.406745e+06
1.308440e+02	1.411096e+06
1.308950e+02	1.406633e+06
1.309450e+02	1.411128e+06
1.309950e+02	1.405985e+06
1.310450e+02	1.408714e+06
1.310950e+02	1.410199e+06
1.311450e+02	1.409993e+06
1.311960e+02	1.408074e+06
1.312450e+02	1.407854e+06
1.312950e+02	1.405324e+06
1.313460e+02	1.410879e+06
1.313950e+02	1.409681e+06
1.314450e+02	1.406535e+06
1.314960e+02	1.411549e+06
1.315460e+02	1.407658e+06
1.315960e+02	1.412156e+06
1.316450e+02	1.405876e+06
1.316960e+02	1.411771e+06
1.317470e+02	1.410516e+06
1.317960e+02	1.411014e+06
1.318470e+02	1.409769e+06
1.318970e+02	1.410957e+06
1.319460e+02	1.413834e+06
1.319960e+02	1.412999e+06
1.320460e+02	1.423993e+06
1.320970e+02	1.414677e+06
1.321470e+02	1.414003e+06
1.321970e+02	1.412173e+06
1.322470e+02	1.413545e+06
1.322970e+02	1.414615e+06
1.323470e+02	1.414322e+06
1.323970e+02	1.409730e+06
1.324470e+02	1.412291e+06
1.324980e+02	1.410485e+06
1.325480e+02	1.417480e+06
1.325970e+02	1.412075e+06
1.326480e+02	1.417081e+06
1.326980e+02	1.413248e+06
1.327480e+02	1.416658e+06
1.327990e+02	1.414781e+06
1.328490e+02	1.415820e+06
1.328980e+02	1.414572e+06
1.329480e+02	1.412808e+06
1.329980e+02	1.414997e+06
1.330480e+02	1.411520e+06
1.330990e+02	1.415465e+06
1.331490e+02	1.418395e+06
1.331990e+02	1.415311e+06
1.332500e+02	1.415988e+06
1.332990e+02	1.416318e+06
1.333490e+02	1.415964e+06
1.333990e+02	1.418950e+06
1.334490e+02	1.412417e+06
1.335000e+02	1.418045e+06
1.335500e+02	1.411761e+06
1.336000e+02	1.417138e+06
1.336500e+02	1.415784e+06
1.337000e+02	1.415461e+06
1.337500e+02	1.417712e+06
1.338000e+02	1.416132e+06
1.338500e+02	1.417158e+06
1.339010e+02	1.414875e+06
1.339500e+02	1.418362e+06
1.340000e+02	1.417244e+06
1.340500e+02	1.419332e+06
1.341010e+02	1.416595e+06
1.341500e+02	1.416453e+06
1.342010e+02	1.414308e+06
1.342510e+02	1.417583e+06
1.343010e+02	1.413269e+06
1.343510e+02	1.420633e+06
1.344020e+02	1.411703e+06
1.344510e+02	1.415410e+06
1.345010e+02	1.416249e+06
1.345520e+02	1.419000e+06
1.346010e+02	1.418292e+06
1.346520e+02	1.419054e+06
1.347020e+02	1.414550e+06
1.347520e+02	1.418095e+06
1.348020e+02	1.415924e+06
1.348520e+02	1.417947e+06
1.349020e+02	1.417146e+06
1.349520e+02	1.417901e+06
1.350020e+02	1.418338e+06
1.350530e+02	1.413840e+06
1.351030e+02	1.419682e+06
1.351530e+02	1.417663e+06
1.352030e+02	1.420376e+06
1.352530e+02	1.417421e+06
1.353020e+02	1.417130e+06
1.353530e+02	1.415476e+06
1.354030e+02	1.432172e+06
1.354540e+02	1.419089e+06
1.355030e+02	1.418671e+06
1.355530e+02	1.417308e+06
1.356040e+02	1.418748e+06
1.356530e+02	1.414180e+06
1.357040e+02	1.417764e+06
1.357540e+02	1.417611e+06
1.358040e+02	1.416002e+06
1.358540e+02	1.417389e+06
1.359040e+02	1.415608e+06
1.359550e+02	1.419270e+06
1.360040e+02	1.416574e+06
1.360540e+02	1.417691e+06
1.361040e+02	1.417905e+06
1.361550e+02	1.417935e+06
1.362050e+02	1.416893e+06
1.362540e+02	1.415743e+06
1.363050e+02	1.418461e+06
1.363550e+02	1.419320e+06
1.364040e+02	1.413779e+06
1.364550e+02	1.413028e+06
1.365050e+02	1.416132e+06
1.365550e+02	1.417279e+06
1.366050e+02	1.416138e+06
1.366550e+02	1.414032e+06
1.367060e+02	1.411525e+06
1.367560e+02	1.415104e+06
1.368060e+02	1.411380e+06
1.368560e+02	1.416312e+06
1.369050e+02	1.413927e+06
1.369560e+02	1.416365e+06
1.370060e+02	1.414747e+06
1.370560e+02	1.410837e+06
1.371070e+02	1.412850e+06
1.371560e+02	1.412898e+06
1.372060e+02	1.415547e+06
1.372560e+02	1.411912e+06
1.373060e+02	1.412296e+06
1.373570e+02	1.411921e+06
1.374070e+02	1.410287e+06
1.374570e+02	1.412850e+06
1.375070e+02	1.414164e+06
1.375570e+02	1.413014e+06
1.376070e+02	1.415272e+06
1.376570e+02	1.410905e+06
1.377070e+02	1.412543e+06
1.377570e+02	1.413751e+06
1.378080e+02	1.410733e+06
1.378580e+02	1.409700e+06
1.379070e+02	1.409002e+06
1.379580e+02	1.411933e+06
1.380070e+02	1.412222e+06
1.380580e+02	1.413167e+06
1.381080e+02	1.412603e+06
1.381580e+02	1.412036e+06
1.382080e+02	1.408493e+06
1.382590e+02	1.410214e+06
1.383080e+02	1.414808e+06
1.383580e+02	1.411925e+06
1.384080e+02	1.409730e+06
1.384580e+02	1.409038e+06
1.385080e+02	1.409183e+06
1.385580e+02	1.409316e+06
1.386090e+02	1.413808e+06
1.386590e+02	1.406141e+06
1.387090e+02	1.415423e+06
1.387590e+02	1.407599e+06
1.388090e+02	1.411893e+06
1.388590e+02	1.408359e+06
1.389100e+02	1.409450e+06
1.389600e+02	1.409826e+06
1.390100e+02	1.412777e+06
1.390600e+02	1.406502e+06
1.391100e+02	1.410944e+06
1.391600e+02	1.409163e+06
1.392100e+02	1.407903e+06
1.392610e+02	1.408920e+06
1.393100e+02	1.409515e+06
1.393610e+02	1.409591e+06
1.394110e+02	1.406591e+06
1.394610e+02	1.404187e+06
1.395110e+02	1.408485e+06
1.395610e+02	1.405500e+06
1.396110e+02	1.402527e+06
1.396620e+02	1.407207e+06
1.397110e+02	1.405228e+06
1.397610e+02	1.410845e+06
1.398110e+02	1.404862e+06
1.398610e+02	1.408365e+06
1.399110e+02	1.404184e+06
1.399620e+02	1.405917e+06
1.400120e+02	1.407223e+06
1.400620e+02	1.404143e+06
1.401120e+02	1.407803e+06
1.401620e+02	1.403877e+06
1.402120e+02	1.405069e+06
1.402620e+02	1.399863e+06
1.403120e+02	1.405931e+06
1.403620e+02	1.405185e+06
1.404130e+02	1.402939e+06
1.404630e+02	1.400453e+06
1.405130e+02	1.408507e+06
1.405630e+02	1.403423e+06
1.406130e+02	1.408645e+06
1.406630e+02	1.402942e+06
1.407130e+02	1.407221e+06
1.407630e+02	1.404856e+06
1.408130e+02	1.404890e+06
1.408640e+02	1.404165e+06
1.409130e+02	1.402888e+06
1.409640e+02	1.405060e+06
1.410140e+02	1.400316e+06
1.410630e+02	1.403682e+06
1.411140e+02	1.402768e+06
1.411640e+02	1.405769e+06
1.412140e+02	1.402751e+06
1.412640e+02	1.402434e+06
1.413140e+02	1.401227e+06
1.413640e+02	1.402937e+06
1.414140e+02	1.397781e+06
1.414650e+02	1.400451e+06
1.415150e+02	1.399948e+06
1.415650e+02	1.400884e+06
1.416150e+02	1.399968e+06
1.416640e+02	1.400435e+06
1.417150e+02	1.401154e+06
1.417650e+02	1.397673e+06
1.418150e+02	1.403920e+06
1.418650e+02	1.396066e+06
1.419150e+02	1.400805e+06
1.419660e+02	1.394371e+06
1.420150e+02	1.399913e+06
1.420650e+02	1.395776e+06
1.421150e+02	1.398670e+06
1.421660e+02	1.394182e+06
1.422150e+02	1.397353e+06
1.422660e+02	1.392355e+06
1.423160e+02	1.401742e+06
1.423660e+02	1.395188e+06
1.424160e+02	1.391816e+06
1.424660e+02	1.395809e+06
1.425170e+02	1.390494e+06
1.425670e+02	1.397866e+06
1.426170e+02	1.392580e+06
1.426670e+02	1.397202e+06
1.427170e+02	1.391159e+06
1.427670e+02	1.396127e+06
1.428170e+02	1.392576e+06
1.428660e+02	1.396659e+06
1.429170e+02	1.393775e+06
1.429670e+02	1.396885e+06
1.430170e+02	1.390994e+06
1.430680e+02	1.397951e+06
1.431180e+02	1.398236e+06
1.431680e+02	1.398569e+06
1.432180e+02	1.392832e+06
1.432680e+02	1.392473e+06
1.433180e+02	1.394080e+06
1.433670e+02	1.390657e+06
1.434180e+02	1.386986e+06
1.434680e+02	1.390123e+06
1.435190e+02	1.392945e+06
1.435680e+02	1.392281e+06
1.436180e+02	1.390215e+06
1.436680e+02	1.391212e+06
1.437190e+02	1.391046e+06
1.437690e+02	1.391171e+06
1.438190e+02	1.388927e+06
1.438690e+02	1.387666e+06
1.439190e+02	1.385516e+06
1.439690e+02	1.390641e+06
1.440190e+02	1.390291e+06
1.440690e+02	1.391266e+06
1.441190e+02	1.390700e+06
1.441690e+02	1.388646e+06
1.442190e+02	1.388165e+06
1.442700e+02	1.388564e+06
1.443200e+02	1.386970e+06
1.443700e+02	1.393101e+06
1.444200e+02	1.383594e+06
1.444700e+02	1.389047e+06
1.445200e+02	1.388123e+06
1.445700e+02	1.387460e+06
1.446200e+02	1.392618e+06
1.446700e+02	1.387685e+06
1.447200e+02	1.389523e+06
1.447700e+02	1.386646e+06
1.448200e+02	1.387262e+06
1.448710e+02	1.388829e+06
1.449200e+02	1.387534e+06
1.449710e+02	1.390781e+06
1.450210e+02	1.389319e+06
1.450710e+02	1.382396e+06
1.451210e+02	1.388599e+06
1.451720e+02	1.386098e+06
1.452210e+02	1.391245e+06
1.452720e+02	1.388118e+06
1.453210e+02	1.387418e+06
1.453720e+02	1.389722e+06
1.454220e+02	1.380689e+06
1.454720e+02	1.386916e+06
1.455220e+02	1.388281e+06
1.455720e+02	1.388219e+06
1.456220e+02	1.386701e+06
1.456720e+02	1.386159e+06
1.457220e+02	1.385526e+06
1.457730e+02	1.387578e+06
1.458230e+02	1.386851e+06
1.458730e+02	1.389303e+06
1.459230e+02	1.386501e+06
1.459720e+02	1.387406e+06
1.460230e+02	1.386582e+06
1.460730e+02	1.388153e+06
1.461230e+02	1.389455e+06
1.461730e+02	1.388226e+06
1.462230e+02	1.386739e+06
1.462740e+02	1.386751e+06
1.463230e+02	1.386568e+06
1.463750e+02	1.388314e+06
1.464240e+02	1.382691e+06
1.464740e+02	1.387694e+06
1.465240e+02	1.386200e+06
1.465740e+02	1.388238e+06
1.466240e+02	1.388559e+06
1.466740e+02	1.389210e+06
1.467240e+02	1.388685e+06
1.467740e+02	1.388402e+06
1.468240e+02	1.388746e+06
1.468740e+02	1.386672e+06
1.469240e+02	1.387826e+06
1.469750e+02	1.390867e+06
1.470250e+02	1.389807e+06
1.470750e+02	1.391327e+06
1.471240e+02	1.389629e+06
1.471750e+02	1.387554e+06
1.472250e+02	1.389352e+06
1.472760e+02	1.392589e+06
1.473260e+02	1.390085e+06
1.473750e+02	1.386774e+06
1.474260e+02	1.383224e+06
1.474760e+02	1.384848e+06
1.475260e+02	1.388039e+06
1.475760e+02	1.388820e+06
1.476260e+02	1.387778e+06
1.476760e+02	1.388051e+06
1.477270e+02	1.388742e+06
1.477760e+02	1.389638e+06
1.478260e+02	1.391830e+06
1.478760e+02	1.387855e+06
1.479260e+02	1.387541e+06
1.479760e+02	1.387974e+06
1.480260e+02	1.388487e+06
1.480770e+02	1.388154e+06
1.481270e+02	1.389143e+06
1.481770e+02	1.390293e+06
1.482270e+02	1.387421e+06
1.482770e+02	1.388832e+06
1.483270e+02	1.387777e+06
1.483770e+02	1.391767e+06
1.484270e+02	1.384806e+06
1.484770e+02	1.389398e+06
1.485280e+02	1.386983e+06
1.485780e+02	1.388899e+06
1.486280e+02	1.388019e+06
1.486770e+02	1.387907e+06
1.487280e+02	1.390934e+06
1.487780e+02	1.388620e+06
1.488290e+02	1.389566e+06
1.488790e+02	1.386898e+06
1.489280e+02	1.391681e+06
1.489790e+02	1.392293e+06
1.490290e+02	1.389516e+06
1.490790e+02	1.390205e+06
1.491280e+02	1.389128e+06
1.491790e+02	1.389933e+06
1.492290e+02	1.389356e+06
1.492790e+02	1.391070e+06
1.493290e+02	1.390609e+06
1.493790e+02	1.391044e+06
1.494290e+02	1.385815e+06
1.494790e+02	1.390490e+06
1.495290e+02	1.390511e+06
1.495790e+02	1.394670e+06
1.496300e+02	1.390817e+06
1.496790e+02	1.392671e+06
1.497300e+02	1.386734e+06
1.497800e+02	1.393066e+06
1.498300e+02	1.389467e+06
1.498800e+02	1.390971e+06
1.499300e+02	1.389769e+06
1.499810e+02	1.389817e+06
1.500300e+02	1.391377e+06
1.500800e+02	1.389855e+06
1.501300e+02	1.394800e+06
1.501810e+02	1.395860e+06
1.502310e+02	1.392485e+06
1.502810e+02	1.389330e+06
1.503310e+02	1.393631e+06
1.503810e+02	1.392639e+06
1.504310e+02	1.392825e+06
1.504810e+02	1.388955e+06
1.505310e+02	1.396448e+06
1.505810e+02	1.387364e+06
1.506320e+02	1.395038e+06
1.506820e+02	1.388322e+06
1.507320e+02	1.397245e+06
1.507820e+02	1.392769e+06
1.508310e+02	1.394414e+06
1.508820e+02	1.389846e+06
1.509320e+02	1.393710e+06
1.509820e+02	1.396031e+06
1.510320e+02	1.392772e+06
1.510820e+02	1.392197e+06
1.511320e+02	1.392276e+06
1.511820e+02	1.394219e+06
1.512320e+02	1.393132e+06
1.512830e+02	1.397746e+06
1.513330e+02	1.394148e+06
1.513830e+02	1.396104e+06
1.514320e+02	1.390068e+06
1.514830e+02	1.394266e+06
1.515330e+02	1.392638e+06
1.515840e+02	1.399889e+06
1.516330e+02	1.395682e+06
1.516830e+02	1.398738e+06
1.517340e+02	1.393168e+06
1.517840e+02	1.398057e+06
1.518340e+02	1.397075e+06
1.518840e+02	1.398006e+06
1.519340e+02	1.396882e+06
1.519840e+02	1.396912e+06
1.520340e+02	1.398364e+06
1.520840e+02	1.395321e+06
1.521340e+02	1.400183e+06
1.521850e+02	1.397749e+06
1.522340e+02	1.398852e+06
1.522840e+02	1.393219e+06
1.523350e+02	1.396807e+06
1.523850e+02	1.397575e+06
1.524350e+02	1.394973e+06
1.524850e+02	1.398427e+06
1.525350e+02	1.398798e+06
1.525850e+02	1.396210e+06
1.526350e+02	1.400031e+06
1.526860e+02	1.398780e+06
1.527360e+02	1.398430e+06
1.527850e+02	1.397902e+06
1.528360e+02	1.397147e+06
1.528860e+02	1.397982e+06
1.529360e+02	1.397899e+06
1.529860e+02	1.398077e+06
1.530360e+02	1.400459e+06
1.530860e+02	1.397427e+06
1.531360e+02	1.398309e+06
1.531860e+02	1.396504e+06
1.532360e+02	1.414270e+06
1.532860e+02	1.402064e+06
1.533370e+02	1.401146e+06
1.533870e+02	1.399921e+06
1.534370e+02	1.392901e+06
1.534870e+02	1.394800e+06
1.535370e+02	1.396227e+06
1.535870e+02	1.401992e+06
1.536370e+02	1.399738e+06
1.536880e+02	1.400257e+06
1.537380e+02	1.399856e+06
1.537880e+02	1.399763e+06
1.538370e+02	1.400527e+06
1.538870e+02	1.401210e+06
1.539380e+02	1.399454e+06
1.539890e+02	1.400778e+06
1.540380e+02	1.397019e+06
1.540880e+02	1.400883e+06
1.541380e+02	1.400130e+06
1.541880e+02	1.401199e+06
1.542380e+02	1.399048e+06
1.542880e+02	1.396784e+06
1.543380e+02	1.400227e+06
1.543890e+02	1.401570e+06
1.544390e+02	1.395610e+06
1.544890e+02	1.402537e+06
1.545380e+02	1.397762e+06
1.545890e+02	1.400743e+06
1.546390e+02	1.396401e+06
1.546900e+02	1.398707e+06
1.547390e+02	1.402487e+06
1.547900e+02	1.401606e+06
1.548390e+02	1.400371e+06
1.548890e+02	1.397706e+06
1.549400e+02	1.399340e+06
1.549900e+02	1.400111e+06
1.550400e+02	1.401959e+06
1.550900e+02	1.402549e+06
1.551400e+02	1.397409e+06
1.551900e+02	1.399396e+06
1.552400e+02	1.399437e+06
1.552900e+02	1.398377e+06
1.553400e+02	1.400833e+06
1.553900e+02	1.400017e+06
1.554410e+02	1.395813e+06
1.554910e+02	1.401327e+06
1.555410e+02	1.398257e+06
1.555910e+02	1.402392e+06
1.556410e+02	1.400942e+06
1.556910e+02	1.399976e+06
1.557410e+02	1.399359e+06
1.557910e+02	1.399498e+06
1.558410e+02	1.398975e+06
1.558910e+02	1.398031e+06
1.559410e+02	1.401234e+06
1.559920e+02	1.399262e+06
1.560410e+02	1.398634e+06
1.560910e+02	1.398818e+06
1.561410e+02	1.401013e+06
1.561910e+02	1.402833e+06
1.562420e+02	1.400777e+06
1.562930e+02	1.398815e+06
1.563430e+02	1.397174e+06
1.563930e+02	1.398065e+06
1.564420e+02	1.396158e+06
1.564930e+02	1.397904e+06
1.565430e+02	1.399671e+06
1.565920e+02	1.396880e+06
1.566430e+02	1.396705e+06
1.566930e+02	1.401025e+06
1.567430e+02	1.398990e+06
1.567930e+02	1.399136e+06
1.568430e+02	1.397584e+06
1.568930e+02	1.397784e+06
1.569430e+02	1.397380e+06
1.569940e+02	1.398249e+06
1.570440e+02	1.399556e+06
1.570930e+02	1.395671e+06
1.571440e+02	1.397791e+06
1.571940e+02	1.397372e+06
1.572440e+02	1.396932e+06
1.572940e+02	1.396690e+06
1.573440e+02	1.397188e+06
1.573940e+02	1.397169e+06
1.574440e+02	1.392130e+06
1.574940e+02	1.391714e+06
1.575440e+02	1.396822e+06
1.575950e+02	1.395368e+06
1.576450e+02	1.395700e+06
1.576950e+02	1.394457e+06
1.577450e+02	1.394991e+06
1.577950e+02	1.391871e+06
1.578450e+02	1.396137e+06
1.578950e+02	1.399379e+06
1.579450e+02	1.394714e+06
1.579960e+02	1.392183e+06
1.580450e+02	1.394463e+06
1.580960e+02	1.392626e+06
1.581460e+02	1.392456e+06
1.581950e+02	1.397426e+06
1.582460e+02	1.392197e+06
1.582950e+02	1.392878e+06
1.583450e+02	1.391455e+06
1.583960e+02	1.393623e+06
1.584460e+02	1.389163e+06
1.584960e+02	1.394834e+06
1.585460e+02	1.392573e+06
1.585970e+02	1.392266e+06
1.586460e+02	1.389347e+06
1.586970e+02	1.392692e+06
1.587470e+02	1.391588e+06
1.587970e+02	1.391477e+06
1.588460e+02	1.391490e+06
1.588970e+02	1.388417e+06
1.589470e+02	1.390743e+06
1.589970e+02	1.390412e+06
1.590470e+02	1.391856e+06
1.590970e+02	1.393204e+06
1.591480e+02	1.390394e+06
1.591980e+02	1.387033e+06
1.592480e+02	1.388947e+06
1.592980e+02	1.389739e+06
1.593480e+02	1.391369e+06
1.593980e+02	1.384027e+06
1.594480e+02	1.388127e+06
1.594980e+02	1.384864e+06
1.595480e+02	1.389202e+06
1.595980e+02	1.388529e+06
1.596480e+02	1.387514e+06
1.596980e+02	1.388910e+06
1.597480e+02	1.387520e+06
1.597980e+02	1.387781e+06
1.598490e+02	1.386727e+06
1.598990e+02	1.387552e+06
1.599490e+02	1.386036e+06
1.600000e+02	1.386900e+06
1.600490e+02	1.383322e+06
1.601000e+02	1.387395e+06
1.601490e+02	1.383293e+06
1.602000e+02	1.386195e+06
1.602500e+02	1.387064e+06
1.603000e+02	1.386736e+06
1.603490e+02	1.382807e+06
1.604000e+02	1.382730e+06
1.604500e+02	1.381408e+06
1.605000e+02	1.386513e+06
1.605500e+02	1.385162e+06
1.606000e+02	1.381353e+06
1.606500e+02	1.379977e+06
1.607000e+02	1.381734e+06
1.607500e+02	1.384007e+06
1.608000e+02	1.382359e+06
1.608510e+02	1.382957e+06
1.609000e+02	1.381975e+06
1.609510e+02	1.382770e+06
1.610010e+02	1.383656e+06
1.610510e+02	1.381889e+06
1.611010e+02	1.383816e+06
1.611510e+02	1.379778e+06
1.612010e+02	1.379233e+06
1.612510e+02	1.379326e+06
1.613020e+02	1.379699e+06
1.613510e+02	1.381992e+06
1.614020e+02	1.379198e+06
1.614520e+02	1.378860e+06
1.615010e+02	1.380163e+06
1.615510e+02	1.380103e+06
1.616020e+02	1.380097e+06
1.616520e+02	1.382648e+06
1.617020e+02	1.381114e+06
1.617520e+02	1.382103e+06
1.618020e+02	1.379047e+06
1.618530e+02	1.380740e+06
1.619030e+02	1.377470e+06
1.619530e+02	1.383290e+06
1.620030e+02	1.378450e+06
1.620530e+02	1.382399e+06
1.621020e+02	1.378342e+06
1.621530e+02	1.379341e+06
1.622030e+02	1.381312e+06
1.622530e+02	1.382440e+06
1.623040e+02	1.378016e+06
1.623530e+02	1.380933e+06
1.624040e+02	1.373833e+06
1.624530e+02	1.377589e+06
1.625030e+02	1.380206e+06
1.625530e+02	1.378626e+06
1.626040e+02	1.379565e+06
1.626540e+02	1.378193e+06
1.627040e+02	1.380812e+06
1.627550e+02	1.378446e+06
1.628040e+02	1.380132e+06
1.628540e+02	1.380784e+06
1.629040e+02	1.377456e+06
1.629550e+02	1.378001e+06
1.630050e+02	1.377720e+06
1.630550e+02	1.377576e+06
1.631050e+02	1.379331e+06
1.631550e+02	1.374608e+06
1.632050e+02	1.384234e+06
1.632550e+02	1.375804e+06
1.633060e+02	1.378613e+06
1.633560e+02	1.375774e+06
1.634060e+02	1.374098e+06
1.634560e+02	1.373049e+06
1.635060e+02	1.374324e+06
1.635560e+02	1.373935e+06
1.636060e+02	1.375500e+06
1.636560e+02	1.374610e+06
1.637060e+02	1.374258e+06
1.637560e+02	1.372553e+06
1.638060e+02	1.372917e+06
1.638560e+02	1.371994e+06
1.639070e+02	1.375323e+06
1.639560e+02	1.373333e+06
1.640070e+02	1.374140e+06
1.640570e+02	1.373404e+06
1.641070e+02	1.374047e+06
1.641570e+02	1.374680e+06
1.642060e+02	1.372268e+06
1.642560e+02	1.374833e+06
1.643070e+02	1.372398e+06
1.643570e+02	1.371267e+06
1.644080e+02	1.365733e+06
1.644570e+02	1.371215e+06
1.645070e+02	1.371505e+06
1.645580e+02	1.374315e+06
1.646070e+02	1.369562e+06
1.646570e+02	1.372645e+06
1.647070e+02	1.369978e+06
1.647580e+02	1.372020e+06
1.648080e+02	1.373198e+06
1.648580e+02	1.371891e+06
1.649080e+02	1.370207e+06
1.649580e+02	1.368344e+06
1.650090e+02	1.371783e+06
1.650590e+02	1.373065e+06
1.651080e+02	1.374271e+06
1.651590e+02	1.373509e+06
1.652090e+02	1.370836e+06
1.652590e+02	1.369284e+06
1.653090e+02	1.372204e+06
1.653590e+02	1.371180e+06
1.654090e+02	1.367410e+06
1.654590e+02	1.369118e+06
1.655090e+02	1.373193e+06
1.655600e+02	1.369592e+06
1.656100e+02	1.370964e+06
1.656590e+02	1.373298e+06
1.657100e+02	1.373031e+06
1.657590e+02	1.372696e+06
1.658100e+02	1.370403e+06
1.658600e+02	1.370422e+06
1.659100e+02	1.373166e+06
1.659600e+02	1.372711e+06
1.660100e+02	1.370172e+06
1.660600e+02	1.370675e+06
1.661100e+02	1.369415e+06
1.661610e+02	1.374376e+06
1.662110e+02	1.370900e+06
1.662600e+02	1.376677e+06
1.663100e+02	1.372292e+06
1.663610e+02	1.372641e+06
1.664120e+02	1.366493e+06
1.664610e+02	1.371899e+06
1.665120e+02	1.372099e+06
1.665610e+02	1.373439e+06
1.666120e+02	1.370866e+06
1.666620e+02	1.368389e+06
1.667120e+02	1.369901e+06
1.667620e+02	1.369685e+06
1.668120e+02	1.371577e+06
1.668620e+02	1.370048e+06
1.669120e+02	1.375319e+06
1.669620e+02	1.370366e+06
1.670120e+02	1.372614e+06
1.670620e+02	1.370630e+06
1.671120e+02	1.375264e+06
1.671630e+02	1.370979e+06
1.672130e+02	1.384340e+06
1.672630e+02	1.373232e+06
1.673130e+02	1.374499e+06
1.673620e+02	1.372669e+06
1.674130e+02	1.368257e+06
1.674630e+02	1.373100e+06
1.675130e+02	1.371321e+06
1.675630e+02	1.373484e+06
1.676140e+02	1.372201e+06
1.676630e+02	1.375570e+06
1.677140e+02	1.373707e+06
1.677640e+02	1.372795e+06
1.678140e+02	1.369681e+06
1.678640e+02	1.367759e+06
1.679140e+02	1.369575e+06
1.679640e+02	1.375242e+06
1.680140e+02	1.373396e+06
1.680640e+02	1.373792e+06
1.681150e+02	1.373111e+06
1.681650e+02	1.372672e+06
1.682140e+02	1.374554e+06
1.682640e+02	1.374354e+06
1.683140e+02	1.374238e+06
1.683650e+02	1.376268e+06
1.684150e+02	1.366249e+06
1.684650e+02	1.372750e+06
1.685150e+02	1.371666e+06
1.685650e+02	1.376962e+06
1.686150e+02	1.375296e+06
1.686650e+02	1.375009e+06
1.687150e+02	1.375005e+06
1.687650e+02	1.372543e+06
1.688160e+02	1.375942e+06
1.688660e+02	1.376501e+06
1.689160e+02	1.375130e+06
1.689660e+02	1.376136e+06
1.690160e+02	1.372532e+06
1.690660e+02	1.374126e+06
1.691160e+02	1.378350e+06
1.691660e+02	1.378943e+06
1.692160e+02	1.377768e+06
1.692660e+02	1.376670e+06
1.693170e+02	1.376921e+06
1.693670e+02	1.375688e+06
1.694170e+02	1.373659e+06
1.694670e+02	1.379864e+06
1.695170e+02	1.374804e+06
1.695670e+02	1.378708e+06
1.696170e+02	1.372673e+06
1.696670e+02	1.378377e+06
1.697170e+02	1.378989e+06
1.697670e+02	1.376826e+06
1.698170e+02	1.378322e+06
1.698670e+02	1.377790e+06
1.699180e+02	1.378955e+06
1.699670e+02	1.377926e+06
1.700170e+02	1.380683e+06
1.700680e+02	1.379085e+06
1.701190e+02	1.378304e+06
1.701680e+02	1.377614e+06
1.702180e+02	1.377238e+06
1.702690e+02	1.378044e+06
1.703190e+02	1.381395e+06
1.703690e+02	1.376872e+06
1.704180e+02	1.377494e+06
1.704680e+02	1.388547e+06
1.705190e+02	1.385381e+06
1.705690e+02	1.381753e+06
1.706180e+02	1.380834e+06
1.706690e+02	1.381005e+06
1.707200e+02	1.377784e+06
1.707690e+02	1.380048e+06
1.708190e+02	1.379425e+06
1.708700e+02	1.382835e+06
1.709200e+02	1.383522e+06
1.709690e+02	1.380915e+06
1.710200e+02	1.379207e+06
1.710700e+02	1.384255e+06
1.711200e+02	1.384741e+06
1.711700e+02	1.385420e+06
1.712200e+02	1.381811e+06
1.712700e+02	1.382563e+06
1.713210e+02	1.380243e+06
1.713710e+02	1.383428e+06
1.714200e+02	1.380541e+06
1.714700e+02	1.381739e+06
1.715200e+02	1.382417e+06
1.715700e+02	1.381581e+06
1.716210e+02	1.382293e+06
1.716710e+02	1.398325e+06
1.717210e+02	1.388754e+06
1.717710e+02	1.386873e+06
1.718210e+02	1.384066e+06
1.718720e+02	1.380657e+06
1.719220e+02	1.385750e+06
1.719720e+02	1.380679e+06
1.720220e+02	1.384561e+06
1.720720e+02	1.385216e+06
1.721220e+02	1.383029e+06
1.721720e+02	1.383791e+06
1.722220e+02	1.382240e+06
1.722710e+02	1.385208e+06
1.723220e+02	1.385877e+06
1.723720e+02	1.384081e+06
1.724230e+02	1.380374e+06
1.724720e+02	1.383960e+06
1.725230e+02	1.383812e+06
1.725720e+02	1.385671e+06
1.726230e+02	1.382253e+06
1.726720e+02	1.386591e+06
1.727230e+02	1.383176e+06
1.727720e+02	1.387383e+06
1.728230e+02	1.382858e+06
1.728730e+02	1.389266e+06
1.729240e+02	1.386956e+06
1.729730e+02	1.386427e+06
1.730230e+02	1.384866e+06
1.730730e+02	1.386722e+06
1.731230e+02	1.383163e+06
1.731740e+02	1.389264e+06
1.732240e+02	1.384782e+06
1.732740e+02	1.387739e+06
1.733240e+02	1.385642e+06
1.733740e+02	1.386055e+06
1.734240e+02	1.387298e+06
1.734740e+02	1.387030e+06
1.735250e+02	1.387141e+06
1.735740e+02	1.385448e+06
1.736250e+02	1.385654e+06
1.736740e+02	1.387145e+06
1.737250e+02	1.383669e+06
1.737750e+02	1.385153e+06
1.738250e+02	1.384658e+06
1.738750e+02	1.382457e+06
1.739250e+02	1.387332e+06
1.739750e+02	1.384240e+06
1.740250e+02	1.387592e+06
1.740750e+02	1.386356e+06
1.741250e+02	1.386572e+06
1.741750e+02	1.381846e+06
1.742260e+02	1.387625e+06
1.742760e+02	1.382002e+06
1.743260e+02	1.387841e+06
1.743760e+02	1.384060e+06
1.744260e+02	1.382558e+06
1.744760e+02	1.383391e+06
1.745260e+02	1.384758e+06
1.745770e+02	1.384405e+06
1.746260e+02	1.385853e+06
1.746770e+02	1.384851e+06
1.747270e+02	1.386386e+06
1.747770e+02	1.382683e+06
1.748270e+02	1.384538e+06
1.748770e+02	1.385448e+06
1.749270e+02	1.381276e+06
1.749770e+02	1.385519e+06
1.750270e+02	1.377119e+06
1.750770e+02	1.386611e+06
1.751280e+02	1.382979e+06
1.751780e+02	1.383991e+06
1.752280e+02	1.380845e+06
1.752770e+02	1.381797e+06
1.753270e+02	1.380088e+06
1.753780e+02	1.382078e+06
1.754280e+02	1.378936e+06
1.754780e+02	1.383025e+06
1.755290e+02	1.380735e+06
1.755780e+02	1.378796e+06
1.756280e+02	1.378267e+06
1.756780e+02	1.379520e+06
1.757290e+02	1.381601e+06
1.757790e+02	1.379402e+06
1.758290e+02	1.380858e+06
1.758790e+02	1.378399e+06
1.759290e+02	1.380261e+06
1.759790e+02	1.379096e+06
1.760290e+02	1.379479e+06
1.760790e+02	1.380333e+06
1.761290e+02	1.379664e+06
1.761790e+02	1.376325e+06
1.762300e+02	1.374775e+06
1.762790e+02	1.379142e+06
1.763290e+02	1.376443e+06
1.763790e+02	1.379483e+06
1.764300e+02	1.375433e+06
1.764800e+02	1.379457e+06
1.765300e+02	1.379042e+06
1.765800e+02	1.378783e+06
1.766310e+02	1.379780e+06
1.766800e+02	1.379360e+06
1.767300e+02	1.377515e+06
1.767810e+02	1.377108e+06
1.768300e+02	1.374880e+06
1.768800e+02	1.381953e+06
1.769300e+02	1.378241e+06
1.769810e+02	1.376600e+06
1.770310e+02	1.376717e+06
1.770810e+02	1.375497e+06
1.771310e+02	1.382434e+06
1.771810e+02	1.375080e+06
1.772310e+02	1.381115e+06
1.772810e+02	1.375104e+06
1.773320e+02	1.377727e+06
1.773820e+02	1.373290e+06
1.774320e+02	1.369321e+06
1.774820e+02	1.378291e+06
1.775310e+02	1.372842e+06
1.775820e+02	1.376891e+06
1.776330e+02	1.370229e+06
1.776820e+02	1.375225e+06
1.777320e+02	1.376733e+06
1.777820e+02	1.377247e+06
1.778320e+02	1.373824e+06
1.778820e+02	1.376467e+06
1.779320e+02	1.369515e+06
1.779830e+02	1.375327e+06
1.780330e+02	1.370741e+06
1.780830e+02	1.377889e+06
1.781330e+02	1.373157e+06
1.781830e+02	1.371284e+06
1.782330e+02	1.372027e+06
1.782840e+02	1.373022e+06
1.783340e+02	1.374527e+06
1.783840e+02	1.374632e+06
1.784330e+02	1.371133e+06
1.784840e+02	1.372221e+06
1.785340e+02	1.371606e+06
1.785840e+02	1.369201e+06
1.786340e+02	1.372093e+06
1.786840e+02	1.372150e+06
1.787340e+02	1.374233e+06
1.787840e+02	1.368678e+06
1.788340e+02	1.372116e+06
1.788840e+02	1.369374e+06
1.789350e+02	1.373239e+06
1.789850e+02	1.369236e+06
1.790350e+02	1.372606e+06
1.790850e+02	1.369017e+06
1.791350e+02	1.371491e+06
1.791840e+02	1.368636e+06
1.792350e+02	1.367963e+06
1.792850e+02	1.370631e+06
1.793350e+02	1.369764e+06
1.793850e+02	1.368260e+06
1.794360e+02	1.366321e+06
1.794860e+02	1.371602e+06
1.795360e+02	1.369538e+06
1.795860e+02	1.368245e+06
1.796360e+02	1.365670e+06
1.796850e+02	1.368233e+06
1.797360e+02	1.366643e+06
1.797860e+02	1.369103e+06
1.798360e+02	1.366787e+06
1.798860e+02	1.366627e+06
1.799370e+02	1.366711e+06
1.799860e+02	1.364269e+06
1.800370e+02	1.367591e+06
1.800860e+02	1.366060e+06
1.801370e+02	1.366782e+06
1.801870e+02	1.364606e+06
1.802380e+02	1.363556e+06
