0.000000e+00	5.338528e+06
4.900000e-02	5.347370e+06
1.000000e-01	5.347874e+06
1.500000e-01	5.356990e+06
2.000000e-01	5.347162e+06
2.500000e-01	5.328609e+06
3.000000e-01	5.346263e+06
3.510000e-01	5.340227e+06
4.010000e-01	5.352003e+06
4.500000e-01	5.348202e+06
5.010000e-01	5.352922e+06
5.510000e-01	5.351717e+06
6.010000e-01	5.346128e+06
6.500000e-01	5.332501e+06
7.010000e-01	5.357029e+06
7.510000e-01	5.349263e+06
8.020000e-01	5.334202e+06
8.520000e-01	5.327244e+06
9.020000e-01	5.330111e+06
9.520000e-01	5.354445e+06
1.001000e+00	5.333847e+06
1.051000e+00	5.364813e+06
1.102000e+00	5.334387e+06
1.151000e+00	5.344817e+06
1.203000e+00	5.331004e+06
1.252000e+00	5.346370e+06
1.302000e+00	5.356449e+06
1.352000e+00	5.346872e+06
1.403000e+00	5.332900e+06
1.453000e+00	5.329130e+06
1.503000e+00	5.327866e+06
1.553000e+00	5.351587e+06
1.603000e+00	5.354005e+06
1.652000e+00	5.350041e+06
1.702000e+00	5.341392e+06
1.753000e+00	5.347206e+06
1.803000e+00	5.349039e+06
1.853000e+00	5.345490e+06
1.903000e+00	5.353909e+06
1.953000e+00	5.331861e+06
2.003000e+00	5.330278e+06
2.053000e+00	5.314206e+06
2.104000e+00	5.350333e+06
2.154000e+00	5.332852e+06
2.204000e+00	5.350787e+06
2.254000e+00	5.337948e+06
2.304000e+00	5.346221e+06
2.354000e+00	5.332006e+06
2.404000e+00	5.339529e+06
2.454000e+00	5.349007e+06
2.504000e+00	5.346304e+06
2.554000e+00	5.334678e+06
2.604000e+00	5.326234e+06
2.654000e+00	5.325470e+06
2.704000e+00	5.347321e+06
2.755000e+00	5.341892e+06
2.805000e+00	5.326330e+06
2.855000e+00	5.343485e+06
2.905000e+00	5.342360e+06
2.956000e+00	5.344921e+06
3.006000e+00	5.339000e+06
3.055000e+00	5.350412e+06
3.105000e+00	5.354169e+06
3.155000e+00	5.345536e+06
3.206000e+00	5.314625e+06
3.256000e+00	5.329856e+06
3.306000e+00	5.342770e+06
3.356000e+00	5.355486e+06
3.406000e+00	5.338747e+06
3.457000e+00	5.345135e+06
3.506000e+00	5.347424e+06
3.556000e+00	5.348661e+06
3.606000e+00	5.352839e+06
3.656000e+00	5.349037e+06
3.707000e+00	5.352957e+06
3.757000e+00	5.346875e+06
3.807000e+00	5.336788e+06
3.857000e+00	5.349267e+06
3.907000e+00	5.360265e+06
3.957000e+00	5.345824e+06
4.007000e+00	5.342304e+06
4.057000e+00	5.338258e+06
4.108000e+00	5.352442e+06
4.158000e+00	5.360079e+06
4.208000e+00	5.347782e+06
4.258000e+00	5.350375e+06
4.308000e+00	5.353136e+06
4.357000e+00	5.355145e+06
4.408000e+00	5.343745e+06
4.458000e+00	5.347068e+06
4.509000e+00	5.348235e+06
4.558000e+00	5.360016e+06
4.609000e+00	5.340246e+06
4.659000e+00	5.351727e+06
4.709000e+00	5.350863e+06
4.766000e+00	5.361866e+06
4.808000e+00	5.354172e+06
4.858000e+00	5.335610e+06
4.909000e+00	5.355536e+06
4.959000e+00	5.356170e+06
5.009000e+00	5.348687e+06
5.059000e+00	5.353422e+06
5.110000e+00	5.347387e+06
5.159000e+00	5.357607e+06
5.209000e+00	5.351867e+06
5.259000e+00	5.344068e+06
5.310000e+00	5.361445e+06
5.360000e+00	5.360116e+06
5.409000e+00	5.349311e+06
5.460000e+00	5.349618e+06
5.510000e+00	5.352019e+06
5.560000e+00	5.348551e+06
5.611000e+00	5.359530e+06
5.660000e+00	5.342031e+06
5.711000e+00	5.358368e+06
5.761000e+00	5.341289e+06
5.811000e+00	5.358056e+06
5.860000e+00	5.358653e+06
5.911000e+00	5.364613e+06
5.961000e+00	5.345507e+06
6.011000e+00	5.372641e+06
6.061000e+00	5.368902e+06
6.111000e+00	5.360360e+06
6.161000e+00	5.364507e+06
6.212000e+00	5.349025e+06
6.262000e+00	5.356594e+06
6.312000e+00	5.352676e+06
6.361000e+00	5.356082e+06
6.411000e+00	5.345918e+06
6.462000e+00	5.371506e+06
6.512000e+00	5.345926e+06
6.562000e+00	5.366104e+06
6.612000e+00	5.324550e+06
6.662000e+00	5.363945e+06
6.712000e+00	5.361741e+06
6.762000e+00	5.351084e+06
6.812000e+00	5.351446e+06
6.863000e+00	5.332099e+06
6.913000e+00	5.355923e+06
6.963000e+00	5.364069e+06
7.013000e+00	5.356430e+06
7.063000e+00	5.372879e+06
7.113000e+00	5.354473e+06
7.163000e+00	5.354229e+06
7.214000e+00	5.344893e+06
7.263000e+00	5.352548e+06
7.314000e+00	5.373211e+06
7.364000e+00	5.348965e+06
7.414000e+00	5.346747e+06
7.464000e+00	5.348023e+06
7.515000e+00	5.362271e+06
7.564000e+00	5.361504e+06
7.614000e+00	5.354283e+06
7.663000e+00	5.370692e+06
7.714000e+00	5.351715e+06
7.764000e+00	5.355952e+06
7.815000e+00	5.336749e+06
7.864000e+00	5.365230e+06
7.915000e+00	5.375822e+06
7.965000e+00	5.343383e+06
8.015000e+00	5.327286e+06
8.065000e+00	5.344843e+06
8.115000e+00	5.369113e+06
8.165000e+00	5.363878e+06
8.215000e+00	5.348976e+06
8.265000e+00	5.364931e+06
8.315000e+00	5.352764e+06
8.365000e+00	5.359423e+06
8.416000e+00	5.361046e+06
8.466000e+00	5.354584e+06
8.516000e+00	5.376193e+06
8.566000e+00	5.352180e+06
8.616000e+00	5.341219e+06
8.666000e+00	5.352082e+06
8.716000e+00	5.361925e+06
8.766000e+00	5.367033e+06
8.816000e+00	5.346197e+06
8.866000e+00	5.363506e+06
8.917000e+00	5.345023e+06
8.967000e+00	5.371121e+06
9.016000e+00	5.363615e+06
9.067000e+00	5.343991e+06
9.117000e+00	5.377964e+06
9.167000e+00	5.336254e+06
9.217000e+00	5.339760e+06
9.267000e+00	5.347598e+06
9.318000e+00	5.351893e+06
9.367000e+00	5.372346e+06
9.417000e+00	5.341304e+06
9.468000e+00	5.350664e+06
9.518000e+00	5.362553e+06
9.567000e+00	5.362108e+06
9.617000e+00	5.360033e+06
9.667000e+00	5.347742e+06
9.718000e+00	5.363929e+06
9.768000e+00	5.349454e+06
9.818000e+00	5.341934e+06
9.868000e+00	5.345635e+06
9.918000e+00	5.360809e+06
9.968000e+00	5.363040e+06
1.001900e+01	5.338858e+06
1.006900e+01	5.399131e+06
1.011900e+01	5.365301e+06
1.016900e+01	5.340896e+06
1.021900e+01	5.303072e+06
1.026900e+01	5.285085e+06
1.031900e+01	5.284326e+06
1.036900e+01	5.289000e+06
1.041900e+01	5.303165e+06
1.046900e+01	5.300526e+06
1.051900e+01	5.313288e+06
1.057000e+01	5.298743e+06
1.062000e+01	5.313422e+06
1.066900e+01	5.323471e+06
1.072000e+01	5.314922e+06
1.077000e+01	5.328037e+06
1.082100e+01	5.322766e+06
1.087000e+01	5.311665e+06
1.092000e+01	5.321814e+06
1.097000e+01	5.307420e+06
1.102100e+01	5.313326e+06
1.107000e+01	5.380815e+06
1.112100e+01	5.331360e+06
1.117100e+01	5.290132e+06
1.122100e+01	5.267348e+06
1.127100e+01	5.270255e+06
1.132000e+01	5.281037e+06
1.137000e+01	5.276133e+06
1.142100e+01	5.285773e+06
1.147100e+01	5.280911e+06
1.152100e+01	5.295289e+06
1.157200e+01	5.293248e+06
1.162200e+01	5.277771e+06
1.167200e+01	5.301167e+06
1.172100e+01	5.285283e+06
1.177200e+01	5.289416e+06
1.182200e+01	5.302477e+06
1.187200e+01	5.296433e+06
1.192200e+01	5.305149e+06
1.197200e+01	5.299404e+06
1.202300e+01	5.287165e+06
1.207300e+01	5.366639e+06
1.212300e+01	5.324739e+06
1.217300e+01	5.288413e+06
1.222300e+01	5.261798e+06
1.227300e+01	5.257874e+06
1.232300e+01	5.255551e+06
1.237300e+01	5.262744e+06
1.242300e+01	5.270195e+06
1.247300e+01	5.277157e+06
1.252300e+01	5.278144e+06
1.257400e+01	5.275197e+06
1.262400e+01	5.266699e+06
1.267300e+01	5.328663e+06
1.272300e+01	5.309037e+06
1.277400e+01	5.271849e+06
1.282400e+01	5.272604e+06
1.287400e+01	5.276601e+06
1.292400e+01	5.281161e+06
1.297400e+01	5.280657e+06
1.302500e+01	5.277268e+06
1.307400e+01	5.344282e+06
1.312500e+01	5.306419e+06
1.317400e+01	5.264253e+06
1.322400e+01	5.233409e+06
1.327400e+01	5.257960e+06
1.332400e+01	5.249711e+06
1.337400e+01	5.262428e+06
1.342500e+01	5.233841e+06
1.347500e+01	5.243932e+06
1.352400e+01	5.271268e+06
1.357500e+01	5.269522e+06
1.362600e+01	5.269420e+06
1.367500e+01	5.262222e+06
1.372500e+01	5.255577e+06
1.377500e+01	5.272767e+06
1.382500e+01	5.266658e+06
1.387600e+01	5.273567e+06
1.392600e+01	5.280169e+06
1.397600e+01	5.244779e+06
1.402600e+01	5.260152e+06
1.407600e+01	5.309842e+06
1.412600e+01	5.300811e+06
1.417700e+01	5.255138e+06
1.422700e+01	5.229065e+06
1.427600e+01	5.225407e+06
1.432700e+01	5.212501e+06
1.437700e+01	5.233567e+06
1.442700e+01	5.239614e+06
1.447700e+01	5.242815e+06
1.452700e+01	5.247336e+06
1.457700e+01	5.224760e+06
1.462700e+01	5.233450e+06
1.467800e+01	5.252558e+06
1.472700e+01	5.254578e+06
1.477800e+01	5.316875e+06
1.482700e+01	5.249070e+06
1.487700e+01	5.261082e+06
1.492700e+01	5.237306e+06
1.497800e+01	5.253668e+06
1.502800e+01	5.243356e+06
1.507800e+01	5.301629e+06
1.512800e+01	5.255501e+06
1.517800e+01	5.203251e+06
1.522800e+01	5.192325e+06
1.527800e+01	5.206753e+06
1.532900e+01	5.207581e+06
1.537900e+01	5.213988e+06
1.542900e+01	5.248851e+06
1.547900e+01	5.218288e+06
1.552900e+01	5.225893e+06
1.557900e+01	5.232206e+06
1.562900e+01	5.234137e+06
1.567900e+01	5.218121e+06
1.572900e+01	5.216931e+06
1.577900e+01	5.209061e+06
1.583000e+01	5.221517e+06
1.587900e+01	5.228479e+06
1.593000e+01	5.227885e+06
1.597900e+01	5.224960e+06
1.603000e+01	5.230125e+06
1.608000e+01	5.289637e+06
1.613000e+01	5.243148e+06
1.618000e+01	5.198697e+06
1.623000e+01	5.194342e+06
1.628000e+01	5.182065e+06
1.633000e+01	5.194076e+06
1.638100e+01	5.178626e+06
1.643100e+01	5.184198e+06
1.648100e+01	5.204910e+06
1.653100e+01	5.207388e+06
1.658000e+01	5.208017e+06
1.663000e+01	5.194896e+06
1.668100e+01	5.220317e+06
1.673100e+01	5.215278e+06
1.678100e+01	5.209100e+06
1.683100e+01	5.205416e+06
1.688100e+01	5.211597e+06
1.693200e+01	5.205404e+06
1.698200e+01	5.202217e+06
1.703200e+01	5.198579e+06
1.708200e+01	5.275356e+06
1.713200e+01	5.202202e+06
1.718200e+01	5.187463e+06
1.723200e+01	5.166728e+06
1.728200e+01	5.171657e+06
1.733200e+01	5.182946e+06
1.738200e+01	5.166502e+06
1.743200e+01	5.179686e+06
1.748200e+01	5.176207e+06
1.753300e+01	5.183015e+06
1.758300e+01	5.174680e+06
1.763200e+01	5.164427e+06
1.768300e+01	5.181369e+06
1.773300e+01	5.192525e+06
1.778300e+01	5.180539e+06
1.783400e+01	5.191704e+06
1.788300e+01	5.193564e+06
1.793300e+01	5.201127e+06
1.798400e+01	5.190609e+06
1.803300e+01	5.184336e+06
1.808300e+01	5.251445e+06
1.813300e+01	5.203599e+06
1.818400e+01	5.168910e+06
1.823400e+01	5.140128e+06
1.828400e+01	5.137582e+06
1.833400e+01	5.148888e+06
1.838400e+01	5.162936e+06
1.843400e+01	5.154712e+06
1.848400e+01	5.168482e+06
1.853500e+01	5.165777e+06
1.858400e+01	5.167020e+06
1.863500e+01	5.160900e+06
1.868400e+01	5.174589e+06
1.873600e+01	5.184772e+06
1.878400e+01	5.176908e+06
1.883500e+01	5.150627e+06
1.888500e+01	5.174492e+06
1.893600e+01	5.164352e+06
1.898500e+01	5.192284e+06
1.903500e+01	5.178935e+06
1.908500e+01	5.230915e+06
1.913500e+01	5.176198e+06
1.918600e+01	5.147103e+06
1.923600e+01	5.152586e+06
1.928600e+01	5.132635e+06
1.933600e+01	5.152644e+06
1.938600e+01	5.137335e+06
1.943600e+01	5.141329e+06
1.948600e+01	5.147334e+06
1.953600e+01	5.164654e+06
1.958600e+01	5.165045e+06
1.963600e+01	5.154996e+06
1.968700e+01	5.147983e+06
1.973700e+01	5.164720e+06
1.978600e+01	5.163409e+06
1.983700e+01	5.162037e+06
1.988700e+01	5.176942e+06
1.993700e+01	5.159459e+06
1.998900e+01	5.154494e+06
2.003800e+01	5.152433e+06
2.008700e+01	5.222182e+06
2.013700e+01	5.166152e+06
2.018700e+01	5.157135e+06
2.023700e+01	5.122623e+06
2.028700e+01	5.126614e+06
2.033800e+01	5.119270e+06
2.038800e+01	5.146184e+06
2.043800e+01	5.144567e+06
2.048800e+01	5.144832e+06
2.053800e+01	5.142615e+06
2.058800e+01	5.138530e+06
2.063800e+01	5.150553e+06
2.068800e+01	5.157099e+06
2.073900e+01	5.160094e+06
2.078900e+01	5.154654e+06
2.083900e+01	5.150420e+06
2.088900e+01	5.148879e+06
2.093900e+01	5.153714e+06
2.098900e+01	5.154042e+06
2.103900e+01	5.166131e+06
2.108900e+01	5.207324e+06
2.113900e+01	5.151440e+06
2.118900e+01	5.112895e+06
2.123900e+01	5.120864e+06
2.128900e+01	5.119857e+06
2.134000e+01	5.124153e+06
2.139000e+01	5.118579e+06
2.144000e+01	5.122248e+06
2.148900e+01	5.126762e+06
2.154000e+01	5.131768e+06
2.158900e+01	5.143817e+06
2.164000e+01	5.123494e+06
2.169100e+01	5.136641e+06
2.174100e+01	5.144643e+06
2.179100e+01	5.128343e+06
2.184100e+01	5.138365e+06
2.189100e+01	5.150549e+06
2.194100e+01	5.151314e+06
2.199100e+01	5.136794e+06
2.204100e+01	5.138863e+06
2.209100e+01	5.206322e+06
2.214100e+01	5.140327e+06
2.219100e+01	5.123279e+06
2.224200e+01	5.103059e+06
2.229200e+01	5.099046e+06
2.234200e+01	5.106174e+06
2.239200e+01	5.103988e+06
2.244200e+01	5.106814e+06
2.249100e+01	5.125428e+06
2.254100e+01	5.123655e+06
2.259200e+01	5.124957e+06
2.264200e+01	5.121090e+06
2.269200e+01	5.129743e+06
2.274200e+01	5.138352e+06
2.279200e+01	5.124497e+06
2.284200e+01	5.126887e+06
2.289200e+01	5.125942e+06
2.294300e+01	5.140446e+06
2.299300e+01	5.118633e+06
2.304300e+01	5.146943e+06
2.309300e+01	5.172680e+06
2.314300e+01	5.115248e+06
2.319300e+01	5.103882e+06
2.324400e+01	5.096741e+06
2.329300e+01	5.099488e+06
2.334400e+01	5.108281e+06
2.339400e+01	5.105013e+06
2.344400e+01	5.100074e+06
2.349400e+01	5.105022e+06
2.354400e+01	5.103773e+06
2.359400e+01	5.107342e+06
2.364400e+01	5.102482e+06
2.369400e+01	5.109364e+06
2.374400e+01	5.109917e+06
2.379400e+01	5.122055e+06
2.384500e+01	5.118412e+06
2.389400e+01	5.121898e+06
2.394500e+01	5.127350e+06
2.399400e+01	5.129713e+06
2.404400e+01	5.134811e+06
2.409400e+01	5.161402e+06
2.414400e+01	5.118310e+06
2.419500e+01	5.086288e+06
2.424500e+01	5.085035e+06
2.429600e+01	5.061404e+06
2.434600e+01	5.083922e+06
2.439600e+01	5.095205e+06
2.444500e+01	5.098451e+06
2.449500e+01	5.087424e+06
2.454600e+01	5.099804e+06
2.459600e+01	5.102477e+06
2.464600e+01	5.115397e+06
2.469600e+01	5.105266e+06
2.474600e+01	5.104817e+06
2.479600e+01	5.095517e+06
2.484700e+01	5.092490e+06
2.489600e+01	5.106437e+06
2.494700e+01	5.109310e+06
2.499600e+01	5.116100e+06
2.504600e+01	5.144276e+06
2.509700e+01	5.148101e+06
2.514700e+01	5.113451e+06
2.519700e+01	5.082027e+06
2.524700e+01	5.081746e+06
2.529800e+01	5.081314e+06
2.534800e+01	5.081474e+06
2.539800e+01	5.077192e+06
2.544700e+01	5.074081e+06
2.549800e+01	5.095091e+06
2.554800e+01	5.093897e+06
2.559800e+01	5.103300e+06
2.564800e+01	5.095255e+06
2.569800e+01	5.099569e+06
2.574800e+01	5.099185e+06
2.579800e+01	5.097778e+06
2.584700e+01	5.109630e+06
2.589800e+01	5.112144e+06
2.594800e+01	5.097719e+06
2.599800e+01	5.091670e+06
2.604800e+01	5.121884e+06
2.609800e+01	5.139630e+06
2.614900e+01	5.095028e+06
2.620000e+01	5.071285e+06
2.624800e+01	5.068346e+06
2.629900e+01	5.054975e+06
2.634900e+01	5.065732e+06
2.639900e+01	5.072421e+06
2.645000e+01	5.080311e+06
2.650000e+01	5.094709e+06
2.655000e+01	5.075770e+06
2.660000e+01	5.070109e+06
2.665000e+01	5.089956e+06
2.670000e+01	5.097777e+06
2.675000e+01	5.102670e+06
2.680000e+01	5.084637e+06
2.685000e+01	5.081817e+06
2.689900e+01	5.082891e+06
2.695000e+01	5.101580e+06
2.700000e+01	5.095085e+06
2.705000e+01	5.112890e+06
2.710000e+01	5.142711e+06
2.715100e+01	5.073454e+06
2.720000e+01	5.054900e+06
2.725000e+01	5.059182e+06
2.730100e+01	5.056883e+06
2.735100e+01	5.064019e+06
2.740100e+01	5.077712e+06
2.745100e+01	5.049676e+06
2.750100e+01	5.075223e+06
2.755200e+01	5.075265e+06
2.760200e+01	5.083061e+06
2.765200e+01	5.075949e+06
2.770200e+01	5.069837e+06
2.775100e+01	5.069302e+06
2.780100e+01	5.077271e+06
2.785200e+01	5.081321e+06
2.790100e+01	5.086574e+06
2.795200e+01	5.078579e+06
2.800200e+01	5.085783e+06
2.805200e+01	5.092828e+06
2.810200e+01	5.139605e+06
2.815200e+01	5.085600e+06
2.820200e+01	5.058092e+06
2.825300e+01	5.048522e+06
2.830200e+01	5.036676e+06
2.835200e+01	5.039388e+06
2.840300e+01	5.050989e+06
2.845300e+01	5.054510e+06
2.850300e+01	5.065511e+06
2.855300e+01	5.056370e+06
2.860300e+01	5.072826e+06
2.865400e+01	5.059062e+06
2.870300e+01	5.083517e+06
2.875400e+01	5.073001e+06
2.880400e+01	5.065855e+06
2.885400e+01	5.064059e+06
2.890400e+01	5.046902e+06
2.895400e+01	5.067491e+06
2.900400e+01	5.060247e+06
2.905500e+01	5.085467e+06
2.910500e+01	5.109898e+06
2.915500e+01	5.051676e+06
2.920400e+01	5.048644e+06
2.925400e+01	5.034722e+06
2.930400e+01	5.039383e+06
2.935500e+01	5.030942e+06
2.940400e+01	5.047224e+06
2.945500e+01	5.042067e+06
2.950500e+01	5.037717e+06
2.955500e+01	5.047485e+06
2.960500e+01	5.036252e+06
2.965500e+01	5.058376e+06
2.970500e+01	5.042539e+06
2.975600e+01	5.049153e+06
2.980500e+01	5.063851e+06
2.985600e+01	5.051505e+06
2.990500e+01	5.062789e+06
2.995500e+01	5.052542e+06
3.000500e+01	5.050372e+06
3.005600e+01	5.071529e+06
3.010600e+01	5.091561e+06
3.015600e+01	5.049891e+06
3.020600e+01	5.016456e+06
3.025700e+01	5.015655e+06
3.030600e+01	5.012108e+06
3.035600e+01	5.009525e+06
3.040600e+01	5.040465e+06
3.045700e+01	5.029191e+06
3.050700e+01	5.032911e+06
3.055700e+01	5.031200e+06
3.060600e+01	5.029161e+06
3.065700e+01	5.042966e+06
3.070700e+01	5.042950e+06
3.075800e+01	5.032636e+06
3.080700e+01	5.026325e+06
3.085800e+01	5.026797e+06
3.090700e+01	5.047065e+06
3.095800e+01	5.037189e+06
3.100800e+01	5.059377e+06
3.105800e+01	5.068667e+06
3.110800e+01	5.072490e+06
3.115800e+01	5.038256e+06
3.120800e+01	5.000733e+06
3.125900e+01	5.028123e+06
3.130800e+01	5.011234e+06
3.135800e+01	5.013230e+06
3.140800e+01	5.006740e+06
3.145800e+01	5.008262e+06
3.150800e+01	5.016993e+06
3.155900e+01	5.025471e+06
3.160900e+01	5.025936e+06
3.166000e+01	5.018176e+06
3.170900e+01	5.017652e+06
3.175900e+01	5.028260e+06
3.180900e+01	5.022309e+06
3.185900e+01	5.033016e+06
3.190900e+01	5.024490e+06
3.195900e+01	5.014380e+06
3.200900e+01	5.015918e+06
3.206000e+01	5.054648e+06
3.211000e+01	5.062168e+06
3.216000e+01	5.014069e+06
3.221000e+01	4.999034e+06
3.226000e+01	4.982139e+06
3.231000e+01	4.979475e+06
3.236000e+01	5.002553e+06
3.241000e+01	4.999638e+06
3.246000e+01	4.997574e+06
3.251000e+01	5.007358e+06
3.256100e+01	4.993730e+06
3.261100e+01	5.007165e+06
3.266100e+01	4.988931e+06
3.271100e+01	5.013723e+06
3.276200e+01	5.022168e+06
3.281100e+01	5.007978e+06
3.286100e+01	4.998327e+06
3.291100e+01	4.989727e+06
3.296100e+01	5.008671e+06
3.301100e+01	5.014624e+06
3.306200e+01	5.060234e+06
3.311200e+01	5.022148e+06
3.316100e+01	4.979934e+06
3.321200e+01	4.963971e+06
3.326200e+01	4.974965e+06
3.331200e+01	4.967759e+06
3.336200e+01	4.984358e+06
3.341200e+01	4.975655e+06
3.346200e+01	4.981892e+06
3.351200e+01	4.970665e+06
3.356300e+01	4.995086e+06
3.361200e+01	4.992491e+06
3.366400e+01	4.984904e+06
3.371300e+01	4.985446e+06
3.376300e+01	4.980111e+06
3.381300e+01	5.003724e+06
3.386300e+01	5.044005e+06
3.391300e+01	5.007517e+06
3.396400e+01	4.995192e+06
3.401300e+01	4.993046e+06
3.406300e+01	5.033111e+06
3.411300e+01	5.010702e+06
3.416400e+01	4.983568e+06
3.421400e+01	4.977989e+06
3.426400e+01	4.949725e+06
3.431400e+01	4.957496e+06
3.436400e+01	4.952370e+06
3.441400e+01	4.969989e+06
3.446400e+01	4.979761e+06
3.451500e+01	4.970596e+06
3.456500e+01	4.972955e+06
3.461500e+01	4.966778e+06
3.466500e+01	4.988342e+06
3.471500e+01	4.967987e+06
3.476500e+01	4.987484e+06
3.481500e+01	4.971701e+06
3.486500e+01	4.978958e+06
3.491500e+01	4.975708e+06
3.496500e+01	4.967775e+06
3.501600e+01	4.979332e+06
3.506500e+01	5.034408e+06
3.511500e+01	4.992360e+06
3.516600e+01	4.973091e+06
3.521600e+01	4.949147e+06
3.526600e+01	4.955283e+06
3.531600e+01	4.949020e+06
3.536600e+01	4.950902e+06
3.541600e+01	4.957030e+06
3.546600e+01	4.953856e+06
3.551600e+01	4.960964e+06
3.556600e+01	4.947335e+06
3.561700e+01	4.962652e+06
3.566600e+01	4.958776e+06
3.571600e+01	4.965104e+06
3.576600e+01	4.965199e+06
3.581600e+01	4.977458e+06
3.586700e+01	4.968710e+06
3.591700e+01	4.972771e+06
3.596700e+01	4.962105e+06
3.601700e+01	4.964967e+06
3.606700e+01	5.052264e+06
3.611700e+01	5.010516e+06
3.616800e+01	4.942547e+06
3.621700e+01	4.943459e+06
3.626800e+01	4.921887e+06
3.631800e+01	4.933040e+06
3.636800e+01	4.941406e+06
3.641700e+01	4.948335e+06
3.646800e+01	4.963939e+06
3.651800e+01	4.955654e+06
3.656800e+01	4.950347e+06
3.661800e+01	4.956883e+06
3.666800e+01	4.960753e+06
3.671800e+01	4.958917e+06
3.676800e+01	4.949828e+06
3.681800e+01	4.947561e+06
3.686900e+01	4.946398e+06
3.691900e+01	4.949870e+06
3.696900e+01	4.968942e+06
3.701900e+01	4.954126e+06
3.707000e+01	5.005232e+06
3.711900e+01	4.981129e+06
3.716900e+01	4.943363e+06
3.721900e+01	4.934525e+06
3.726900e+01	4.932326e+06
3.731900e+01	4.936049e+06
3.736900e+01	4.941153e+06
3.742000e+01	4.925174e+06
3.747000e+01	4.932308e+06
3.752000e+01	4.987945e+06
3.757000e+01	4.948107e+06
3.762000e+01	4.969189e+06
3.767000e+01	4.942150e+06
3.772000e+01	4.935486e+06
3.777100e+01	4.955292e+06
3.782100e+01	4.957676e+06
3.787000e+01	4.960593e+06
3.792000e+01	4.945587e+06
3.797000e+01	4.944101e+06
3.802100e+01	4.927302e+06
3.807100e+01	4.992381e+06
3.812100e+01	4.972560e+06
3.817100e+01	4.943166e+06
3.822100e+01	4.932005e+06
3.827100e+01	4.917888e+06
3.832200e+01	4.907576e+06
3.837200e+01	4.934297e+06
3.842200e+01	4.923442e+06
3.847100e+01	4.940003e+06
3.852200e+01	4.931715e+06
3.857300e+01	4.928509e+06
3.862200e+01	4.934062e+06
3.867200e+01	4.923155e+06
3.872200e+01	4.946652e+06
3.877200e+01	4.944981e+06
3.882300e+01	4.942616e+06
3.887300e+01	4.923733e+06
3.892200e+01	4.927158e+06
3.897200e+01	4.953939e+06
3.902300e+01	4.953172e+06
3.907300e+01	5.000599e+06
3.912300e+01	4.963398e+06
3.917300e+01	4.909577e+06
3.922300e+01	4.915605e+06
3.927300e+01	4.908465e+06
3.932300e+01	4.916040e+06
3.937400e+01	4.918350e+06
3.942300e+01	4.922571e+06
3.947300e+01	4.921286e+06
3.952400e+01	4.925494e+06
3.957400e+01	4.937459e+06
3.962400e+01	4.948736e+06
3.967400e+01	4.939574e+06
3.972400e+01	4.933731e+06
3.977500e+01	4.922855e+06
3.982400e+01	4.939728e+06
3.987500e+01	4.940510e+06
3.992500e+01	4.939258e+06
3.997500e+01	4.940833e+06
4.002400e+01	4.929382e+06
4.007500e+01	4.999645e+06
4.012500e+01	4.960059e+06
4.017500e+01	4.932817e+06
4.022500e+01	4.918964e+06
4.027500e+01	4.915445e+06
4.032500e+01	4.905546e+06
4.037600e+01	4.902272e+06
4.042500e+01	4.909000e+06
4.047600e+01	4.934287e+06
4.052600e+01	4.926221e+06
4.057500e+01	4.924349e+06
4.062500e+01	4.912252e+06
4.067600e+01	4.927269e+06
4.072600e+01	4.936979e+06
4.077600e+01	4.935253e+06
4.082600e+01	4.946033e+06
4.087600e+01	4.915001e+06
4.092600e+01	4.935767e+06
4.097600e+01	4.926004e+06
4.102600e+01	4.943633e+06
4.107600e+01	4.990610e+06
4.112600e+01	4.948356e+06
4.117700e+01	4.924412e+06
4.122700e+01	4.913390e+06
4.127700e+01	4.916485e+06
4.132700e+01	4.909321e+06
4.137800e+01	4.916764e+06
4.142700e+01	4.921107e+06
4.147800e+01	4.909159e+06
4.152700e+01	4.925814e+06
4.157800e+01	4.916341e+06
4.162800e+01	4.921363e+06
4.167700e+01	4.932543e+06
4.172700e+01	4.917720e+06
4.177800e+01	4.940245e+06
4.182800e+01	4.927011e+06
4.187800e+01	4.946375e+06
4.192800e+01	4.937297e+06
4.197800e+01	4.938369e+06
4.202800e+01	4.933249e+06
4.207900e+01	4.978946e+06
4.212800e+01	4.952152e+06
4.217900e+01	4.917429e+06
4.222900e+01	4.909974e+06
4.227900e+01	4.914390e+06
4.232900e+01	4.905695e+06
4.237900e+01	4.938578e+06
4.242900e+01	4.925651e+06
4.247900e+01	4.922927e+06
4.252900e+01	4.930635e+06
4.258000e+01	4.932385e+06
4.262900e+01	4.940123e+06
4.267900e+01	4.918333e+06
4.273000e+01	4.934774e+06
4.278000e+01	4.923517e+06
4.282900e+01	4.931678e+06
4.288000e+01	4.926662e+06
4.293000e+01	4.934103e+06
4.298000e+01	4.939115e+06
4.303000e+01	4.945222e+06
4.308100e+01	4.996434e+06
4.313100e+01	4.949525e+06
4.318100e+01	4.917025e+06
4.323100e+01	4.925324e+06
4.328100e+01	4.911063e+06
4.333100e+01	4.916065e+06
4.338100e+01	4.903887e+06
4.343100e+01	4.917137e+06
4.348100e+01	4.918016e+06
4.353100e+01	4.918595e+06
4.358200e+01	4.933033e+06
4.363200e+01	4.933135e+06
4.368100e+01	4.937233e+06
4.373100e+01	4.929331e+06
4.378100e+01	4.933318e+06
4.383200e+01	4.944830e+06
4.388200e+01	4.947121e+06
4.393200e+01	4.924393e+06
4.398200e+01	4.933196e+06
4.403200e+01	4.924611e+06
4.408200e+01	4.988509e+06
4.413200e+01	4.944416e+06
4.418200e+01	4.932790e+06
4.423200e+01	4.929450e+06
4.428200e+01	4.910896e+06
4.433300e+01	4.913757e+06
4.438300e+01	4.923982e+06
4.443300e+01	4.945597e+06
4.448300e+01	4.939725e+06
4.453300e+01	4.923192e+06
4.458300e+01	4.914492e+06
4.463300e+01	4.937586e+06
4.468300e+01	4.934787e+06
4.473400e+01	4.944958e+06
4.478300e+01	4.940400e+06
4.483400e+01	4.944794e+06
4.488300e+01	4.934222e+06
4.493300e+01	4.943261e+06
4.498400e+01	4.946111e+06
4.503400e+01	4.952672e+06
4.508400e+01	5.009982e+06
4.513400e+01	4.939690e+06
4.518400e+01	4.910864e+06
4.523400e+01	4.908336e+06
4.528400e+01	4.920927e+06
4.533500e+01	4.920896e+06
4.538500e+01	4.920248e+06
4.543500e+01	4.928444e+06
4.548400e+01	4.926026e+06
4.553400e+01	4.934795e+06
4.558600e+01	4.944858e+06
4.563500e+01	4.939285e+06
4.568500e+01	4.939901e+06
4.573500e+01	4.941412e+06
4.578600e+01	4.933180e+06
4.583500e+01	4.944003e+06
4.588500e+01	4.935927e+06
4.593500e+01	4.946658e+06
4.598600e+01	4.937346e+06
4.603600e+01	4.942162e+06
4.608600e+01	4.988469e+06
4.613600e+01	4.956993e+06
4.618600e+01	4.936273e+06
4.623600e+01	4.918342e+06
4.628700e+01	4.914131e+06
4.633600e+01	4.908986e+06
4.638700e+01	4.922507e+06
4.643700e+01	4.928136e+06
4.648700e+01	4.943003e+06
4.653700e+01	4.927080e+06
4.658700e+01	4.938200e+06
4.663700e+01	4.924575e+06
4.668700e+01	4.937473e+06
4.673800e+01	4.948865e+06
4.678700e+01	4.942444e+06
4.683700e+01	4.944103e+06
4.688700e+01	4.937873e+06
4.693700e+01	4.941133e+06
4.698800e+01	4.944132e+06
4.703700e+01	4.945800e+06
4.708800e+01	5.011405e+06
4.713800e+01	4.946770e+06
4.718800e+01	4.926273e+06
4.723800e+01	4.919050e+06
4.728800e+01	4.925032e+06
4.733800e+01	4.928276e+06
4.738900e+01	4.926803e+06
4.743900e+01	4.922123e+06
4.748900e+01	4.927655e+06
4.753800e+01	4.928765e+06
4.758800e+01	4.940847e+06
4.763900e+01	4.938980e+06
4.768900e+01	4.929580e+06
4.773900e+01	4.935157e+06
4.778900e+01	4.948070e+06
4.784000e+01	4.944303e+06
4.788900e+01	4.940879e+06
4.793900e+01	4.933292e+06
4.799000e+01	4.941612e+06
4.804000e+01	4.953731e+06
4.809000e+01	4.992435e+06
4.814000e+01	4.950708e+06
4.819000e+01	4.927235e+06
4.824000e+01	4.922416e+06
4.829000e+01	4.912947e+06
4.834000e+01	4.917199e+06
4.839000e+01	4.931970e+06
4.844000e+01	4.932178e+06
4.849100e+01	4.934594e+06
4.854000e+01	4.927961e+06
4.859100e+01	4.932229e+06
4.864100e+01	4.943399e+06
4.869100e+01	4.936142e+06
4.874100e+01	4.929749e+06
4.879100e+01	4.933916e+06
4.884100e+01	4.935971e+06
4.889100e+01	4.943893e+06
4.894100e+01	4.934571e+06
4.899200e+01	4.949736e+06
4.904200e+01	4.967557e+06
4.909200e+01	4.989494e+06
4.914200e+01	4.938406e+06
4.919100e+01	4.918911e+06
4.924200e+01	4.919919e+06
4.929200e+01	4.915101e+06
4.934200e+01	4.915743e+06
4.939200e+01	4.910824e+06
4.944200e+01	4.926344e+06
4.949200e+01	4.924857e+06
4.954300e+01	4.929989e+06
4.959300e+01	4.934168e+06
4.964200e+01	4.943843e+06
4.969300e+01	4.933343e+06
4.974300e+01	4.937855e+06
4.979300e+01	4.932768e+06
4.984300e+01	4.961244e+06
4.989300e+01	4.940904e+06
4.994300e+01	4.934325e+06
4.999300e+01	4.908447e+06
5.004300e+01	4.954696e+06
5.009300e+01	4.985041e+06
5.014400e+01	4.941501e+06
5.019300e+01	4.930660e+06
5.024400e+01	4.916229e+06
5.029400e+01	4.917855e+06
5.034400e+01	4.924235e+06
5.039400e+01	4.926442e+06
5.044400e+01	4.932057e+06
5.049500e+01	4.938241e+06
5.054500e+01	4.914902e+06
5.059500e+01	4.930189e+06
5.064400e+01	4.921049e+06
5.069500e+01	4.936336e+06
5.074500e+01	4.941006e+06
5.079500e+01	4.934840e+06
5.084500e+01	4.936089e+06
5.089500e+01	4.926173e+06
5.094500e+01	4.943865e+06
5.099500e+01	4.949018e+06
5.104500e+01	4.965835e+06
5.109500e+01	4.975426e+06
5.114500e+01	4.917823e+06
5.119600e+01	4.907772e+06
5.124600e+01	4.915254e+06
5.129600e+01	4.905739e+06
5.134600e+01	4.924098e+06
5.139600e+01	4.915234e+06
5.144600e+01	4.922759e+06
5.149600e+01	4.916994e+06
5.154600e+01	4.932354e+06
5.159600e+01	4.944006e+06
5.164600e+01	4.927144e+06
5.169700e+01	4.926560e+06
5.174700e+01	4.914069e+06
5.179700e+01	4.936438e+06
5.184700e+01	4.938333e+06
5.189700e+01	4.929668e+06
5.194700e+01	4.938635e+06
5.199700e+01	4.929342e+06
5.204700e+01	4.954941e+06
5.209700e+01	4.965284e+06
5.214700e+01	4.926307e+06
5.219700e+01	4.925090e+06
5.224800e+01	4.902541e+06
5.229800e+01	4.899712e+06
5.234700e+01	4.888799e+06
5.239800e+01	4.909793e+06
5.244800e+01	4.914102e+06
5.249800e+01	4.918160e+06
5.254800e+01	4.921795e+06
5.259800e+01	4.924013e+06
5.264900e+01	4.921205e+06
5.269900e+01	4.918912e+06
5.274900e+01	4.922081e+06
5.279800e+01	4.936827e+06
5.284900e+01	4.927313e+06
5.289800e+01	4.905255e+06
5.294800e+01	4.917957e+06
5.299900e+01	4.916728e+06
5.304900e+01	4.972997e+06
5.309800e+01	4.947849e+06
5.314900e+01	4.921086e+06
5.319900e+01	4.902007e+06
5.325000e+01	4.916576e+06
5.330000e+01	4.905917e+06
5.334900e+01	4.907726e+06
5.340000e+01	4.914700e+06
5.345000e+01	4.911973e+06
5.349900e+01	4.899961e+06
5.355000e+01	4.899334e+06
5.360000e+01	4.898421e+06
5.365000e+01	4.929295e+06
5.370000e+01	4.904066e+06
5.375000e+01	4.897884e+06
5.380000e+01	4.920382e+06
5.385000e+01	4.923366e+06
5.390100e+01	4.919029e+06
5.395000e+01	4.915072e+06
5.400000e+01	4.923707e+06
5.405100e+01	4.926239e+06
5.410100e+01	4.962497e+06
5.415100e+01	4.909723e+06
5.420100e+01	4.911027e+06
5.425100e+01	4.897441e+06
5.430100e+01	4.886698e+06
5.435200e+01	4.883327e+06
5.440200e+01	4.908362e+06
5.445100e+01	4.907285e+06
5.450100e+01	4.898801e+06
5.455200e+01	4.899724e+06
5.460200e+01	4.900563e+06
5.465200e+01	4.913917e+06
5.470200e+01	4.904381e+06
5.475200e+01	4.899238e+06
5.480200e+01	4.897215e+06
5.485200e+01	4.912742e+06
5.490200e+01	4.909932e+06
5.495300e+01	4.910741e+06
5.500300e+01	4.915591e+06
5.505300e+01	4.934993e+06
5.510200e+01	4.943254e+06
5.515300e+01	4.902390e+06
5.520300e+01	4.884708e+06
5.525300e+01	4.948068e+06
5.530300e+01	4.892071e+06
5.535300e+01	4.887935e+06
5.540400e+01	4.894805e+06
5.545300e+01	4.909574e+06
5.550300e+01	4.929736e+06
5.555300e+01	4.907155e+06
5.560400e+01	4.907393e+06
5.565400e+01	4.910175e+06
5.570400e+01	4.899505e+06
5.575400e+01	4.902258e+06
5.580400e+01	4.895743e+06
5.585400e+01	4.906626e+06
5.590400e+01	4.905442e+06
5.595400e+01	4.880861e+06
5.600400e+01	4.897916e+06
5.605500e+01	4.901565e+06
5.610500e+01	4.954639e+06
5.615500e+01	4.906257e+06
5.620500e+01	4.893340e+06
5.625500e+01	4.888334e+06
5.630500e+01	4.876604e+06
5.635500e+01	4.887043e+06
5.640500e+01	4.893690e+06
5.645500e+01	4.898673e+06
5.650600e+01	4.889068e+06
5.655500e+01	4.887715e+06
5.660500e+01	4.887750e+06
5.665600e+01	4.899499e+06
5.670600e+01	4.900451e+06
5.675600e+01	4.895500e+06
5.680600e+01	4.904906e+06
5.685600e+01	4.901183e+06
5.690600e+01	4.891037e+06
5.695600e+01	4.902315e+06
5.700700e+01	4.911705e+06
5.705700e+01	4.925841e+06
5.710700e+01	4.933003e+06
5.715600e+01	4.881833e+06
5.720700e+01	4.880445e+06
5.725700e+01	4.881363e+06
5.730700e+01	4.896229e+06
5.735700e+01	4.864541e+06
5.740700e+01	4.891370e+06
5.745700e+01	4.878748e+06
5.750700e+01	4.878362e+06
5.755700e+01	4.901039e+06
5.760800e+01	4.898755e+06
5.765700e+01	4.897935e+06
5.770800e+01	4.894999e+06
5.775800e+01	4.877223e+06
5.780800e+01	4.904581e+06
5.785800e+01	4.904134e+06
5.790800e+01	4.899042e+06
5.795800e+01	4.903185e+06
5.800800e+01	4.903299e+06
5.805800e+01	4.930355e+06
5.810900e+01	4.926221e+06
5.815900e+01	4.903763e+06
5.820800e+01	4.885459e+06
5.825800e+01	4.880759e+06
5.830900e+01	4.860095e+06
5.835900e+01	4.858425e+06
5.840900e+01	4.887118e+06
5.845900e+01	4.905643e+06
5.850900e+01	4.883130e+06
5.855900e+01	4.888258e+06
5.860900e+01	4.881695e+06
5.866000e+01	4.914454e+06
5.871000e+01	4.900151e+06
5.876000e+01	4.902839e+06
5.881000e+01	4.899141e+06
5.886000e+01	4.894915e+06
5.891000e+01	4.898251e+06
5.896000e+01	4.881300e+06
5.901000e+01	4.916092e+06
5.906000e+01	4.936920e+06
5.911000e+01	4.916935e+06
5.916000e+01	4.886247e+06
5.921000e+01	4.882189e+06
5.926000e+01	4.885751e+06
5.931100e+01	4.878068e+06
5.936100e+01	4.880780e+06
5.941100e+01	4.893708e+06
5.946000e+01	4.889461e+06
5.951200e+01	4.885247e+06
5.956100e+01	4.873023e+06
5.961200e+01	4.895449e+06
5.966200e+01	4.899801e+06
5.971100e+01	4.889106e+06
5.976100e+01	4.890271e+06
5.981100e+01	4.893216e+06
5.986100e+01	4.915536e+06
5.991200e+01	4.902546e+06
5.996200e+01	4.902189e+06
6.001200e+01	4.903457e+06
6.006200e+01	4.942843e+06
6.011200e+01	4.918102e+06
6.016300e+01	4.891227e+06
6.021200e+01	4.890987e+06
6.026300e+01	4.882722e+06
6.031300e+01	4.870010e+06
6.036200e+01	4.881709e+06
6.041200e+01	4.877138e+06
6.046300e+01	4.901548e+06
6.051300e+01	4.890632e+06
6.056300e+01	4.882771e+06
6.061300e+01	4.900943e+06
6.066300e+01	4.881415e+06
6.071300e+01	4.901966e+06
6.076400e+01	4.887084e+06
6.081300e+01	4.898540e+06
6.086300e+01	4.900969e+06
6.091400e+01	4.892740e+06
6.096400e+01	4.898723e+06
6.101300e+01	4.905292e+06
6.106400e+01	4.941927e+06
6.111400e+01	4.911309e+06
6.116400e+01	4.880062e+06
6.121400e+01	4.880282e+06
6.126500e+01	4.877628e+06
6.131500e+01	4.872903e+06
6.136400e+01	4.878337e+06
6.141400e+01	4.865049e+06
6.146400e+01	4.890702e+06
6.151500e+01	4.874199e+06
6.156500e+01	4.893799e+06
6.161500e+01	4.905963e+06
6.166500e+01	4.890721e+06
6.171600e+01	4.889591e+06
6.176600e+01	4.894071e+06
6.181500e+01	4.901283e+06
6.186600e+01	4.918425e+06
6.191600e+01	4.875472e+06
6.196600e+01	4.884751e+06
6.201600e+01	4.888026e+06
6.206500e+01	4.944051e+06
6.211600e+01	4.905479e+06
6.216600e+01	4.889963e+06
6.221600e+01	4.880775e+06
6.226700e+01	4.871030e+06
6.231700e+01	4.872399e+06
6.236600e+01	4.869531e+06
6.242100e+01	4.893706e+06
6.246700e+01	4.888560e+06
6.251700e+01	4.887718e+06
6.256700e+01	4.862592e+06
6.261700e+01	4.890822e+06
6.266800e+01	4.890720e+06
6.271700e+01	4.890496e+06
6.276700e+01	4.901324e+06
6.281800e+01	4.896256e+06
6.286700e+01	4.933165e+06
6.291700e+01	4.897168e+06
6.296700e+01	4.902556e+06
6.301800e+01	4.911136e+06
6.306700e+01	4.932917e+06
6.311800e+01	4.897179e+06
6.316900e+01	4.859182e+06
6.321800e+01	4.877515e+06
6.326800e+01	4.871760e+06
6.331900e+01	4.874568e+06
6.336900e+01	4.880992e+06
6.341900e+01	4.872859e+06
6.346900e+01	4.886264e+06
6.351900e+01	4.878207e+06
6.356900e+01	4.895512e+06
6.361800e+01	4.890810e+06
6.366900e+01	4.902852e+06
6.371900e+01	4.892819e+06
6.376900e+01	4.873428e+06
6.381900e+01	4.897023e+06
6.386900e+01	4.890390e+06
6.392000e+01	4.902696e+06
6.396900e+01	4.884403e+06
6.401900e+01	4.897042e+06
6.406900e+01	4.936381e+06
6.412000e+01	4.912825e+06
6.417000e+01	4.884974e+06
6.422000e+01	4.883407e+06
6.427000e+01	4.869714e+06
6.432000e+01	4.860019e+06
6.437000e+01	4.857421e+06
6.442100e+01	4.880992e+06
6.447100e+01	4.896301e+06
6.452100e+01	4.896189e+06
6.457000e+01	4.881188e+06
6.462000e+01	4.895178e+06
6.467100e+01	4.883552e+06
6.472000e+01	4.893752e+06
6.477000e+01	4.899387e+06
6.482100e+01	4.897649e+06
6.487100e+01	4.899789e+06
6.492100e+01	4.870818e+06
6.497200e+01	4.896483e+06
6.502100e+01	4.897365e+06
6.507100e+01	4.941372e+06
6.512200e+01	4.904771e+06
6.517200e+01	4.872692e+06
6.522100e+01	4.876406e+06
6.527200e+01	4.882278e+06
6.532100e+01	4.868327e+06
6.537200e+01	4.890974e+06
6.542200e+01	4.863607e+06
6.547200e+01	4.884225e+06
6.552300e+01	4.870569e+06
6.557300e+01	4.870234e+06
6.562200e+01	4.897156e+06
6.567300e+01	4.877684e+06
6.572300e+01	4.886592e+06
6.577300e+01	4.881610e+06
6.582300e+01	4.889889e+06
6.587300e+01	4.892518e+06
6.592300e+01	4.906027e+06
6.597300e+01	4.894931e+06
6.602300e+01	4.895592e+06
6.607300e+01	4.920430e+06
6.612300e+01	4.933226e+06
6.617300e+01	4.886421e+06
6.622400e+01	4.868580e+06
6.627400e+01	4.859154e+06
6.632400e+01	4.857901e+06
6.637400e+01	4.871188e+06
6.642400e+01	4.872381e+06
6.647400e+01	4.870623e+06
6.652400e+01	4.878024e+06
6.657400e+01	4.871653e+06
6.662400e+01	4.882756e+06
6.667400e+01	4.875644e+06
6.672400e+01	4.867177e+06
6.677500e+01	4.885008e+06
6.682500e+01	4.887236e+06
6.687500e+01	4.888863e+06
6.692500e+01	4.860743e+06
6.697500e+01	4.881153e+06
6.702500e+01	4.892822e+06
6.707500e+01	4.922080e+06
6.712500e+01	4.889630e+06
6.717500e+01	4.856473e+06
6.722500e+01	4.867312e+06
6.727500e+01	4.853926e+06
6.732600e+01	4.855655e+06
6.737500e+01	4.857971e+06
6.742600e+01	4.869249e+06
6.747600e+01	4.872441e+06
6.752600e+01	4.861619e+06
6.757600e+01	4.876778e+06
6.762600e+01	4.873351e+06
6.767600e+01	4.874814e+06
6.772600e+01	4.872669e+06
6.777600e+01	4.857162e+06
6.782700e+01	4.887566e+06
6.787700e+01	4.865802e+06
6.792700e+01	4.873448e+06
6.797700e+01	4.863802e+06
6.802700e+01	4.871885e+06
6.807700e+01	4.921957e+06
6.812700e+01	4.873765e+06
6.817800e+01	4.874678e+06
6.822700e+01	4.850007e+06
6.827700e+01	4.847636e+06
6.832800e+01	4.839699e+06
6.837700e+01	4.842355e+06
6.842700e+01	4.863866e+06
6.847800e+01	4.853905e+06
6.852700e+01	4.840063e+06
6.857700e+01	4.853391e+06
6.862800e+01	4.840191e+06
6.867800e+01	4.871402e+06
6.872800e+01	4.848490e+06
6.877800e+01	4.861067e+06
6.882900e+01	4.870893e+06
6.887900e+01	4.861761e+06
6.892900e+01	4.862753e+06
6.897800e+01	4.856698e+06
6.902900e+01	4.872928e+06
6.907800e+01	4.907657e+06
6.913000e+01	4.846492e+06
6.917900e+01	4.824112e+06
6.922900e+01	4.835958e+06
6.927900e+01	4.824438e+06
6.933000e+01	4.838443e+06
6.937900e+01	4.829936e+06
6.942900e+01	4.833501e+06
6.948000e+01	4.835683e+06
6.953000e+01	4.835099e+06
6.958000e+01	4.849119e+06
6.963000e+01	4.849988e+06
6.968000e+01	4.853557e+06
6.973000e+01	4.833502e+06
6.978000e+01	4.830645e+06
6.983000e+01	4.849960e+06
6.988000e+01	4.848619e+06
6.993000e+01	4.843254e+06
6.998000e+01	4.847942e+06
7.003100e+01	4.840006e+06
7.008100e+01	4.882119e+06
7.013100e+01	4.842905e+06
7.018100e+01	4.834581e+06
7.023200e+01	4.822160e+06
7.028100e+01	4.817357e+06
7.033100e+01	4.796197e+06
7.038200e+01	4.797769e+06
7.043100e+01	4.823254e+06
7.048100e+01	4.830271e+06
7.053200e+01	4.829576e+06
7.058200e+01	4.814823e+06
7.063300e+01	4.818138e+06
7.068200e+01	4.820559e+06
7.073200e+01	4.832608e+06
7.078200e+01	4.835168e+06
7.083200e+01	4.827286e+06
7.088200e+01	4.824943e+06
7.093300e+01	4.810486e+06
7.098200e+01	4.825850e+06
7.103200e+01	4.831939e+06
7.108300e+01	4.863463e+06
7.113300e+01	4.828738e+06
7.118300e+01	4.798274e+06
7.123300e+01	4.801394e+06
7.128300e+01	4.795633e+06
7.133300e+01	4.798212e+06
7.138400e+01	4.803722e+06
7.143400e+01	4.798526e+06
7.148300e+01	4.795608e+06
7.153400e+01	4.781856e+06
7.158300e+01	4.803247e+06
7.163400e+01	4.810098e+06
7.168400e+01	4.806767e+06
7.173400e+01	4.803930e+06
7.178400e+01	4.796637e+06
7.183400e+01	4.802241e+06
7.188500e+01	4.819012e+06
7.193400e+01	4.799736e+06
7.198500e+01	4.817576e+06
7.203500e+01	4.797539e+06
7.208400e+01	4.841345e+06
7.213400e+01	4.782546e+06
7.218500e+01	4.796496e+06
7.223500e+01	4.783655e+06
7.228500e+01	4.779331e+06
7.233500e+01	4.773167e+06
7.238500e+01	4.771520e+06
7.243500e+01	4.787461e+06
7.248500e+01	4.795673e+06
7.253600e+01	4.788662e+06
7.258600e+01	4.791774e+06
7.263600e+01	4.784925e+06
7.268600e+01	4.780032e+06
7.273600e+01	4.777895e+06
7.278600e+01	4.772766e+06
7.283500e+01	4.800528e+06
7.288600e+01	4.777907e+06
7.293600e+01	4.782452e+06
7.298600e+01	4.776705e+06
7.303600e+01	4.797471e+06
7.308700e+01	4.834510e+06
7.313700e+01	4.785123e+06
7.318600e+01	4.772232e+06
7.323700e+01	4.760067e+06
7.328700e+01	4.771927e+06
7.333700e+01	4.748578e+06
7.338700e+01	4.766830e+06
7.343700e+01	4.763656e+06
7.348700e+01	4.763732e+06
7.353800e+01	4.750981e+06
7.358700e+01	4.772597e+06
7.363800e+01	4.780510e+06
7.368700e+01	4.773911e+06
7.373800e+01	4.770562e+06
7.378800e+01	4.767853e+06
7.383800e+01	4.783963e+06
7.388800e+01	4.777053e+06
7.393800e+01	4.768807e+06
7.398800e+01	4.756166e+06
7.403800e+01	4.779419e+06
7.408800e+01	4.806846e+06
7.413900e+01	4.770439e+06
7.418900e+01	4.757869e+06
7.423800e+01	4.751429e+06
7.428800e+01	4.748502e+06
7.433800e+01	4.741876e+06
7.438800e+01	4.736904e+06
7.443900e+01	4.753352e+06
7.448900e+01	4.753219e+06
7.453900e+01	4.755464e+06
7.458900e+01	4.744778e+06
7.464000e+01	4.756459e+06
7.468900e+01	4.750310e+06
7.474000e+01	4.759205e+06
7.479000e+01	4.767203e+06
7.484000e+01	4.757739e+06
7.489000e+01	4.758571e+06
7.494000e+01	4.749155e+06
7.499000e+01	4.763664e+06
7.504000e+01	4.767181e+06
7.509100e+01	4.795039e+06
7.514000e+01	4.746643e+06
7.519100e+01	4.737626e+06
7.524000e+01	4.727672e+06
7.529000e+01	4.748696e+06
7.534000e+01	4.742574e+06
7.539000e+01	4.739645e+06
7.544100e+01	4.735381e+06
7.549100e+01	4.738478e+06
7.554100e+01	4.739114e+06
7.559100e+01	4.734203e+06
7.564100e+01	4.747809e+06
7.569100e+01	4.736601e+06
7.574200e+01	4.730358e+06
7.579200e+01	4.734497e+06
7.584200e+01	4.732936e+06
7.589200e+01	4.749744e+06
7.594200e+01	4.751691e+06
7.599200e+01	4.746173e+06
7.604200e+01	4.756315e+06
7.609200e+01	4.767209e+06
7.614200e+01	4.747811e+06
7.619200e+01	4.734672e+06
7.624200e+01	4.723451e+06
7.629200e+01	4.707629e+06
7.634300e+01	4.711877e+06
7.639300e+01	4.716690e+06
7.644300e+01	4.731894e+06
7.649200e+01	4.731027e+06
7.654200e+01	4.722537e+06
7.659300e+01	4.731553e+06
7.664400e+01	4.728372e+06
7.669300e+01	4.724631e+06
7.674400e+01	4.745255e+06
7.679400e+01	4.750538e+06
7.684400e+01	4.746420e+06
7.689300e+01	4.734946e+06
7.694300e+01	4.718214e+06
7.699300e+01	4.742048e+06
7.704300e+01	4.758376e+06
7.709400e+01	4.782162e+06
7.714400e+01	4.724090e+06
7.719400e+01	4.714147e+06
7.724400e+01	4.712993e+06
7.729400e+01	4.706394e+06
7.734500e+01	4.724537e+06
7.739500e+01	4.717601e+06
7.744500e+01	4.717560e+06
7.749500e+01	4.709426e+06
7.754500e+01	4.706322e+06
7.759500e+01	4.726655e+06
7.764500e+01	4.735754e+06
7.769500e+01	4.721309e+06
7.774500e+01	4.729191e+06
7.779500e+01	4.712024e+06
7.784500e+01	4.735407e+06
7.789500e+01	4.724432e+06
7.794500e+01	4.741418e+06
7.799500e+01	4.729614e+06
7.804600e+01	4.754187e+06
7.809600e+01	4.743677e+06
7.814600e+01	4.709552e+06
7.819600e+01	4.706713e+06
7.824600e+01	4.717336e+06
7.829600e+01	4.702614e+06
7.834600e+01	4.700191e+06
7.839600e+01	4.708208e+06
7.844700e+01	4.709900e+06
7.849600e+01	4.723575e+06
7.854700e+01	4.710687e+06
7.859700e+01	4.714609e+06
7.864700e+01	4.719070e+06
7.869600e+01	4.698468e+06
7.874800e+01	4.699490e+06
7.879700e+01	4.723990e+06
7.884700e+01	4.721195e+06
7.889700e+01	4.728545e+06
7.894700e+01	4.713400e+06
7.899800e+01	4.721767e+06
7.904700e+01	4.759615e+06
7.909800e+01	4.752597e+06
7.914800e+01	4.719814e+06
7.919800e+01	4.694362e+06
7.924800e+01	4.692305e+06
7.929800e+01	4.700904e+06
7.934800e+01	4.693325e+06
7.939800e+01	4.703178e+06
7.944800e+01	4.700871e+06
7.949900e+01	4.708538e+06
7.954900e+01	4.711760e+06
7.959800e+01	4.704347e+06
7.964800e+01	4.726263e+06
7.969900e+01	4.718610e+06
7.974900e+01	4.720591e+06
7.979900e+01	4.710963e+06
7.985000e+01	4.713333e+06
7.990000e+01	4.714517e+06
7.995000e+01	4.703833e+06
7.999900e+01	4.712625e+06
8.004900e+01	4.748051e+06
8.009900e+01	4.731056e+06
8.015000e+01	4.711493e+06
8.020000e+01	4.741531e+06
8.024900e+01	4.714033e+06
8.030000e+01	4.701400e+06
8.035000e+01	4.682456e+06
8.040000e+01	4.706469e+06
8.045000e+01	4.687937e+06
8.050000e+01	4.715704e+06
8.055000e+01	4.686048e+06
8.060000e+01	4.696195e+06
8.065000e+01	4.711804e+06
8.070000e+01	4.697465e+06
8.075000e+01	4.719288e+06
8.080100e+01	4.706562e+06
8.085100e+01	4.711161e+06
8.090100e+01	4.719195e+06
8.095100e+01	4.704744e+06
8.100100e+01	4.717971e+06
8.105200e+01	4.748496e+06
8.110200e+01	4.719028e+06
8.115200e+01	4.707294e+06
8.120200e+01	4.686589e+06
8.125200e+01	4.728057e+06
8.130100e+01	4.702657e+06
8.135200e+01	4.700708e+06
8.140200e+01	4.705730e+06
8.145200e+01	4.697516e+06
8.150200e+01	4.698328e+06
8.155200e+01	4.700287e+06
8.160200e+01	4.706681e+06
8.165200e+01	4.718780e+06
8.170200e+01	4.704929e+06
8.175200e+01	4.707512e+06
8.180300e+01	4.704409e+06
8.185200e+01	4.717562e+06
8.190300e+01	4.718741e+06
8.195300e+01	4.718792e+06
8.200400e+01	4.718244e+06
8.205300e+01	4.737073e+06
8.210400e+01	4.736767e+06
8.215300e+01	4.701334e+06
8.220400e+01	4.700260e+06
8.225400e+01	4.697009e+06
8.230400e+01	4.687405e+06
8.235400e+01	4.661755e+06
8.240400e+01	4.699138e+06
8.245400e+01	4.704315e+06
8.250400e+01	4.712065e+06
8.255400e+01	4.704730e+06
8.260400e+01	4.691024e+06
8.265500e+01	4.704319e+06
8.270400e+01	4.715517e+06
8.275500e+01	4.705560e+06
8.280500e+01	4.713473e+06
8.285500e+01	4.712458e+06
8.290500e+01	4.701547e+06
8.295500e+01	4.696388e+06
8.300400e+01	4.712091e+06
8.305500e+01	4.738732e+06
8.310500e+01	4.752112e+06
8.315600e+01	4.709815e+06
8.320600e+01	4.696506e+06
8.325500e+01	4.696181e+06
8.330600e+01	4.695820e+06
8.335500e+01	4.690503e+06
8.340600e+01	4.703719e+06
8.345600e+01	4.695271e+06
8.350600e+01	4.680616e+06
8.355600e+01	4.680188e+06
8.360600e+01	4.703429e+06
8.365700e+01	4.713515e+06
8.370700e+01	4.713811e+06
8.375600e+01	4.693223e+06
8.380600e+01	4.698132e+06
8.385700e+01	4.709675e+06
8.390700e+01	4.718713e+06
8.395700e+01	4.718405e+06
8.400700e+01	4.713277e+06
8.405700e+01	4.734637e+06
8.410700e+01	4.728021e+06
8.415800e+01	4.700059e+06
8.420700e+01	4.694569e+06
8.425800e+01	4.686584e+06
8.430800e+01	4.697621e+06
8.435800e+01	4.680540e+06
8.440800e+01	4.680236e+06
8.445800e+01	4.696806e+06
8.450800e+01	4.704855e+06
8.455800e+01	4.709244e+06
8.460700e+01	4.693567e+06
8.465800e+01	4.700904e+06
8.470800e+01	4.682923e+06
8.475800e+01	4.699224e+06
8.480800e+01	4.692807e+06
8.485800e+01	4.707543e+06
8.490900e+01	4.699864e+06
8.495900e+01	4.687002e+06
8.500900e+01	4.694789e+06
8.505800e+01	4.720393e+06
8.510900e+01	4.740190e+06
8.515900e+01	4.707268e+06
8.520900e+01	4.670451e+06
8.526000e+01	4.683348e+06
8.530900e+01	4.672733e+06
8.535900e+01	4.685094e+06
8.540900e+01	4.688848e+06
8.546000e+01	4.678200e+06
8.551000e+01	4.698284e+06
8.556000e+01	4.677767e+06
8.561000e+01	4.701998e+06
8.566000e+01	4.691266e+06
8.571000e+01	4.701126e+06
8.576000e+01	4.699055e+06
8.581000e+01	4.685552e+06
8.586000e+01	4.691918e+06
8.591000e+01	4.695933e+06
8.596100e+01	4.695209e+06
8.601100e+01	4.705050e+06
8.606100e+01	4.718556e+06
8.611100e+01	4.747307e+06
8.616100e+01	4.701936e+06
8.621100e+01	4.683254e+06
8.626100e+01	4.690408e+06
8.631100e+01	4.660649e+06
8.636100e+01	4.672242e+06
8.641100e+01	4.668271e+06
8.646100e+01	4.684441e+06
8.651200e+01	4.671988e+06
8.656100e+01	4.676700e+06
8.661100e+01	4.684396e+06
8.666100e+01	4.684655e+06
8.671200e+01	4.674224e+06
8.676200e+01	4.698533e+06
8.681200e+01	4.683396e+06
8.686200e+01	4.691507e+06
8.691300e+01	4.691963e+06
8.696300e+01	4.677783e+06
8.701200e+01	4.711390e+06
8.706300e+01	4.706108e+06
8.711300e+01	4.704927e+06
8.716300e+01	4.672187e+06
8.721300e+01	4.670204e+06
8.726300e+01	4.657754e+06
8.731300e+01	4.685735e+06
8.736300e+01	4.674263e+06
8.741300e+01	4.678984e+06
8.746400e+01	4.673460e+06
8.751400e+01	4.669474e+06
8.756400e+01	4.666784e+06
8.761400e+01	4.680465e+06
8.766400e+01	4.676091e+06
8.771400e+01	4.666426e+06
8.776500e+01	4.673762e+06
8.781500e+01	4.666499e+06
8.786400e+01	4.682179e+06
8.791400e+01	4.674794e+06
8.796500e+01	4.683109e+06
8.801400e+01	4.683025e+06
8.806500e+01	4.729084e+06
8.811400e+01	4.691325e+06
8.816400e+01	4.669684e+06
8.821500e+01	4.666906e+06
8.826400e+01	4.665320e+06
8.831500e+01	4.641131e+06
8.836500e+01	4.654123e+06
8.841500e+01	4.651902e+06
8.846500e+01	4.670243e+06
8.851600e+01	4.664792e+06
8.856500e+01	4.660246e+06
8.861500e+01	4.671615e+06
8.866500e+01	4.659611e+06
8.871500e+01	4.676911e+06
8.876600e+01	4.661630e+06
8.881600e+01	4.675242e+06
8.886600e+01	4.674334e+06
8.891600e+01	4.654765e+06
8.896600e+01	4.661776e+06
8.901600e+01	4.657219e+06
8.906600e+01	4.715343e+06
8.911600e+01	4.689438e+06
8.916700e+01	4.654203e+06
8.921700e+01	4.650346e+06
8.926700e+01	4.635222e+06
8.931700e+01	4.657944e+06
8.936600e+01	4.656408e+06
8.941700e+01	4.656463e+06
8.946600e+01	4.649692e+06
8.951700e+01	4.642582e+06
8.956700e+01	4.647118e+06
8.961700e+01	4.658798e+06
8.966800e+01	4.667784e+06
8.971700e+01	4.667087e+06
8.976700e+01	4.658764e+06
8.981800e+01	4.653146e+06
8.986800e+01	4.659187e+06
8.991800e+01	4.667254e+06
8.996800e+01	4.664025e+06
9.001800e+01	4.657678e+06
9.006900e+01	4.712782e+06
9.011800e+01	4.663333e+06
9.016800e+01	4.652845e+06
9.021800e+01	4.651433e+06
9.026800e+01	4.643017e+06
9.031900e+01	4.647874e+06
9.036900e+01	4.646616e+06
9.041900e+01	4.640446e+06
9.046900e+01	4.644973e+06
9.051900e+01	4.664374e+06
9.056800e+01	4.654517e+06
9.061900e+01	4.647302e+06
9.066900e+01	4.634823e+06
9.072000e+01	4.643319e+06
9.077000e+01	4.647443e+06
9.082000e+01	4.659745e+06
9.086900e+01	4.650742e+06
9.092100e+01	4.664814e+06
9.097000e+01	4.653184e+06
9.102000e+01	4.653702e+06
9.107000e+01	4.705935e+06
9.112000e+01	4.664896e+06
9.117100e+01	4.652452e+06
9.122100e+01	4.625758e+06
9.127100e+01	4.624526e+06
9.132100e+01	4.618435e+06
9.137100e+01	4.640709e+06
9.142100e+01	4.637697e+06
9.147100e+01	4.639496e+06
9.152100e+01	4.635234e+06
9.157200e+01	4.646974e+06
9.162100e+01	4.629502e+06
9.167100e+01	4.662358e+06
9.172100e+01	4.643693e+06
9.177100e+01	4.648293e+06
9.182100e+01	4.638626e+06
9.187200e+01	4.627578e+06
9.192200e+01	4.638150e+06
9.197200e+01	4.642634e+06
9.202200e+01	4.657970e+06
9.207200e+01	4.694469e+06
9.212300e+01	4.657231e+06
9.217200e+01	4.622096e+06
9.222300e+01	4.636259e+06
9.227200e+01	4.633782e+06
9.232200e+01	4.626076e+06
9.237300e+01	4.627322e+06
9.242200e+01	4.615771e+06
9.247300e+01	4.639567e+06
9.252300e+01	4.626789e+06
9.257300e+01	4.635838e+06
9.262300e+01	4.627877e+06
9.267300e+01	4.632434e+06
9.272300e+01	4.645102e+06
9.277300e+01	4.632008e+06
9.282400e+01	4.646783e+06
9.287300e+01	4.642488e+06
9.292400e+01	4.639459e+06
9.297300e+01	4.640557e+06
9.302400e+01	4.634435e+06
9.307400e+01	4.679070e+06
9.312400e+01	4.642740e+06
9.317500e+01	4.632153e+06
9.322400e+01	4.626991e+06
9.327400e+01	4.619305e+06
9.332400e+01	4.623515e+06
9.337400e+01	4.626500e+06
9.342400e+01	4.615949e+06
9.347500e+01	4.632849e+06
9.352500e+01	4.630680e+06
9.357500e+01	4.625673e+06
9.362500e+01	4.629690e+06
9.367500e+01	4.631447e+06
9.372500e+01	4.634048e+06
9.377600e+01	4.632802e+06
9.382600e+01	4.632589e+06
9.387500e+01	4.636760e+06
9.392600e+01	4.627873e+06
9.397500e+01	4.634402e+06
9.402500e+01	4.633180e+06
9.407600e+01	4.688224e+06
9.412600e+01	4.652395e+06
9.417600e+01	4.620608e+06
9.422500e+01	4.624714e+06
9.427600e+01	4.613889e+06
9.432600e+01	4.619812e+06
9.437700e+01	4.617879e+06
9.442700e+01	4.622173e+06
9.447600e+01	4.623790e+06
9.452600e+01	4.627032e+06
9.457600e+01	4.632477e+06
9.462700e+01	4.621565e+06
9.467700e+01	4.630423e+06
9.472700e+01	4.628320e+06
9.477700e+01	4.629258e+06
9.482700e+01	4.630080e+06
9.487700e+01	4.637488e+06
9.492700e+01	4.628642e+06
9.497700e+01	4.637874e+06
9.502800e+01	4.630093e+06
9.507700e+01	4.696874e+06
9.512700e+01	4.655455e+06
9.517700e+01	4.642347e+06
9.522800e+01	4.606526e+06
9.527800e+01	4.617759e+06
9.532800e+01	4.613484e+06
9.537800e+01	4.612362e+06
9.542900e+01	4.626856e+06
9.547900e+01	4.604226e+06
9.552900e+01	4.619292e+06
9.557800e+01	4.620862e+06
9.562900e+01	4.619971e+06
9.567900e+01	4.634969e+06
9.572800e+01	4.645558e+06
9.577900e+01	4.631945e+06
9.583000e+01	4.621076e+06
9.587900e+01	4.631513e+06
9.592900e+01	4.640933e+06
9.597900e+01	4.635825e+06
9.602900e+01	4.644856e+06
9.608000e+01	4.673716e+06
9.613000e+01	4.654717e+06
9.617900e+01	4.659632e+06
9.623000e+01	4.631957e+06
9.628000e+01	4.631047e+06
9.633000e+01	4.622888e+06
9.638000e+01	4.628622e+06
9.643000e+01	4.614757e+06
9.648000e+01	4.625672e+06
9.653000e+01	4.640015e+06
9.658000e+01	4.634868e+06
9.663000e+01	4.625794e+06
9.668100e+01	4.620781e+06
9.673000e+01	4.608191e+06
9.678000e+01	4.633426e+06
9.683100e+01	4.627118e+06
9.688100e+01	4.636491e+06
9.693100e+01	4.628290e+06
9.698100e+01	4.630583e+06
9.703200e+01	4.637630e+06
9.708200e+01	4.692353e+06
9.713100e+01	4.646578e+06
9.718100e+01	4.635928e+06
9.723100e+01	4.620369e+06
9.728200e+01	4.606200e+06
9.733200e+01	4.615268e+06
9.738200e+01	4.620673e+06
9.743200e+01	4.625368e+06
9.748200e+01	4.624080e+06
9.753200e+01	4.627180e+06
9.758200e+01	4.613649e+06
9.763200e+01	4.646516e+06
9.768300e+01	4.630699e+06
9.773300e+01	4.645645e+06
9.778200e+01	4.629468e+06
9.783300e+01	4.629551e+06
9.788300e+01	4.633304e+06
9.793300e+01	4.627665e+06
9.798300e+01	4.648562e+06
9.803300e+01	4.634482e+06
9.808400e+01	4.695759e+06
9.813300e+01	4.640710e+06
9.818400e+01	4.626339e+06
9.823400e+01	4.617564e+06
9.828400e+01	4.630717e+06
9.833400e+01	4.626959e+06
9.838400e+01	4.627301e+06
9.843400e+01	4.624403e+06
9.848400e+01	4.631029e+06
9.853400e+01	4.627233e+06
9.858400e+01	4.645964e+06
9.863400e+01	4.634523e+06
9.868400e+01	4.640255e+06
9.873400e+01	4.641267e+06
9.878400e+01	4.634362e+06
9.883500e+01	4.637768e+06
9.888400e+01	4.645004e+06
9.893400e+01	4.655720e+06
9.898500e+01	4.641504e+06
9.903500e+01	4.640524e+06
9.908500e+01	4.698821e+06
9.913500e+01	4.647118e+06
9.918600e+01	4.635502e+06
9.923500e+01	4.627665e+06
9.928500e+01	4.620897e+06
9.933500e+01	4.625957e+06
9.938600e+01	4.620757e+06
9.943600e+01	4.640286e+06
9.948600e+01	4.636604e+06
9.953600e+01	4.637513e+06
9.958600e+01	4.634711e+06
9.963600e+01	4.634418e+06
9.968600e+01	4.633663e+06
9.973600e+01	4.654076e+06
9.978600e+01	4.636160e+06
9.983600e+01	4.645804e+06
9.988600e+01	4.638570e+06
9.993700e+01	4.657598e+06
9.998600e+01	4.647352e+06
1.000360e+02	4.645194e+06
1.000870e+02	4.719739e+06
1.001370e+02	4.646964e+06
1.001870e+02	4.647099e+06
1.002370e+02	4.627246e+06
1.002870e+02	4.621681e+06
1.003370e+02	4.640451e+06
1.003870e+02	4.634107e+06
1.004370e+02	4.640430e+06
1.004870e+02	4.644859e+06
1.005380e+02	4.653625e+06
1.005880e+02	4.653352e+06
1.006380e+02	4.648876e+06
1.006880e+02	4.649299e+06
1.007390e+02	4.650311e+06
1.007880e+02	4.655722e+06
1.008380e+02	4.648296e+06
1.008910e+02	4.645359e+06
1.009390e+02	4.657375e+06
1.009880e+02	4.647836e+06
1.010390e+02	4.651432e+06
1.010890e+02	4.724090e+06
1.011390e+02	4.666695e+06
1.011880e+02	4.649737e+06
1.012390e+02	4.630233e+06
1.012900e+02	4.637628e+06
1.013400e+02	4.632994e+06
1.013890e+02	4.654937e+06
1.014400e+02	4.624884e+06
1.014900e+02	4.636536e+06
1.015400e+02	4.641899e+06
1.015900e+02	4.646785e+06
1.016400e+02	4.650809e+06
1.016900e+02	4.648580e+06
1.017400e+02	4.661320e+06
1.017900e+02	4.662606e+06
1.018400e+02	4.641189e+06
1.018910e+02	4.659864e+06
1.019410e+02	4.649157e+06
1.019900e+02	4.665740e+06
1.020410e+02	4.660246e+06
1.020910e+02	4.708918e+06
1.021410e+02	4.658174e+06
1.021900e+02	4.637128e+06
1.022410e+02	4.661049e+06
1.022910e+02	4.645123e+06
1.023410e+02	4.651659e+06
1.023910e+02	4.652563e+06
1.024410e+02	4.636039e+06
1.024910e+02	4.653609e+06
1.025420e+02	4.658588e+06
1.025920e+02	4.651788e+06
1.026420e+02	4.662669e+06
1.026910e+02	4.631625e+06
1.027420e+02	4.664309e+06
1.027920e+02	4.656086e+06
1.028430e+02	4.664452e+06
1.028930e+02	4.671104e+06
