0.000000e+00	4.095000e+03
5.000000e-02	4.095000e+03
1.000000e-01	4.095000e+03
1.500000e-01	4.095000e+03
2.010000e-01	4.095000e+03
2.510000e-01	4.095000e+03
3.010000e-01	4.095000e+03
3.510000e-01	4.095000e+03
4.010000e-01	4.095000e+03
4.510000e-01	4.095000e+03
5.020000e-01	4.095000e+03
5.520000e-01	4.095000e+03
6.010000e-01	4.095000e+03
6.510000e-01	4.095000e+03
7.020000e-01	4.095000e+03
7.520000e-01	4.095000e+03
8.020000e-01	4.095000e+03
8.520000e-01	4.095000e+03
9.030000e-01	4.095000e+03
9.520000e-01	4.095000e+03
1.002000e+00	4.095000e+03
1.052000e+00	4.095000e+03
1.102000e+00	4.095000e+03
1.153000e+00	4.095000e+03
1.202000e+00	4.095000e+03
1.252000e+00	4.095000e+03
1.303000e+00	4.095000e+03
1.352000e+00	4.095000e+03
1.403000e+00	4.095000e+03
1.453000e+00	4.095000e+03
1.503000e+00	4.095000e+03
1.553000e+00	4.095000e+03
1.603000e+00	4.095000e+03
1.653000e+00	4.095000e+03
1.704000e+00	4.095000e+03
1.753000e+00	4.095000e+03
1.803000e+00	4.095000e+03
1.853000e+00	4.095000e+03
1.904000e+00	4.095000e+03
1.954000e+00	4.095000e+03
2.004000e+00	4.095000e+03
2.054000e+00	4.095000e+03
2.105000e+00	4.095000e+03
2.154000e+00	4.095000e+03
2.204000e+00	4.095000e+03
2.254000e+00	4.095000e+03
2.304000e+00	4.095000e+03
2.354000e+00	4.095000e+03
2.405000e+00	4.095000e+03
2.454000e+00	4.095000e+03
2.505000e+00	4.095000e+03
2.555000e+00	4.095000e+03
2.605000e+00	4.095000e+03
2.655000e+00	4.095000e+03
2.706000e+00	4.095000e+03
2.756000e+00	4.095000e+03
2.806000e+00	4.095000e+03
2.856000e+00	4.095000e+03
2.905000e+00	4.095000e+03
2.956000e+00	4.095000e+03
3.006000e+00	4.095000e+03
3.055000e+00	4.095000e+03
3.106000e+00	4.095000e+03
3.156000e+00	4.095000e+03
3.206000e+00	4.095000e+03
3.257000e+00	4.095000e+03
3.307000e+00	4.095000e+03
3.356000e+00	4.095000e+03
3.406000e+00	4.095000e+03
3.457000e+00	4.095000e+03
3.507000e+00	4.095000e+03
3.557000e+00	4.095000e+03
3.607000e+00	4.095000e+03
3.657000e+00	4.095000e+03
3.708000e+00	4.095000e+03
3.758000e+00	4.095000e+03
3.807000e+00	4.095000e+03
3.858000e+00	4.095000e+03
3.908000e+00	4.095000e+03
3.958000e+00	4.095000e+03
4.007000e+00	4.095000e+03
4.057000e+00	4.095000e+03
4.108000e+00	4.095000e+03
4.158000e+00	4.095000e+03
4.208000e+00	4.095000e+03
4.259000e+00	4.095000e+03
4.309000e+00	4.095000e+03
4.358000e+00	4.095000e+03
4.409000e+00	4.095000e+03
4.458000e+00	4.095000e+03
4.509000e+00	4.095000e+03
4.558000e+00	4.095000e+03
4.608000e+00	4.095000e+03
4.660000e+00	4.095000e+03
4.709000e+00	4.095000e+03
4.759000e+00	4.095000e+03
4.809000e+00	4.095000e+03
4.859000e+00	4.095000e+03
4.909000e+00	4.095000e+03
4.960000e+00	4.095000e+03
5.010000e+00	4.095000e+03
5.060000e+00	4.095000e+03
5.110000e+00	4.095000e+03
5.160000e+00	4.095000e+03
5.210000e+00	4.095000e+03
5.260000e+00	4.095000e+03
5.310000e+00	4.095000e+03
5.361000e+00	4.095000e+03
5.411000e+00	4.095000e+03
5.461000e+00	4.095000e+03
5.511000e+00	4.095000e+03
5.560000e+00	4.095000e+03
5.611000e+00	4.095000e+03
5.661000e+00	4.095000e+03
5.711000e+00	4.095000e+03
5.761000e+00	4.095000e+03
5.811000e+00	4.095000e+03
5.862000e+00	4.095000e+03
5.911000e+00	4.095000e+03
5.961000e+00	4.095000e+03
6.011000e+00	4.095000e+03
6.061000e+00	4.095000e+03
6.111000e+00	4.095000e+03
6.162000e+00	4.095000e+03
6.212000e+00	4.095000e+03
6.261000e+00	4.095000e+03
6.312000e+00	4.095000e+03
6.363000e+00	4.095000e+03
6.412000e+00	4.095000e+03
6.462000e+00	4.095000e+03
6.512000e+00	4.095000e+03
6.562000e+00	4.095000e+03
6.612000e+00	4.095000e+03
6.663000e+00	4.005000e+03
6.713000e+00	3.925000e+03
6.763000e+00	3.948000e+03
6.813000e+00	3.955000e+03
6.863000e+00	3.820000e+03
6.913000e+00	3.769000e+03
6.964000e+00	3.553000e+03
7.013000e+00	3.637000e+03
7.063000e+00	3.552000e+03
7.113000e+00	3.502000e+03
7.164000e+00	3.508000e+03
7.214000e+00	3.485000e+03
7.264000e+00	3.432000e+03
7.314000e+00	3.430000e+03
7.365000e+00	3.467000e+03
7.414000e+00	3.483000e+03
7.464000e+00	3.434000e+03
7.514000e+00	3.466000e+03
7.565000e+00	3.448000e+03
7.614000e+00	3.403000e+03
7.665000e+00	3.452000e+03
7.714000e+00	3.421000e+03
7.764000e+00	3.466000e+03
7.815000e+00	3.425000e+03
7.865000e+00	3.511000e+03
7.914000e+00	3.511000e+03
7.965000e+00	3.521000e+03
8.015000e+00	3.496000e+03
8.065000e+00	3.494000e+03
8.115000e+00	3.547000e+03
8.165000e+00	3.569000e+03
8.215000e+00	3.503000e+03
8.266000e+00	3.546000e+03
8.315000e+00	3.513000e+03
8.366000e+00	3.573000e+03
8.416000e+00	3.693000e+03
8.466000e+00	3.696000e+03
8.517000e+00	3.760000e+03
8.566000e+00	3.711000e+03
8.616000e+00	3.732000e+03
8.666000e+00	3.689000e+03
8.717000e+00	3.822000e+03
8.767000e+00	3.731000e+03
8.817000e+00	3.791000e+03
8.866000e+00	3.734000e+03
8.917000e+00	3.777000e+03
8.967000e+00	3.674000e+03
9.017000e+00	3.781000e+03
9.068000e+00	3.735000e+03
9.117000e+00	3.745000e+03
9.167000e+00	3.719000e+03
9.217000e+00	3.722000e+03
9.267000e+00	3.754000e+03
9.318000e+00	3.756000e+03
9.368000e+00	3.786000e+03
9.418000e+00	3.700000e+03
9.469000e+00	3.777000e+03
9.519000e+00	3.699000e+03
9.569000e+00	3.741000e+03
9.618000e+00	3.677000e+03
9.669000e+00	3.851000e+03
9.719000e+00	3.777000e+03
9.768000e+00	3.772000e+03
9.818000e+00	3.729000e+03
9.869000e+00	3.709000e+03
9.919000e+00	3.742000e+03
9.969000e+00	3.744000e+03
1.001900e+01	3.777000e+03
1.006900e+01	3.705000e+03
1.011900e+01	3.738000e+03
1.016900e+01	3.671000e+03
1.021900e+01	3.747000e+03
1.026900e+01	3.749000e+03
1.032000e+01	3.777000e+03
1.037000e+01	3.686000e+03
1.042000e+01	3.786000e+03
1.047000e+01	3.624000e+03
1.052000e+01	3.765000e+03
1.057000e+01	3.742000e+03
1.062000e+01	3.639000e+03
1.067000e+01	3.705000e+03
1.072000e+01	3.665000e+03
1.077100e+01	3.682000e+03
1.082000e+01	3.676000e+03
1.087000e+01	3.686000e+03
1.092000e+01	3.681000e+03
1.097100e+01	3.701000e+03
1.102100e+01	3.718000e+03
1.107100e+01	3.764000e+03
1.112100e+01	3.636000e+03
1.117200e+01	3.698000e+03
1.122200e+01	3.644000e+03
1.127200e+01	3.717000e+03
1.132200e+01	3.639000e+03
1.137200e+01	3.654000e+03
1.142200e+01	3.645000e+03
1.147200e+01	3.654000e+03
1.152200e+01	3.628000e+03
1.157200e+01	3.625000e+03
1.162200e+01	3.685000e+03
1.167200e+01	3.635000e+03
1.172200e+01	3.689000e+03
1.177200e+01	3.580000e+03
1.182200e+01	3.745000e+03
1.187200e+01	3.695000e+03
1.192200e+01	3.696000e+03
1.197200e+01	3.662000e+03
1.202300e+01	3.687000e+03
1.207300e+01	3.718000e+03
1.212300e+01	3.674000e+03
1.217300e+01	3.700000e+03
1.222300e+01	3.725000e+03
1.227300e+01	3.684000e+03
1.232300e+01	3.653000e+03
1.237300e+01	3.619000e+03
1.242300e+01	3.717000e+03
1.247400e+01	3.688000e+03
1.252400e+01	3.672000e+03
1.257400e+01	3.696000e+03
1.262400e+01	3.666000e+03
1.267400e+01	3.738000e+03
1.272400e+01	3.660000e+03
1.277400e+01	3.756000e+03
1.282400e+01	3.649000e+03
1.287400e+01	3.717000e+03
1.292400e+01	3.681000e+03
1.297500e+01	3.695000e+03
1.302400e+01	3.743000e+03
1.307500e+01	3.717000e+03
1.312500e+01	3.653000e+03
1.317500e+01	3.667000e+03
1.322500e+01	3.688000e+03
1.327500e+01	3.757000e+03
1.332500e+01	3.707000e+03
1.337500e+01	3.714000e+03
1.342500e+01	3.748000e+03
1.347500e+01	3.696000e+03
1.352500e+01	3.781000e+03
1.357500e+01	3.794000e+03
1.362500e+01	3.772000e+03
1.367600e+01	3.751000e+03
1.372600e+01	3.722000e+03
1.377600e+01	3.711000e+03
1.382600e+01	3.781000e+03
1.387600e+01	3.744000e+03
1.392600e+01	3.766000e+03
1.397700e+01	3.753000e+03
1.402600e+01	3.817000e+03
1.407700e+01	3.702000e+03
1.412700e+01	3.749000e+03
1.417700e+01	3.764000e+03
1.422700e+01	3.758000e+03
1.427700e+01	3.744000e+03
1.432700e+01	3.655000e+03
1.437700e+01	3.696000e+03
1.442700e+01	3.714000e+03
1.447800e+01	3.771000e+03
1.452700e+01	3.712000e+03
1.457700e+01	3.709000e+03
1.462800e+01	3.674000e+03
1.467700e+01	3.778000e+03
1.472800e+01	3.717000e+03
1.477800e+01	3.785000e+03
1.482800e+01	3.655000e+03
1.487800e+01	3.721000e+03
1.492800e+01	3.630000e+03
1.497800e+01	3.760000e+03
1.505300e+01	3.742000e+03
1.507900e+01	3.727000e+03
1.512800e+01	3.722000e+03
1.517900e+01	3.722000e+03
1.522900e+01	3.754000e+03
1.527900e+01	3.674000e+03
1.532900e+01	3.833000e+03
1.537900e+01	3.750000e+03
1.543000e+01	3.729000e+03
1.547900e+01	3.666000e+03
1.553000e+01	3.704000e+03
1.558000e+01	3.703000e+03
1.562900e+01	3.812000e+03
1.567900e+01	3.488000e+03
1.572900e+01	3.558000e+03
1.578000e+01	3.623000e+03
1.582900e+01	3.713000e+03
1.588000e+01	3.697000e+03
1.593000e+01	3.678000e+03
1.598000e+01	3.713000e+03
1.603100e+01	3.698000e+03
1.608000e+01	3.748000e+03
1.613100e+01	3.696000e+03
1.618000e+01	3.760000e+03
1.623000e+01	3.743000e+03
1.628100e+01	3.764000e+03
1.633100e+01	3.711000e+03
1.638100e+01	3.798000e+03
1.643100e+01	3.795000e+03
1.648100e+01	3.855000e+03
1.653100e+01	3.741000e+03
1.658100e+01	3.836000e+03
1.663100e+01	3.723000e+03
1.668100e+01	3.610000e+03
1.673200e+01	3.549000e+03
1.678200e+01	3.657000e+03
1.683200e+01	3.743000e+03
1.688200e+01	3.668000e+03
1.693200e+01	3.824000e+03
1.698200e+01	3.788000e+03
1.703200e+01	3.840000e+03
1.708200e+01	3.793000e+03
1.713300e+01	3.884000e+03
1.718300e+01	3.765000e+03
1.723200e+01	3.841000e+03
1.728200e+01	3.778000e+03
1.733300e+01	3.857000e+03
1.738300e+01	3.769000e+03
1.743300e+01	3.871000e+03
1.748300e+01	3.842000e+03
1.753300e+01	3.871000e+03
1.758400e+01	3.902000e+03
1.763400e+01	3.840000e+03
1.768400e+01	3.739000e+03
1.773300e+01	3.692000e+03
1.778400e+01	3.755000e+03
1.783300e+01	3.805000e+03
1.788300e+01	3.822000e+03
1.793400e+01	3.850000e+03
1.798400e+01	3.841000e+03
1.803400e+01	3.857000e+03
1.808400e+01	3.907000e+03
1.813400e+01	3.846000e+03
1.818400e+01	3.947000e+03
1.823500e+01	3.918000e+03
1.828500e+01	3.939000e+03
1.833400e+01	3.946000e+03
1.838500e+01	3.962000e+03
1.843500e+01	4.013000e+03
1.848500e+01	3.941000e+03
1.853500e+01	3.931000e+03
1.858500e+01	3.884000e+03
1.863500e+01	3.978000e+03
1.868500e+01	3.766000e+03
1.873500e+01	3.801000e+03
1.878500e+01	3.883000e+03
1.883500e+01	3.912000e+03
1.888500e+01	3.889000e+03
1.893500e+01	3.964000e+03
1.898500e+01	3.999000e+03
1.903600e+01	4.078000e+03
1.908600e+01	3.998000e+03
1.913600e+01	3.942000e+03
1.918600e+01	3.932000e+03
1.923600e+01	4.012000e+03
1.928600e+01	4.074000e+03
1.933600e+01	4.056000e+03
1.938600e+01	4.070000e+03
1.943700e+01	3.973000e+03
1.948700e+01	4.085000e+03
1.953700e+01	4.047000e+03
1.958700e+01	4.095000e+03
1.963700e+01	4.024000e+03
1.968700e+01	3.852000e+03
1.973700e+01	3.808000e+03
1.978700e+01	3.977000e+03
1.983700e+01	4.018000e+03
1.988800e+01	4.026000e+03
1.993800e+01	4.000000e+03
1.998800e+01	4.086000e+03
2.003700e+01	4.044000e+03
2.008700e+01	4.080000e+03
2.013800e+01	4.072000e+03
2.018800e+01	4.094000e+03
2.023900e+01	4.095000e+03
2.028800e+01	4.095000e+03
2.033900e+01	4.093000e+03
2.038800e+01	4.028000e+03
2.043800e+01	4.095000e+03
2.048800e+01	4.095000e+03
2.053900e+01	4.095000e+03
2.058800e+01	4.095000e+03
2.063900e+01	4.095000e+03
2.068900e+01	3.914000e+03
2.073800e+01	3.960000e+03
2.078900e+01	3.999000e+03
2.083900e+01	4.073000e+03
2.088900e+01	4.095000e+03
2.094000e+01	4.095000e+03
2.099000e+01	4.095000e+03
2.103900e+01	4.095000e+03
2.108900e+01	4.095000e+03
2.114000e+01	4.095000e+03
2.119000e+01	4.095000e+03
2.124000e+01	4.095000e+03
2.129000e+01	4.095000e+03
2.134000e+01	4.095000e+03
2.139000e+01	4.095000e+03
2.144000e+01	4.095000e+03
2.149000e+01	4.095000e+03
2.154000e+01	4.095000e+03
2.159000e+01	4.095000e+03
2.164100e+01	4.095000e+03
2.169100e+01	3.929000e+03
2.174100e+01	4.056000e+03
2.179100e+01	4.095000e+03
2.184100e+01	4.095000e+03
2.189200e+01	4.095000e+03
2.194100e+01	4.095000e+03
2.199200e+01	4.095000e+03
2.204200e+01	4.095000e+03
2.209200e+01	4.095000e+03
2.214100e+01	4.095000e+03
2.219200e+01	4.095000e+03
2.224200e+01	4.095000e+03
2.229200e+01	4.095000e+03
2.234100e+01	4.095000e+03
2.239200e+01	4.095000e+03
2.244200e+01	4.095000e+03
2.249300e+01	4.095000e+03
2.254200e+01	4.095000e+03
2.259300e+01	4.095000e+03
2.264200e+01	4.095000e+03
2.269200e+01	3.928000e+03
2.274300e+01	4.055000e+03
2.279300e+01	4.095000e+03
2.284300e+01	4.095000e+03
2.289300e+01	4.095000e+03
2.294300e+01	4.095000e+03
2.299400e+01	4.095000e+03
2.304400e+01	4.095000e+03
2.309300e+01	4.095000e+03
2.314400e+01	4.095000e+03
2.319300e+01	4.095000e+03
2.324300e+01	4.095000e+03
2.329300e+01	4.095000e+03
2.334400e+01	4.095000e+03
2.339400e+01	4.095000e+03
2.344400e+01	4.095000e+03
2.349400e+01	4.095000e+03
2.354400e+01	4.095000e+03
2.359500e+01	4.095000e+03
2.364500e+01	4.095000e+03
2.369500e+01	4.067000e+03
2.374400e+01	4.095000e+03
2.379500e+01	4.095000e+03
2.384500e+01	4.095000e+03
2.389500e+01	4.095000e+03
2.394500e+01	4.095000e+03
2.399600e+01	4.095000e+03
2.404500e+01	4.095000e+03
2.409500e+01	4.095000e+03
2.414500e+01	4.095000e+03
2.419600e+01	4.095000e+03
2.424600e+01	4.095000e+03
2.429600e+01	4.095000e+03
2.434600e+01	4.095000e+03
2.439700e+01	4.095000e+03
2.444500e+01	4.095000e+03
2.449600e+01	4.095000e+03
2.454600e+01	4.095000e+03
2.459600e+01	4.095000e+03
2.464700e+01	4.095000e+03
2.469700e+01	3.842000e+03
2.474700e+01	3.929000e+03
2.479600e+01	3.938000e+03
2.484700e+01	3.978000e+03
2.489700e+01	4.029000e+03
2.494700e+01	4.044000e+03
2.499700e+01	3.986000e+03
2.504700e+01	3.970000e+03
2.509700e+01	3.967000e+03
2.514700e+01	3.946000e+03
2.519700e+01	3.981000e+03
2.524700e+01	4.010000e+03
2.529700e+01	4.006000e+03
2.534800e+01	3.951000e+03
2.539800e+01	3.949000e+03
2.544700e+01	4.024000e+03
2.549900e+01	3.977000e+03
2.554800e+01	4.074000e+03
2.559800e+01	3.962000e+03
2.564800e+01	4.030000e+03
2.569800e+01	3.620000e+03
2.574800e+01	3.827000e+03
2.579900e+01	3.931000e+03
2.584900e+01	3.929000e+03
2.589900e+01	3.920000e+03
2.594800e+01	3.911000e+03
2.599900e+01	3.915000e+03
2.604900e+01	4.050000e+03
2.609900e+01	3.966000e+03
2.614900e+01	4.004000e+03
2.619900e+01	3.976000e+03
2.625000e+01	3.904000e+03
2.629900e+01	3.999000e+03
2.634900e+01	3.987000e+03
2.640000e+01	4.080000e+03
2.645000e+01	3.927000e+03
2.650000e+01	4.025000e+03
2.655000e+01	3.950000e+03
2.660000e+01	4.009000e+03
2.665000e+01	3.973000e+03
2.670000e+01	3.689000e+03
2.675000e+01	3.770000e+03
2.680000e+01	3.893000e+03
2.685000e+01	3.880000e+03
2.690100e+01	3.956000e+03
2.695100e+01	3.861000e+03
2.700100e+01	3.922000e+03
2.705100e+01	3.947000e+03
2.710100e+01	3.902000e+03
2.715100e+01	3.960000e+03
2.720100e+01	3.987000e+03
2.725200e+01	4.032000e+03
2.730100e+01	3.926000e+03
2.735100e+01	3.970000e+03
2.740100e+01	4.014000e+03
2.745100e+01	4.023000e+03
2.750200e+01	4.021000e+03
2.755100e+01	3.985000e+03
2.760300e+01	3.973000e+03
2.765200e+01	4.003000e+03
2.770200e+01	3.661000e+03
2.775200e+01	3.839000e+03
2.780200e+01	3.841000e+03
2.785200e+01	3.916000e+03
2.790300e+01	3.884000e+03
2.795300e+01	3.889000e+03
2.800300e+01	3.987000e+03
2.805300e+01	3.981000e+03
2.810300e+01	3.944000e+03
2.815300e+01	3.864000e+03
2.820400e+01	3.942000e+03
2.825300e+01	3.950000e+03
2.830300e+01	3.929000e+03
2.835300e+01	3.948000e+03
2.840300e+01	3.885000e+03
2.845400e+01	3.954000e+03
2.850400e+01	3.983000e+03
2.855400e+01	3.903000e+03
2.860400e+01	3.971000e+03
2.865300e+01	3.895000e+03
2.870400e+01	3.547000e+03
2.875400e+01	3.622000e+03
2.880400e+01	3.777000e+03
2.885400e+01	3.861000e+03
2.890400e+01	3.849000e+03
2.895500e+01	3.917000e+03
2.900400e+01	3.846000e+03
2.905500e+01	3.911000e+03
2.910500e+01	3.846000e+03
2.915400e+01	3.901000e+03
2.920400e+01	3.942000e+03
2.925400e+01	3.897000e+03
2.930500e+01	3.868000e+03
2.935500e+01	3.873000e+03
2.940500e+01	3.849000e+03
2.945500e+01	3.924000e+03
2.950600e+01	3.959000e+03
2.955600e+01	3.962000e+03
2.960600e+01	3.860000e+03
2.965600e+01	3.823000e+03
2.970600e+01	3.547000e+03
2.975600e+01	3.709000e+03
2.980600e+01	3.780000e+03
2.985600e+01	3.785000e+03
2.990600e+01	3.749000e+03
2.995600e+01	3.742000e+03
3.000700e+01	3.832000e+03
3.005700e+01	3.822000e+03
3.010700e+01	3.874000e+03
3.015600e+01	3.832000e+03
3.020700e+01	3.845000e+03
3.025600e+01	3.878000e+03
3.030700e+01	3.919000e+03
3.035700e+01	3.929000e+03
3.040700e+01	3.923000e+03
3.045700e+01	3.886000e+03
3.050800e+01	3.825000e+03
3.055800e+01	3.861000e+03
3.060800e+01	3.882000e+03
3.065700e+01	3.790000e+03
3.070700e+01	3.493000e+03
3.075800e+01	3.646000e+03
3.080800e+01	3.637000e+03
3.085800e+01	3.767000e+03
3.090800e+01	3.734000e+03
3.095800e+01	3.758000e+03
3.100800e+01	3.679000e+03
3.105800e+01	3.768000e+03
3.110800e+01	3.659000e+03
3.115900e+01	3.812000e+03
3.120900e+01	3.866000e+03
3.125800e+01	3.874000e+03
3.130800e+01	3.807000e+03
3.135900e+01	3.781000e+03
3.140900e+01	3.826000e+03
3.145900e+01	3.890000e+03
3.150900e+01	3.885000e+03
3.155900e+01	3.854000e+03
3.160900e+01	3.818000e+03
3.166000e+01	3.732000e+03
3.171000e+01	3.484000e+03
3.175900e+01	3.643000e+03
3.180900e+01	3.744000e+03
3.186000e+01	3.684000e+03
3.191000e+01	3.729000e+03
3.196000e+01	3.707000e+03
3.201000e+01	3.792000e+03
3.206000e+01	3.754000e+03
3.211100e+01	3.747000e+03
3.216100e+01	3.773000e+03
3.221000e+01	3.747000e+03
3.226100e+01	3.817000e+03
3.231000e+01	3.753000e+03
3.236100e+01	3.768000e+03
3.241100e+01	3.818000e+03
3.246100e+01	3.822000e+03
3.251100e+01	3.823000e+03
3.256100e+01	3.837000e+03
3.261200e+01	3.871000e+03
3.266200e+01	3.749000e+03
3.271200e+01	3.435000e+03
3.276100e+01	3.560000e+03
3.281200e+01	3.606000e+03
3.286200e+01	3.698000e+03
3.291200e+01	3.660000e+03
3.296200e+01	3.646000e+03
3.301200e+01	3.674000e+03
3.306200e+01	3.749000e+03
3.311200e+01	3.779000e+03
3.316200e+01	3.660000e+03
3.321200e+01	3.710000e+03
3.326200e+01	3.700000e+03
3.331300e+01	3.716000e+03
3.336300e+01	3.722000e+03
3.341300e+01	3.826000e+03
3.346300e+01	3.740000e+03
3.351300e+01	3.729000e+03
3.356300e+01	3.704000e+03
3.361300e+01	3.751000e+03
3.366300e+01	3.545000e+03
3.371400e+01	3.413000e+03
3.376300e+01	3.478000e+03
3.381300e+01	3.526000e+03
3.386400e+01	3.568000e+03
3.391300e+01	3.597000e+03
3.396300e+01	3.631000e+03
3.401400e+01	3.648000e+03
3.406400e+01	3.677000e+03
3.411400e+01	3.590000e+03
3.416400e+01	3.702000e+03
3.421400e+01	3.628000e+03
3.426400e+01	3.699000e+03
3.431400e+01	3.698000e+03
3.436500e+01	3.672000e+03
3.441500e+01	3.714000e+03
3.446500e+01	3.648000e+03
3.451400e+01	3.688000e+03
3.456500e+01	3.674000e+03
3.461400e+01	3.643000e+03
3.466500e+01	3.529000e+03
3.471500e+01	3.261000e+03
3.476500e+01	3.442000e+03
3.481500e+01	3.507000e+03
3.486500e+01	3.542000e+03
3.491500e+01	3.549000e+03
3.496600e+01	3.568000e+03
3.501500e+01	3.572000e+03
3.506600e+01	3.587000e+03
3.511600e+01	3.592000e+03
3.516600e+01	3.636000e+03
3.521500e+01	3.583000e+03
3.526600e+01	3.630000e+03
3.531600e+01	3.505000e+03
3.536600e+01	3.592000e+03
3.541700e+01	3.676000e+03
3.546700e+01	3.639000e+03
3.551700e+01	3.729000e+03
3.556600e+01	3.556000e+03
3.561700e+01	3.653000e+03
3.566700e+01	3.420000e+03
3.571800e+01	3.290000e+03
3.576700e+01	3.372000e+03
3.581800e+01	3.440000e+03
3.586800e+01	3.476000e+03
3.591800e+01	3.410000e+03
3.596800e+01	3.506000e+03
3.601800e+01	3.492000e+03
3.606800e+01	3.572000e+03
3.611800e+01	3.465000e+03
3.616800e+01	3.503000e+03
3.621800e+01	3.550000e+03
3.626800e+01	3.613000e+03
3.631800e+01	3.570000e+03
3.636900e+01	3.530000e+03
3.641900e+01	3.469000e+03
3.646800e+01	3.560000e+03
3.651900e+01	3.514000e+03
3.656800e+01	3.636000e+03
3.661800e+01	3.593000e+03
3.666900e+01	3.389000e+03
3.671900e+01	3.193000e+03
3.676900e+01	3.309000e+03
3.682000e+01	3.407000e+03
3.686900e+01	3.434000e+03
3.692000e+01	3.450000e+03
3.697000e+01	3.406000e+03
3.701900e+01	3.406000e+03
3.706900e+01	3.437000e+03
3.711900e+01	3.480000e+03
3.717000e+01	3.404000e+03
3.722000e+01	3.496000e+03
3.727000e+01	3.455000e+03
3.732100e+01	3.480000e+03
3.737000e+01	3.437000e+03
3.742100e+01	3.550000e+03
3.747000e+01	3.466000e+03
3.752100e+01	3.516000e+03
3.757100e+01	3.452000e+03
3.762100e+01	3.459000e+03
3.767100e+01	3.285000e+03
3.772100e+01	3.196000e+03
3.777100e+01	3.213000e+03
3.782100e+01	3.281000e+03
3.787100e+01	3.338000e+03
3.792100e+01	3.348000e+03
3.797100e+01	3.366000e+03
3.802100e+01	3.291000e+03
3.807100e+01	3.402000e+03
3.812100e+01	3.332000e+03
3.817200e+01	3.358000e+03
3.822100e+01	3.391000e+03
3.827200e+01	3.433000e+03
3.832200e+01	3.425000e+03
3.837100e+01	3.369000e+03
3.842300e+01	3.379000e+03
3.847200e+01	3.418000e+03
3.852200e+01	3.411000e+03
3.857200e+01	3.451000e+03
3.862200e+01	3.391000e+03
3.867200e+01	3.068000e+03
3.872300e+01	3.112000e+03
3.877300e+01	3.154000e+03
3.882300e+01	3.253000e+03
3.887300e+01	3.276000e+03
3.892300e+01	3.223000e+03
3.897300e+01	3.217000e+03
3.902300e+01	3.248000e+03
3.907300e+01	3.246000e+03
3.912400e+01	3.320000e+03
3.917300e+01	3.250000e+03
3.922400e+01	3.298000e+03
3.927300e+01	3.282000e+03
3.932400e+01	3.302000e+03
3.937400e+01	3.226000e+03
3.942500e+01	3.325000e+03
3.947400e+01	3.280000e+03
3.952400e+01	3.285000e+03
3.957400e+01	3.312000e+03
3.962400e+01	3.297000e+03
3.967400e+01	3.096000e+03
3.972500e+01	2.961000e+03
3.977400e+01	3.125000e+03
3.982500e+01	3.072000e+03
3.987500e+01	3.159000e+03
3.992500e+01	3.196000e+03
3.997500e+01	3.191000e+03
4.002500e+01	3.186000e+03
4.007500e+01	3.201000e+03
4.012500e+01	3.209000e+03
4.017500e+01	3.227000e+03
4.022500e+01	3.250000e+03
4.027600e+01	3.209000e+03
4.032500e+01	3.250000e+03
4.037500e+01	3.225000e+03
4.042600e+01	3.242000e+03
4.047600e+01	3.203000e+03
4.052600e+01	3.249000e+03
4.057600e+01	3.257000e+03
4.062600e+01	3.257000e+03
4.067600e+01	2.955000e+03
4.072600e+01	2.924000e+03
4.077600e+01	2.979000e+03
4.082600e+01	3.048000e+03
4.087600e+01	3.069000e+03
4.092700e+01	3.083000e+03
4.097600e+01	3.102000e+03
4.102700e+01	3.068000e+03
4.107700e+01	3.147000e+03
4.112700e+01	3.148000e+03
4.117700e+01	3.125000e+03
4.122800e+01	3.129000e+03
4.127800e+01	3.170000e+03
4.132700e+01	3.091000e+03
4.137700e+01	3.177000e+03
4.142800e+01	3.129000e+03
4.147800e+01	3.202000e+03
4.152700e+01	3.128000e+03
4.157800e+01	3.171000e+03
4.162800e+01	3.174000e+03
4.167800e+01	2.872000e+03
4.172800e+01	2.876000e+03
4.177900e+01	2.895000e+03
4.182800e+01	2.979000e+03
4.187900e+01	2.983000e+03
4.192900e+01	2.996000e+03
4.197900e+01	3.045000e+03
4.202900e+01	3.017000e+03
4.207900e+01	2.963000e+03
4.212900e+01	3.057000e+03
4.217900e+01	3.053000e+03
4.222900e+01	3.049000e+03
4.227900e+01	3.045000e+03
4.232900e+01	3.125000e+03
4.237900e+01	3.027000e+03
4.242900e+01	3.079000e+03
4.247900e+01	3.030000e+03
4.253100e+01	3.028000e+03
4.258000e+01	3.135000e+03
4.263000e+01	3.079000e+03
4.268000e+01	2.804000e+03
4.273000e+01	2.755000e+03
4.278000e+01	2.904000e+03
4.283000e+01	2.874000e+03
4.288000e+01	2.976000e+03
4.293100e+01	2.891000e+03
4.298000e+01	3.008000e+03
4.303100e+01	2.937000e+03
4.308100e+01	2.967000e+03
4.313100e+01	2.960000e+03
4.318100e+01	2.993000e+03
4.323100e+01	2.903000e+03
4.328100e+01	2.960000e+03
4.333100e+01	2.929000e+03
4.338200e+01	2.971000e+03
4.343200e+01	2.940000e+03
4.348200e+01	2.982000e+03
4.353200e+01	2.944000e+03
4.358100e+01	2.964000e+03
4.363200e+01	2.996000e+03
4.368200e+01	2.745000e+03
4.373200e+01	2.693000e+03
4.378200e+01	2.740000e+03
4.383200e+01	2.819000e+03
4.388200e+01	2.803000e+03
4.393200e+01	2.842000e+03
4.398200e+01	2.810000e+03
4.403200e+01	2.861000e+03
4.408300e+01	2.813000e+03
4.413300e+01	2.870000e+03
4.418300e+01	2.862000e+03
4.423300e+01	2.917000e+03
4.428300e+01	2.844000e+03
4.433300e+01	2.890000e+03
4.438400e+01	2.833000e+03
4.443400e+01	2.911000e+03
4.448400e+01	2.847000e+03
4.453300e+01	2.879000e+03
4.458400e+01	2.891000e+03
4.463300e+01	2.898000e+03
4.468300e+01	2.585000e+03
4.473500e+01	2.588000e+03
4.478400e+01	2.722000e+03
4.483400e+01	2.760000e+03
4.488400e+01	2.689000e+03
4.493400e+01	2.667000e+03
4.498400e+01	2.738000e+03
4.503400e+01	2.713000e+03
4.508500e+01	2.790000e+03
4.513500e+01	2.753000e+03
4.518500e+01	2.814000e+03
4.523500e+01	2.753000e+03
4.528500e+01	2.819000e+03
4.533500e+01	2.796000e+03
4.538500e+01	2.834000e+03
4.543500e+01	2.838000e+03
4.548500e+01	2.802000e+03
4.553500e+01	2.772000e+03
4.558500e+01	2.829000e+03
4.563500e+01	2.828000e+03
4.568600e+01	2.564000e+03
4.573600e+01	2.534000e+03
4.578500e+01	2.584000e+03
4.583600e+01	2.634000e+03
4.588600e+01	2.617000e+03
4.593600e+01	2.664000e+03
4.598600e+01	2.650000e+03
4.603600e+01	2.668000e+03
4.608700e+01	2.619000e+03
4.613700e+01	2.681000e+03
4.618600e+01	2.735000e+03
4.623600e+01	2.709000e+03
4.628700e+01	2.762000e+03
4.633700e+01	2.725000e+03
4.638700e+01	2.756000e+03
4.643800e+01	2.717000e+03
4.648700e+01	2.741000e+03
4.653700e+01	2.733000e+03
4.658700e+01	2.710000e+03
4.663700e+01	2.714000e+03
4.668700e+01	2.458000e+03
4.673800e+01	2.447000e+03
4.678800e+01	2.553000e+03
4.683800e+01	2.541000e+03
4.688800e+01	2.578000e+03
4.693800e+01	2.605000e+03
4.698800e+01	2.677000e+03
4.703800e+01	2.620000e+03
4.708800e+01	2.673000e+03
4.713900e+01	2.661000e+03
4.718900e+01	2.678000e+03
4.723900e+01	2.680000e+03
4.728900e+01	2.595000e+03
4.733900e+01	2.613000e+03
4.738900e+01	2.634000e+03
4.743900e+01	2.652000e+03
4.748900e+01	2.655000e+03
4.753900e+01	2.705000e+03
4.758900e+01	2.693000e+03
4.763900e+01	2.675000e+03
4.768900e+01	2.365000e+03
4.773900e+01	2.441000e+03
4.779000e+01	2.506000e+03
4.783900e+01	2.540000e+03
4.788900e+01	2.487000e+03
4.794000e+01	2.516000e+03
4.799000e+01	2.576000e+03
4.804100e+01	2.546000e+03
4.809000e+01	2.578000e+03
4.814000e+01	2.503000e+03
4.819000e+01	2.594000e+03
4.824000e+01	2.586000e+03
4.829000e+01	2.567000e+03
4.834000e+01	2.581000e+03
4.839100e+01	2.587000e+03
4.844100e+01	2.612000e+03
4.849100e+01	2.590000e+03
4.854100e+01	2.526000e+03
4.859100e+01	2.581000e+03
4.864100e+01	2.588000e+03
4.869100e+01	2.288000e+03
4.874200e+01	2.396000e+03
4.879100e+01	2.421000e+03
4.884100e+01	2.458000e+03
4.889100e+01	2.419000e+03
4.894200e+01	2.434000e+03
4.899200e+01	2.522000e+03
4.904200e+01	2.487000e+03
4.909200e+01	2.498000e+03
4.914200e+01	2.484000e+03
4.919200e+01	2.509000e+03
4.924200e+01	2.493000e+03
4.929200e+01	2.495000e+03
4.934300e+01	2.537000e+03
4.939200e+01	2.490000e+03
4.944200e+01	2.529000e+03
4.949300e+01	2.541000e+03
4.954300e+01	2.527000e+03
4.959300e+01	2.552000e+03
4.964300e+01	2.512000e+03
4.969300e+01	2.307000e+03
4.974300e+01	2.347000e+03
4.979300e+01	2.353000e+03
4.984400e+01	2.378000e+03
4.989400e+01	2.429000e+03
4.994300e+01	2.447000e+03
4.999300e+01	2.396000e+03
5.004400e+01	2.377000e+03
5.009400e+01	2.443000e+03
5.014300e+01	2.423000e+03
5.019400e+01	2.470000e+03
5.024500e+01	2.453000e+03
5.029400e+01	2.438000e+03
5.034400e+01	2.481000e+03
5.039400e+01	2.466000e+03
5.044400e+01	2.454000e+03
5.049500e+01	2.508000e+03
5.054500e+01	2.466000e+03
5.059500e+01	2.443000e+03
5.064500e+01	2.443000e+03
5.069500e+01	2.180000e+03
5.074600e+01	2.321000e+03
5.079500e+01	2.288000e+03
5.084500e+01	2.349000e+03
5.089600e+01	2.293000e+03
5.094500e+01	2.425000e+03
5.099600e+01	2.393000e+03
5.104600e+01	2.319000e+03
5.109500e+01	2.373000e+03
5.114600e+01	2.332000e+03
5.119600e+01	2.379000e+03
5.124700e+01	2.402000e+03
5.129600e+01	2.357000e+03
5.134600e+01	2.450000e+03
5.139700e+01	2.370000e+03
5.144600e+01	2.400000e+03
5.149700e+01	2.374000e+03
5.154700e+01	2.380000e+03
5.159700e+01	2.436000e+03
5.164600e+01	2.450000e+03
5.169700e+01	2.127000e+03
5.174700e+01	2.203000e+03
5.179700e+01	2.245000e+03
5.184700e+01	2.262000e+03
5.189800e+01	2.300000e+03
5.194800e+01	2.351000e+03
5.199700e+01	2.324000e+03
5.204700e+01	2.287000e+03
5.209800e+01	2.331000e+03
5.214700e+01	2.313000e+03
5.219700e+01	2.387000e+03
5.224800e+01	2.350000e+03
5.229800e+01	2.330000e+03
5.234800e+01	2.366000e+03
5.239900e+01	2.386000e+03
5.244900e+01	2.416000e+03
5.249900e+01	2.384000e+03
5.254800e+01	2.378000e+03
5.259900e+01	2.341000e+03
5.264900e+01	2.406000e+03
5.269900e+01	2.093000e+03
5.274900e+01	2.247000e+03
5.279900e+01	2.217000e+03
5.284900e+01	2.288000e+03
5.289900e+01	2.208000e+03
5.294900e+01	2.278000e+03
5.300000e+01	2.281000e+03
5.304900e+01	2.347000e+03
5.309900e+01	2.294000e+03
5.315000e+01	2.324000e+03
5.320000e+01	2.276000e+03
5.325000e+01	2.296000e+03
5.330000e+01	2.365000e+03
5.335000e+01	2.343000e+03
5.340100e+01	2.355000e+03
5.345000e+01	2.354000e+03
5.350000e+01	2.340000e+03
5.355000e+01	2.306000e+03
5.360100e+01	2.347000e+03
5.365100e+01	2.326000e+03
5.370000e+01	2.089000e+03
5.375100e+01	2.145000e+03
5.380100e+01	2.221000e+03
5.385100e+01	2.230000e+03
5.390100e+01	2.247000e+03
5.395100e+01	2.202000e+03
5.400100e+01	2.245000e+03
5.405100e+01	2.228000e+03
5.410100e+01	2.305000e+03
5.415100e+01	2.331000e+03
5.420100e+01	2.272000e+03
5.425200e+01	2.274000e+03
5.430200e+01	2.275000e+03
5.435200e+01	2.352000e+03
5.440200e+01	2.311000e+03
5.445200e+01	2.289000e+03
5.450200e+01	2.316000e+03
5.455200e+01	2.323000e+03
5.460200e+01	2.323000e+03
5.465200e+01	2.278000e+03
5.470300e+01	2.053000e+03
5.475300e+01	2.193000e+03
5.480300e+01	2.206000e+03
5.485300e+01	2.170000e+03
5.490300e+01	2.242000e+03
5.495300e+01	2.233000e+03
5.500300e+01	2.324000e+03
5.505300e+01	2.204000e+03
5.510300e+01	2.237000e+03
5.515400e+01	2.254000e+03
5.520300e+01	2.291000e+03
5.525400e+01	2.277000e+03
5.530400e+01	2.322000e+03
5.535400e+01	2.276000e+03
5.540400e+01	2.300000e+03
5.545400e+01	2.275000e+03
5.550400e+01	2.301000e+03
5.555500e+01	2.317000e+03
5.560400e+01	2.333000e+03
5.565400e+01	2.259000e+03
5.570500e+01	2.066000e+03
5.575400e+01	2.186000e+03
5.580500e+01	2.223000e+03
5.585500e+01	2.213000e+03
5.590400e+01	2.187000e+03
5.595400e+01	2.268000e+03
5.600500e+01	2.220000e+03
5.605600e+01	2.264000e+03
5.610600e+01	2.260000e+03
5.615500e+01	2.251000e+03
5.620600e+01	2.273000e+03
5.625500e+01	2.277000e+03
5.630600e+01	2.253000e+03
5.635600e+01	2.297000e+03
5.640600e+01	2.337000e+03
5.645600e+01	2.303000e+03
5.650500e+01	2.274000e+03
5.655600e+01	2.240000e+03
5.660600e+01	2.294000e+03
5.665600e+01	2.225000e+03
5.670600e+01	2.107000e+03
5.675600e+01	2.167000e+03
5.680600e+01	2.215000e+03
5.685700e+01	2.161000e+03
5.690700e+01	2.154000e+03
5.695600e+01	2.221000e+03
5.700600e+01	2.253000e+03
5.705700e+01	2.271000e+03
5.710700e+01	2.246000e+03
5.715800e+01	2.233000e+03
5.720700e+01	2.249000e+03
5.725700e+01	2.273000e+03
5.730700e+01	2.289000e+03
5.735800e+01	2.291000e+03
5.740800e+01	2.228000e+03
5.745800e+01	2.252000e+03
5.750800e+01	2.268000e+03
5.755800e+01	2.320000e+03
5.760800e+01	2.295000e+03
5.765800e+01	2.259000e+03
5.770800e+01	2.083000e+03
5.775800e+01	2.198000e+03
5.780800e+01	2.194000e+03
5.785800e+01	2.239000e+03
5.790800e+01	2.225000e+03
5.795900e+01	2.221000e+03
5.800800e+01	2.197000e+03
5.805800e+01	2.248000e+03
5.810900e+01	2.255000e+03
5.816000e+01	2.294000e+03
5.820900e+01	2.304000e+03
5.826000e+01	2.266000e+03
5.830900e+01	2.292000e+03
5.836000e+01	2.306000e+03
5.841000e+01	2.278000e+03
5.845900e+01	2.271000e+03
5.851000e+01	2.304000e+03
5.855900e+01	2.309000e+03
5.861000e+01	2.311000e+03
5.866000e+01	2.242000e+03
5.871000e+01	2.125000e+03
5.876000e+01	2.193000e+03
5.881000e+01	2.231000e+03
5.886100e+01	2.201000e+03
5.891000e+01	2.294000e+03
5.896000e+01	2.272000e+03
5.901100e+01	2.312000e+03
5.906100e+01	2.277000e+03
5.911100e+01	2.264000e+03
5.916100e+01	2.301000e+03
5.921100e+01	2.291000e+03
5.926100e+01	2.318000e+03
5.931100e+01	2.305000e+03
5.936100e+01	2.308000e+03
5.941200e+01	2.318000e+03
5.946200e+01	2.291000e+03
5.951100e+01	2.301000e+03
5.956100e+01	2.331000e+03
5.961200e+01	2.331000e+03
5.966200e+01	2.227000e+03
5.971200e+01	2.140000e+03
5.976100e+01	2.243000e+03
5.981200e+01	2.229000e+03
5.986200e+01	2.230000e+03
5.991300e+01	2.234000e+03
5.996300e+01	2.281000e+03
6.001200e+01	2.307000e+03
6.006300e+01	2.293000e+03
6.011300e+01	2.289000e+03
6.016300e+01	2.291000e+03
6.021200e+01	2.275000e+03
6.026300e+01	2.309000e+03
6.031300e+01	2.324000e+03
6.036300e+01	2.293000e+03
6.041400e+01	2.341000e+03
6.046300e+01	2.251000e+03
6.051300e+01	2.321000e+03
6.056300e+01	2.263000e+03
6.061300e+01	2.371000e+03
6.066400e+01	2.292000e+03
6.071400e+01	2.155000e+03
6.076300e+01	2.275000e+03
6.081400e+01	2.249000e+03
6.086400e+01	2.270000e+03
6.091500e+01	2.264000e+03
6.096400e+01	2.329000e+03
6.101400e+01	2.286000e+03
6.106500e+01	2.312000e+03
6.111400e+01	2.276000e+03
6.116500e+01	2.358000e+03
6.121500e+01	2.332000e+03
6.126500e+01	2.328000e+03
6.131400e+01	2.349000e+03
6.136500e+01	2.334000e+03
6.141500e+01	2.312000e+03
6.146500e+01	2.346000e+03
6.151500e+01	2.330000e+03
6.156500e+01	2.408000e+03
6.161500e+01	2.341000e+03
6.166500e+01	2.298000e+03
6.171500e+01	2.197000e+03
6.176600e+01	2.282000e+03
6.181600e+01	2.340000e+03
6.186600e+01	2.313000e+03
6.191600e+01	2.338000e+03
6.196700e+01	2.342000e+03
6.201600e+01	2.370000e+03
6.206700e+01	2.306000e+03
6.211700e+01	2.377000e+03
6.216700e+01	2.326000e+03
6.221700e+01	2.347000e+03
6.226700e+01	2.339000e+03
6.231600e+01	2.392000e+03
6.236700e+01	2.423000e+03
6.241700e+01	2.422000e+03
6.246700e+01	2.366000e+03
6.251700e+01	2.364000e+03
6.256700e+01	2.371000e+03
6.261700e+01	2.382000e+03
6.266800e+01	2.391000e+03
6.271700e+01	2.257000e+03
6.276800e+01	2.333000e+03
6.281700e+01	2.323000e+03
6.286700e+01	2.302000e+03
6.291700e+01	2.332000e+03
6.296800e+01	2.389000e+03
6.301800e+01	2.338000e+03
6.306800e+01	2.382000e+03
6.311800e+01	2.392000e+03
6.316800e+01	2.383000e+03
6.321900e+01	2.390000e+03
6.326900e+01	2.393000e+03
6.331900e+01	2.376000e+03
6.336900e+01	2.398000e+03
6.341900e+01	2.344000e+03
6.346900e+01	2.391000e+03
6.351900e+01	2.403000e+03
6.356900e+01	2.393000e+03
6.361900e+01	2.452000e+03
6.366900e+01	2.357000e+03
6.372000e+01	2.261000e+03
6.377000e+01	2.307000e+03
6.382000e+01	2.375000e+03
6.387000e+01	2.344000e+03
6.392000e+01	2.352000e+03
6.397000e+01	2.371000e+03
6.402000e+01	2.388000e+03
6.407000e+01	2.341000e+03
6.412100e+01	2.383000e+03
6.417100e+01	2.431000e+03
6.422000e+01	2.408000e+03
6.427100e+01	2.428000e+03
6.432000e+01	2.406000e+03
6.437100e+01	2.421000e+03
6.442100e+01	2.433000e+03
6.447100e+01	2.439000e+03
6.452100e+01	2.421000e+03
6.457100e+01	2.428000e+03
6.462100e+01	2.410000e+03
6.467100e+01	2.376000e+03
6.472100e+01	2.285000e+03
6.477200e+01	2.364000e+03
6.482100e+01	2.401000e+03
6.487100e+01	2.439000e+03
6.492200e+01	2.427000e+03
6.497300e+01	2.382000e+03
6.502200e+01	2.453000e+03
6.507200e+01	2.396000e+03
6.512200e+01	2.454000e+03
6.517300e+01	2.467000e+03
6.522200e+01	2.511000e+03
6.527200e+01	2.403000e+03
6.532200e+01	2.476000e+03
6.537300e+01	2.423000e+03
6.542300e+01	2.463000e+03
6.547200e+01	2.505000e+03
6.552200e+01	2.537000e+03
6.557300e+01	2.441000e+03
6.562300e+01	2.479000e+03
6.567300e+01	2.368000e+03
6.572300e+01	2.398000e+03
6.577300e+01	2.420000e+03
6.582400e+01	2.439000e+03
6.587400e+01	2.430000e+03
6.592300e+01	2.471000e+03
6.597300e+01	2.477000e+03
6.602300e+01	2.519000e+03
6.607300e+01	2.534000e+03
6.612300e+01	2.525000e+03
6.617400e+01	2.550000e+03
6.622400e+01	2.485000e+03
6.627500e+01	2.526000e+03
6.632400e+01	2.516000e+03
6.637400e+01	2.540000e+03
6.642400e+01	2.514000e+03
6.647400e+01	2.468000e+03
6.652400e+01	2.517000e+03
6.657400e+01	2.541000e+03
6.662500e+01	2.558000e+03
6.667500e+01	2.440000e+03
6.672500e+01	2.432000e+03
6.677500e+01	2.426000e+03
6.682600e+01	2.496000e+03
6.687500e+01	2.537000e+03
6.692500e+01	2.552000e+03
6.697500e+01	2.549000e+03
6.702500e+01	2.515000e+03
6.707600e+01	2.483000e+03
6.712500e+01	2.584000e+03
6.717600e+01	2.545000e+03
6.722600e+01	2.560000e+03
6.727600e+01	2.534000e+03
6.732600e+01	2.571000e+03
6.737600e+01	2.535000e+03
6.742700e+01	2.614000e+03
6.747700e+01	2.548000e+03
6.752700e+01	2.563000e+03
6.757700e+01	2.562000e+03
6.762700e+01	2.583000e+03
6.767700e+01	2.454000e+03
6.772700e+01	2.460000e+03
6.777700e+01	2.541000e+03
6.782700e+01	2.571000e+03
6.787800e+01	2.577000e+03
6.792700e+01	2.577000e+03
6.797800e+01	2.571000e+03
6.802800e+01	2.579000e+03
6.807700e+01	2.625000e+03
6.812800e+01	2.608000e+03
6.817800e+01	2.613000e+03
6.822900e+01	2.559000e+03
6.827800e+01	2.601000e+03
6.832800e+01	2.634000e+03
6.837800e+01	2.610000e+03
6.842800e+01	2.612000e+03
6.847900e+01	2.608000e+03
6.852800e+01	2.578000e+03
6.857900e+01	2.693000e+03
6.862900e+01	2.658000e+03
6.867900e+01	2.530000e+03
6.872900e+01	2.565000e+03
6.877900e+01	2.570000e+03
6.882800e+01	2.630000e+03
6.887900e+01	2.586000e+03
6.892900e+01	2.620000e+03
6.897900e+01	2.599000e+03
6.902900e+01	2.644000e+03
6.907900e+01	2.638000e+03
6.913000e+01	2.649000e+03
6.917900e+01	2.608000e+03
6.923000e+01	2.657000e+03
6.927900e+01	2.616000e+03
6.933000e+01	2.632000e+03
6.938000e+01	2.620000e+03
6.943000e+01	2.664000e+03
6.948000e+01	2.672000e+03
6.953000e+01	2.615000e+03
6.958000e+01	2.623000e+03
6.963100e+01	2.633000e+03
6.968000e+01	2.606000e+03
6.973100e+01	2.572000e+03
6.978000e+01	2.629000e+03
6.983000e+01	2.623000e+03
6.988100e+01	2.692000e+03
6.993100e+01	2.670000e+03
6.998100e+01	2.680000e+03
7.003100e+01	2.657000e+03
7.008200e+01	2.688000e+03
7.013100e+01	2.677000e+03
7.018200e+01	2.738000e+03
7.023200e+01	2.712000e+03
7.028200e+01	2.747000e+03
7.033100e+01	2.730000e+03
7.038200e+01	2.712000e+03
7.043200e+01	2.694000e+03
7.048200e+01	2.678000e+03
7.053200e+01	2.739000e+03
7.058300e+01	2.736000e+03
7.063300e+01	2.802000e+03
7.068200e+01	2.617000e+03
7.073300e+01	2.652000e+03
7.078300e+01	2.683000e+03
7.083300e+01	2.723000e+03
7.088200e+01	2.724000e+03
7.093300e+01	2.757000e+03
7.098300e+01	2.757000e+03
7.103300e+01	2.778000e+03
7.108400e+01	2.723000e+03
7.113300e+01	2.761000e+03
7.118300e+01	2.792000e+03
7.123300e+01	2.721000e+03
7.128300e+01	2.788000e+03
7.133400e+01	2.713000e+03
7.138400e+01	2.841000e+03
7.143400e+01	2.765000e+03
7.148400e+01	2.861000e+03
7.153400e+01	2.758000e+03
7.158400e+01	2.795000e+03
7.163400e+01	2.736000e+03
7.168400e+01	2.776000e+03
7.173400e+01	2.731000e+03
7.178400e+01	2.729000e+03
7.183400e+01	2.734000e+03
7.188500e+01	2.760000e+03
7.193500e+01	2.847000e+03
7.198500e+01	2.828000e+03
7.203500e+01	2.831000e+03
7.208600e+01	2.812000e+03
7.213600e+01	2.860000e+03
7.218600e+01	2.805000e+03
7.223500e+01	2.913000e+03
7.228600e+01	2.781000e+03
7.233600e+01	2.834000e+03
7.238600e+01	2.835000e+03
7.243500e+01	2.888000e+03
7.248500e+01	2.809000e+03
7.253600e+01	2.852000e+03
7.258600e+01	2.846000e+03
7.263600e+01	2.853000e+03
7.268700e+01	2.743000e+03
7.273600e+01	2.816000e+03
7.278700e+01	2.830000e+03
7.283600e+01	2.893000e+03
7.288700e+01	2.862000e+03
7.293600e+01	2.924000e+03
7.298700e+01	2.892000e+03
7.303600e+01	2.860000e+03
7.308700e+01	2.934000e+03
7.313800e+01	2.893000e+03
7.318700e+01	2.943000e+03
7.323700e+01	2.917000e+03
7.328700e+01	2.947000e+03
7.333700e+01	2.945000e+03
7.338800e+01	2.918000e+03
7.343800e+01	2.966000e+03
7.348800e+01	2.926000e+03
7.353700e+01	2.904000e+03
7.358800e+01	2.930000e+03
7.363700e+01	2.931000e+03
7.368800e+01	2.840000e+03
7.373900e+01	2.864000e+03
7.378900e+01	2.902000e+03
7.383800e+01	2.933000e+03
7.388900e+01	2.935000e+03
7.393800e+01	2.988000e+03
7.398900e+01	2.947000e+03
7.403800e+01	2.998000e+03
7.408900e+01	2.982000e+03
7.413900e+01	3.023000e+03
7.418900e+01	2.987000e+03
7.423900e+01	2.971000e+03
7.428900e+01	3.003000e+03
7.433900e+01	2.991000e+03
7.438900e+01	2.964000e+03
7.443900e+01	3.003000e+03
7.448900e+01	2.962000e+03
7.453900e+01	2.977000e+03
7.458900e+01	3.007000e+03
7.463900e+01	2.996000e+03
7.469000e+01	2.934000e+03
7.473900e+01	2.906000e+03
7.479000e+01	2.987000e+03
7.484000e+01	2.970000e+03
7.489000e+01	3.055000e+03
7.494100e+01	2.991000e+03
7.499100e+01	3.075000e+03
7.504100e+01	3.064000e+03
7.509100e+01	3.155000e+03
7.514100e+01	3.037000e+03
7.519100e+01	3.129000e+03
7.524100e+01	3.049000e+03
7.529100e+01	3.079000e+03
7.534100e+01	3.068000e+03
7.539200e+01	3.028000e+03
7.544100e+01	3.112000e+03
7.549200e+01	3.088000e+03
7.554200e+01	3.121000e+03
7.559200e+01	3.082000e+03
7.564100e+01	3.111000e+03
7.569200e+01	3.006000e+03
7.574200e+01	3.050000e+03
7.579300e+01	3.045000e+03
7.584200e+01	3.103000e+03
7.589300e+01	3.040000e+03
7.594200e+01	3.137000e+03
7.599200e+01	3.129000e+03
7.604300e+01	3.152000e+03
7.609300e+01	3.118000e+03
7.614200e+01	3.139000e+03
7.619300e+01	3.132000e+03
7.624300e+01	3.152000e+03
7.629300e+01	3.185000e+03
7.634300e+01	3.171000e+03
7.639300e+01	3.182000e+03
7.644300e+01	3.218000e+03
7.649300e+01	3.138000e+03
7.654400e+01	3.184000e+03
7.659400e+01	3.209000e+03
7.664400e+01	3.108000e+03
7.669400e+01	3.051000e+03
7.674400e+01	3.060000e+03
7.679400e+01	3.162000e+03
7.684400e+01	3.206000e+03
7.689400e+01	3.228000e+03
7.694400e+01	3.168000e+03
7.699500e+01	3.181000e+03
7.704400e+01	3.194000e+03
7.709400e+01	3.244000e+03
7.714500e+01	3.243000e+03
7.719500e+01	3.235000e+03
7.724400e+01	3.329000e+03
7.729500e+01	3.241000e+03
7.734500e+01	3.273000e+03
7.739500e+01	3.211000e+03
7.744500e+01	3.316000e+03
7.749500e+01	3.185000e+03
7.754500e+01	3.251000e+03
7.759500e+01	3.226000e+03
7.764600e+01	3.279000e+03
7.769600e+01	3.085000e+03
7.774500e+01	3.170000e+03
7.779600e+01	3.187000e+03
7.784600e+01	3.292000e+03
7.789600e+01	3.257000e+03
7.794600e+01	3.282000e+03
7.799700e+01	3.202000e+03
7.804600e+01	3.313000e+03
7.809600e+01	3.283000e+03
7.814600e+01	3.274000e+03
7.819700e+01	3.312000e+03
7.824700e+01	3.328000e+03
7.829700e+01	3.380000e+03
7.834700e+01	3.279000e+03
7.839700e+01	3.342000e+03
7.844700e+01	3.278000e+03
7.849700e+01	3.302000e+03
7.854700e+01	3.312000e+03
7.859700e+01	3.321000e+03
7.864700e+01	3.331000e+03
7.869800e+01	3.195000e+03
7.874700e+01	3.277000e+03
7.879800e+01	3.309000e+03
7.884800e+01	3.311000e+03
7.889800e+01	3.349000e+03
7.894700e+01	3.335000e+03
7.899800e+01	3.342000e+03
7.904800e+01	3.382000e+03
7.909900e+01	3.320000e+03
7.914800e+01	3.446000e+03
7.919800e+01	3.409000e+03
7.924800e+01	3.363000e+03
7.929900e+01	3.388000e+03
7.934800e+01	3.431000e+03
7.939900e+01	3.364000e+03
7.944900e+01	3.404000e+03
7.949900e+01	3.400000e+03
7.954900e+01	3.393000e+03
7.959900e+01	3.398000e+03
7.965000e+01	3.353000e+03
7.970000e+01	3.259000e+03
7.975000e+01	3.337000e+03
7.980000e+01	3.361000e+03
7.984900e+01	3.370000e+03
7.990000e+01	3.408000e+03
7.995000e+01	3.435000e+03
8.000000e+01	3.400000e+03
8.004900e+01	3.409000e+03
8.010000e+01	3.398000e+03
8.015000e+01	3.394000e+03
8.020000e+01	3.463000e+03
8.025000e+01	3.422000e+03
8.030100e+01	3.471000e+03
8.035100e+01	3.459000e+03
8.040100e+01	3.465000e+03
8.045100e+01	3.497000e+03
8.050100e+01	3.513000e+03
8.055100e+01	3.524000e+03
8.060100e+01	3.469000e+03
8.065100e+01	3.478000e+03
8.070100e+01	3.294000e+03
8.075100e+01	3.429000e+03
8.080100e+01	3.385000e+03
8.085100e+01	3.513000e+03
8.090100e+01	3.439000e+03
8.095200e+01	3.480000e+03
8.100200e+01	3.481000e+03
8.105200e+01	3.482000e+03
8.110200e+01	3.543000e+03
8.115200e+01	3.586000e+03
8.120200e+01	3.502000e+03
8.125200e+01	3.545000e+03
8.130200e+01	3.604000e+03
8.135300e+01	3.534000e+03
8.140300e+01	3.568000e+03
8.145200e+01	3.528000e+03
8.150300e+01	3.524000e+03
8.155300e+01	3.451000e+03
8.160300e+01	3.592000e+03
8.165300e+01	3.518000e+03
8.170300e+01	3.399000e+03
8.175300e+01	3.420000e+03
8.180400e+01	3.473000e+03
8.185400e+01	3.498000e+03
8.190400e+01	3.492000e+03
8.195300e+01	3.566000e+03
8.200400e+01	3.494000e+03
8.205400e+01	3.574000e+03
8.210400e+01	3.580000e+03
8.215400e+01	3.557000e+03
8.220400e+01	3.634000e+03
8.225400e+01	3.650000e+03
8.230400e+01	3.597000e+03
8.235400e+01	3.599000e+03
8.240500e+01	3.564000e+03
8.245500e+01	3.672000e+03
8.250500e+01	3.628000e+03
8.255400e+01	3.697000e+03
8.260500e+01	3.582000e+03
8.265500e+01	3.528000e+03
8.270500e+01	3.414000e+03
8.275500e+01	3.593000e+03
8.280500e+01	3.585000e+03
8.285500e+01	3.556000e+03
8.290500e+01	3.562000e+03
8.295500e+01	3.569000e+03
8.300600e+01	3.601000e+03
8.305500e+01	3.613000e+03
8.310600e+01	3.663000e+03
8.315600e+01	3.633000e+03
8.320600e+01	3.654000e+03
8.325500e+01	3.652000e+03
8.330600e+01	3.667000e+03
8.335600e+01	3.674000e+03
8.340600e+01	3.740000e+03
8.345600e+01	3.672000e+03
8.350600e+01	3.684000e+03
8.355700e+01	3.630000e+03
8.360700e+01	3.679000e+03
8.365600e+01	3.609000e+03
8.370600e+01	3.537000e+03
8.375700e+01	3.506000e+03
8.380700e+01	3.550000e+03
8.385700e+01	3.586000e+03
8.390700e+01	3.616000e+03
8.395700e+01	3.715000e+03
8.400800e+01	3.675000e+03
8.405800e+01	3.665000e+03
8.410800e+01	3.656000e+03
8.415800e+01	3.693000e+03
8.420700e+01	3.756000e+03
8.425800e+01	3.735000e+03
8.430800e+01	3.594000e+03
8.435800e+01	3.666000e+03
8.440800e+01	3.691000e+03
8.445800e+01	3.757000e+03
8.450800e+01	3.715000e+03
8.455900e+01	3.751000e+03
8.460900e+01	3.697000e+03
8.465800e+01	3.751000e+03
8.470900e+01	3.473000e+03
8.475900e+01	3.648000e+03
8.480900e+01	3.633000e+03
8.485900e+01	3.649000e+03
8.490900e+01	3.631000e+03
8.495900e+01	3.707000e+03
8.501000e+01	3.721000e+03
8.505900e+01	3.669000e+03
8.511000e+01	3.777000e+03
8.515900e+01	3.716000e+03
8.521000e+01	3.765000e+03
8.526000e+01	3.694000e+03
8.531000e+01	3.768000e+03
8.536000e+01	3.755000e+03
8.541000e+01	3.798000e+03
8.546000e+01	3.744000e+03
8.551000e+01	3.772000e+03
8.556100e+01	3.708000e+03
8.561100e+01	3.807000e+03
8.566000e+01	3.764000e+03
8.571000e+01	3.510000e+03
8.576000e+01	3.591000e+03
8.581100e+01	3.586000e+03
8.586100e+01	3.679000e+03
8.591100e+01	3.647000e+03
8.596100e+01	3.686000e+03
8.601100e+01	3.643000e+03
8.606100e+01	3.766000e+03
8.611100e+01	3.702000e+03
8.616200e+01	3.700000e+03
8.621200e+01	3.697000e+03
8.626200e+01	3.759000e+03
8.631200e+01	3.727000e+03
8.636200e+01	3.730000e+03
8.641200e+01	3.742000e+03
8.646200e+01	3.824000e+03
8.651200e+01	3.851000e+03
8.656200e+01	3.810000e+03
8.661300e+01	3.750000e+03
8.666200e+01	3.709000e+03
8.671200e+01	3.574000e+03
8.676200e+01	3.645000e+03
8.681200e+01	3.686000e+03
8.686300e+01	3.651000e+03
8.691200e+01	3.726000e+03
8.696300e+01	3.631000e+03
8.701300e+01	3.795000e+03
8.706300e+01	3.693000e+03
8.711300e+01	3.739000e+03
8.716400e+01	3.760000e+03
8.721400e+01	3.744000e+03
8.726300e+01	3.731000e+03
8.731300e+01	3.764000e+03
8.736400e+01	3.751000e+03
8.741400e+01	3.710000e+03
8.746400e+01	3.665000e+03
8.751400e+01	3.671000e+03
8.756400e+01	3.761000e+03
8.761400e+01	3.751000e+03
8.766400e+01	3.749000e+03
8.771400e+01	3.492000e+03
8.776500e+01	3.643000e+03
8.781500e+01	3.582000e+03
8.786500e+01	3.735000e+03
8.791600e+01	3.701000e+03
8.796500e+01	3.772000e+03
8.801500e+01	3.686000e+03
8.806500e+01	3.724000e+03
8.811500e+01	3.748000e+03
8.816500e+01	3.749000e+03
8.821500e+01	3.800000e+03
8.826500e+01	3.741000e+03
8.831600e+01	3.805000e+03
8.836500e+01	3.681000e+03
8.841600e+01	3.802000e+03
8.846600e+01	3.765000e+03
8.851600e+01	3.854000e+03
8.856500e+01	3.737000e+03
8.861600e+01	3.810000e+03
8.866600e+01	3.656000e+03
8.871700e+01	3.559000e+03
8.876600e+01	3.551000e+03
8.881600e+01	3.700000e+03
8.886600e+01	3.589000e+03
8.891700e+01	3.664000e+03
8.896600e+01	3.684000e+03
8.901700e+01	3.701000e+03
8.906700e+01	3.753000e+03
8.911700e+01	3.781000e+03
8.916700e+01	3.783000e+03
8.921700e+01	3.715000e+03
8.926700e+01	3.820000e+03
8.931700e+01	3.806000e+03
8.936700e+01	3.851000e+03
8.941800e+01	3.757000e+03
8.946800e+01	3.837000e+03
8.951700e+01	3.785000e+03
8.956800e+01	3.756000e+03
8.961800e+01	3.765000e+03
8.966800e+01	3.685000e+03
8.971800e+01	3.475000e+03
8.976800e+01	3.584000e+03
8.981800e+01	3.571000e+03
8.986800e+01	3.647000e+03
8.991900e+01	3.723000e+03
8.996900e+01	3.633000e+03
9.001900e+01	3.700000e+03
9.006800e+01	3.742000e+03
9.011900e+01	3.784000e+03
9.016800e+01	3.716000e+03
9.021900e+01	3.786000e+03
9.026900e+01	3.714000e+03
9.031900e+01	3.724000e+03
9.036900e+01	3.719000e+03
9.041900e+01	3.755000e+03
9.046900e+01	3.787000e+03
9.052000e+01	3.745000e+03
9.057000e+01	3.722000e+03
9.062000e+01	3.780000e+03
9.067000e+01	3.644000e+03
9.072000e+01	3.506000e+03
9.077000e+01	3.603000e+03
9.082000e+01	3.613000e+03
9.087000e+01	3.632000e+03
9.092000e+01	3.683000e+03
9.097100e+01	3.745000e+03
9.102100e+01	3.667000e+03
9.107100e+01	3.702000e+03
9.112100e+01	3.752000e+03
9.117100e+01	3.719000e+03
9.122100e+01	3.652000e+03
9.127100e+01	3.787000e+03
9.132100e+01	3.725000e+03
9.137100e+01	3.740000e+03
9.142100e+01	3.759000e+03
9.147100e+01	3.729000e+03
9.152200e+01	3.767000e+03
9.157100e+01	3.782000e+03
9.162100e+01	3.690000e+03
9.167100e+01	3.578000e+03
9.172200e+01	3.474000e+03
9.177200e+01	3.575000e+03
9.182200e+01	3.565000e+03
9.187300e+01	3.603000e+03
9.192200e+01	3.637000e+03
9.197200e+01	3.568000e+03
9.202300e+01	3.662000e+03
9.207300e+01	3.584000e+03
9.212200e+01	3.729000e+03
9.217200e+01	3.651000e+03
9.222300e+01	3.659000e+03
9.227300e+01	3.635000e+03
9.232300e+01	3.692000e+03
9.237300e+01	3.697000e+03
9.242300e+01	3.744000e+03
9.247300e+01	3.710000e+03
9.252300e+01	3.727000e+03
9.257400e+01	3.670000e+03
9.262400e+01	3.720000e+03
9.267400e+01	3.570000e+03
9.272400e+01	3.471000e+03
9.277400e+01	3.578000e+03
9.282400e+01	3.465000e+03
9.287400e+01	3.595000e+03
9.292400e+01	3.552000e+03
9.297400e+01	3.674000e+03
9.302400e+01	3.592000e+03
9.307400e+01	3.634000e+03
9.312500e+01	3.641000e+03
9.317500e+01	3.680000e+03
9.322500e+01	3.679000e+03
9.327400e+01	3.754000e+03
9.332500e+01	3.629000e+03
9.337500e+01	3.586000e+03
9.342500e+01	3.636000e+03
9.347500e+01	3.669000e+03
9.352500e+01	3.684000e+03
9.357600e+01	3.644000e+03
9.362500e+01	3.679000e+03
9.367600e+01	3.440000e+03
9.372600e+01	3.409000e+03
9.377500e+01	3.440000e+03
9.382500e+01	3.570000e+03
9.387600e+01	3.493000e+03
9.392600e+01	3.574000e+03
9.397600e+01	3.534000e+03
9.402600e+01	3.537000e+03
9.407700e+01	3.567000e+03
9.412700e+01	3.648000e+03
9.417600e+01	3.566000e+03
9.422600e+01	3.605000e+03
9.427600e+01	3.558000e+03
9.432600e+01	3.563000e+03
9.437700e+01	3.616000e+03
9.442700e+01	3.534000e+03
9.447700e+01	3.693000e+03
9.452700e+01	3.563000e+03
9.457700e+01	3.637000e+03
9.462800e+01	3.589000e+03
9.467700e+01	3.431000e+03
9.472800e+01	3.350000e+03
9.477700e+01	3.460000e+03
9.482800e+01	3.412000e+03
9.487800e+01	3.451000e+03
9.492800e+01	3.446000e+03
9.497800e+01	3.579000e+03
9.502800e+01	3.525000e+03
9.507800e+01	3.557000e+03
9.512800e+01	3.547000e+03
9.517800e+01	3.537000e+03
9.522800e+01	3.609000e+03
9.527800e+01	3.544000e+03
9.532900e+01	3.607000e+03
9.537900e+01	3.534000e+03
9.542900e+01	3.582000e+03
9.547900e+01	3.612000e+03
9.552900e+01	3.629000e+03
9.557900e+01	3.565000e+03
9.562900e+01	3.567000e+03
9.568000e+01	3.360000e+03
9.573000e+01	3.297000e+03
9.577900e+01	3.405000e+03
9.583000e+01	3.455000e+03
9.588000e+01	3.442000e+03
9.593000e+01	3.474000e+03
9.597900e+01	3.483000e+03
9.603000e+01	3.511000e+03
9.608000e+01	3.515000e+03
9.613000e+01	3.550000e+03
9.618000e+01	3.505000e+03
9.623000e+01	3.521000e+03
9.628100e+01	3.522000e+03
9.633000e+01	3.572000e+03
9.638000e+01	3.528000e+03
9.643000e+01	3.542000e+03
9.648000e+01	3.549000e+03
9.653000e+01	3.531000e+03
9.658100e+01	3.476000e+03
9.663100e+01	3.521000e+03
9.668100e+01	3.359000e+03
9.673100e+01	3.227000e+03
9.678100e+01	3.365000e+03
9.683100e+01	3.377000e+03
9.688100e+01	3.378000e+03
9.693100e+01	3.408000e+03
9.698100e+01	3.346000e+03
9.703100e+01	3.429000e+03
9.708200e+01	3.432000e+03
9.713200e+01	3.483000e+03
9.718200e+01	3.441000e+03
9.723200e+01	3.514000e+03
9.728200e+01	3.493000e+03
9.733300e+01	3.438000e+03
9.738200e+01	3.511000e+03
9.743300e+01	3.457000e+03
9.748300e+01	3.542000e+03
9.753300e+01	3.514000e+03
9.758300e+01	3.439000e+03
9.763300e+01	3.419000e+03
9.768400e+01	3.210000e+03
9.773300e+01	3.196000e+03
9.778300e+01	3.330000e+03
9.783300e+01	3.315000e+03
9.788300e+01	3.387000e+03
9.793300e+01	3.318000e+03
9.798300e+01	3.356000e+03
9.803400e+01	3.384000e+03
9.808400e+01	3.435000e+03
9.813400e+01	3.416000e+03
9.818400e+01	3.363000e+03
9.823400e+01	3.294000e+03
9.828400e+01	3.394000e+03
9.833500e+01	3.397000e+03
9.838400e+01	3.457000e+03
9.843500e+01	3.491000e+03
9.848400e+01	3.415000e+03
9.853500e+01	3.400000e+03
9.858400e+01	3.338000e+03
9.863400e+01	3.481000e+03
9.868500e+01	3.145000e+03
9.873600e+01	3.161000e+03
9.878500e+01	3.171000e+03
9.883500e+01	3.206000e+03
9.888500e+01	3.240000e+03
9.893600e+01	3.286000e+03
9.898500e+01	3.312000e+03
9.903600e+01	3.312000e+03
9.908600e+01	3.316000e+03
9.913500e+01	3.320000e+03
9.918600e+01	3.296000e+03
9.923500e+01	3.393000e+03
9.928600e+01	3.298000e+03
9.933600e+01	3.368000e+03
9.938600e+01	3.271000e+03
9.943600e+01	3.276000e+03
9.948600e+01	3.380000e+03
9.953700e+01	3.331000e+03
9.958600e+01	3.354000e+03
9.963700e+01	3.286000e+03
9.968600e+01	3.058000e+03
9.973600e+01	3.091000e+03
9.978700e+01	3.167000e+03
9.983700e+01	3.171000e+03
9.988700e+01	3.168000e+03
9.993700e+01	3.149000e+03
9.998700e+01	3.205000e+03
1.000370e+02	3.167000e+03
1.000870e+02	3.245000e+03
1.001380e+02	3.258000e+03
1.001880e+02	3.251000e+03
1.002370e+02	3.290000e+03
1.002870e+02	3.258000e+03
1.003380e+02	3.274000e+03
1.003880e+02	3.292000e+03
1.004380e+02	3.273000e+03
1.004880e+02	3.243000e+03
1.005380e+02	3.236000e+03
1.005880e+02	3.274000e+03
1.006390e+02	3.236000e+03
1.006890e+02	2.959000e+03
1.007380e+02	3.014000e+03
1.007890e+02	3.088000e+03
1.008380e+02	3.131000e+03
1.008890e+02	3.151000e+03
1.009390e+02	3.179000e+03
1.009880e+02	3.108000e+03
1.010390e+02	3.161000e+03
1.010890e+02	3.169000e+03
1.011400e+02	3.159000e+03
1.011900e+02	3.165000e+03
1.012400e+02	3.173000e+03
1.012900e+02	3.229000e+03
1.013400e+02	3.205000e+03
1.013890e+02	3.175000e+03
1.014400e+02	3.213000e+03
1.014900e+02	3.253000e+03
1.015400e+02	3.219000e+03
1.015900e+02	3.213000e+03
1.016400e+02	3.155000e+03
1.016910e+02	2.903000e+03
1.017400e+02	2.980000e+03
1.017900e+02	3.025000e+03
1.018410e+02	3.085000e+03
1.018910e+02	3.011000e+03
1.019410e+02	3.076000e+03
1.019910e+02	3.066000e+03
1.020410e+02	3.060000e+03
1.020910e+02	3.131000e+03
1.021410e+02	3.138000e+03
1.021920e+02	3.094000e+03
1.022420e+02	3.114000e+03
1.022920e+02	3.173000e+03
1.023420e+02	3.170000e+03
1.023920e+02	3.047000e+03
1.024420e+02	3.121000e+03
1.024920e+02	3.060000e+03
1.025420e+02	3.169000e+03
1.025920e+02	3.139000e+03
1.026420e+02	3.142000e+03
1.026920e+02	2.863000e+03
1.027430e+02	2.897000e+03
1.027930e+02	2.992000e+03
1.028430e+02	2.975000e+03
1.028920e+02	3.046000e+03
1.029430e+02	3.030000e+03
1.029930e+02	2.970000e+03
1.030430e+02	2.935000e+03
1.030930e+02	3.023000e+03
1.031430e+02	3.035000e+03
1.031930e+02	3.123000e+03
1.032430e+02	3.016000e+03
1.032930e+02	3.072000e+03
1.033430e+02	3.050000e+03
1.033930e+02	3.071000e+03
1.034430e+02	3.102000e+03
1.034940e+02	3.126000e+03
1.035440e+02	3.162000e+03
1.035940e+02	3.010000e+03
1.036430e+02	3.037000e+03
1.036940e+02	2.778000e+03
1.037450e+02	2.888000e+03
1.037940e+02	2.888000e+03
1.038450e+02	2.835000e+03
1.038950e+02	2.886000e+03
1.039440e+02	2.958000e+03
1.039940e+02	2.931000e+03
1.040450e+02	2.986000e+03
1.040950e+02	2.982000e+03
1.041450e+02	2.996000e+03
1.041950e+02	2.960000e+03
1.042450e+02	2.942000e+03
1.042950e+02	3.000000e+03
1.043460e+02	3.037000e+03
1.043950e+02	3.042000e+03
1.044450e+02	3.007000e+03
1.044950e+02	2.987000e+03
1.045460e+02	3.039000e+03
1.045960e+02	3.017000e+03
1.046460e+02	3.004000e+03
1.046960e+02	2.740000e+03
1.047460e+02	2.737000e+03
1.047960e+02	2.813000e+03
1.048460e+02	2.775000e+03
1.048960e+02	2.934000e+03
1.049460e+02	2.861000e+03
1.049970e+02	2.921000e+03
1.050460e+02	2.876000e+03
1.050970e+02	2.893000e+03
1.051480e+02	2.918000e+03
1.051970e+02	2.953000e+03
1.052470e+02	2.943000e+03
1.052970e+02	2.931000e+03
1.053470e+02	2.946000e+03
1.053980e+02	2.867000e+03
1.054470e+02	2.918000e+03
1.054970e+02	2.982000e+03
1.055480e+02	2.924000e+03
1.055980e+02	2.918000e+03
1.056480e+02	2.926000e+03
1.056980e+02	2.590000e+03
1.057480e+02	2.729000e+03
1.057980e+02	2.729000e+03
1.058480e+02	2.769000e+03
1.058990e+02	2.748000e+03
1.059480e+02	2.779000e+03
1.059990e+02	2.789000e+03
1.060490e+02	2.836000e+03
1.060980e+02	2.805000e+03
1.061490e+02	2.858000e+03
1.061990e+02	2.807000e+03
1.062490e+02	2.880000e+03
1.062990e+02	2.842000e+03
1.063490e+02	2.832000e+03
1.063990e+02	2.873000e+03
1.064500e+02	2.873000e+03
1.064990e+02	2.905000e+03
1.065500e+02	2.870000e+03
1.066000e+02	2.843000e+03
1.066490e+02	2.813000e+03
1.067000e+02	2.597000e+03
1.067500e+02	2.637000e+03
1.067990e+02	2.691000e+03
1.068500e+02	2.714000e+03
1.069000e+02	2.751000e+03
1.069500e+02	2.744000e+03
1.070000e+02	2.772000e+03
1.070510e+02	2.731000e+03
1.071000e+02	2.757000e+03
1.071500e+02	2.792000e+03
1.072000e+02	2.778000e+03
1.072500e+02	2.811000e+03
1.073000e+02	2.777000e+03
1.073520e+02	2.808000e+03
1.074010e+02	2.794000e+03
1.074510e+02	2.798000e+03
1.075010e+02	2.784000e+03
1.075520e+02	2.791000e+03
1.076020e+02	2.776000e+03
1.076510e+02	2.759000e+03
1.077020e+02	2.484000e+03
1.077520e+02	2.622000e+03
1.078010e+02	2.612000e+03
1.078520e+02	2.639000e+03
1.079020e+02	2.618000e+03
1.079520e+02	2.667000e+03
1.080020e+02	2.700000e+03
1.080520e+02	2.673000e+03
1.081030e+02	2.649000e+03
1.081530e+02	2.684000e+03
1.082020e+02	2.721000e+03
1.082530e+02	2.663000e+03
1.083020e+02	2.752000e+03
1.083530e+02	2.680000e+03
1.084030e+02	2.656000e+03
1.084540e+02	2.667000e+03
1.085030e+02	2.736000e+03
1.085530e+02	2.757000e+03
1.086030e+02	2.799000e+03
1.086530e+02	2.649000e+03
1.087040e+02	2.417000e+03
1.087540e+02	2.519000e+03
1.088040e+02	2.538000e+03
1.088540e+02	2.596000e+03
1.089030e+02	2.584000e+03
1.089540e+02	2.569000e+03
1.090040e+02	2.553000e+03
1.090540e+02	2.592000e+03
1.091050e+02	2.591000e+03
1.091550e+02	2.681000e+03
1.092040e+02	2.638000e+03
1.092550e+02	2.609000e+03
1.093040e+02	2.590000e+03
1.093540e+02	2.629000e+03
1.094050e+02	2.588000e+03
1.094540e+02	2.716000e+03
1.095040e+02	2.693000e+03
1.095560e+02	2.654000e+03
1.096050e+02	2.616000e+03
1.096550e+02	2.647000e+03
1.097060e+02	2.417000e+03
1.097560e+02	2.483000e+03
1.098050e+02	2.497000e+03
1.098560e+02	2.510000e+03
1.099060e+02	2.569000e+03
1.099550e+02	2.565000e+03
1.100050e+02	2.552000e+03
1.100560e+02	2.521000e+03
1.101060e+02	2.567000e+03
1.101560e+02	2.559000e+03
1.102060e+02	2.591000e+03
1.102560e+02	2.529000e+03
1.103060e+02	2.593000e+03
1.103570e+02	2.542000e+03
1.104070e+02	2.567000e+03
1.104570e+02	2.594000e+03
1.105060e+02	2.589000e+03
1.105570e+02	2.590000e+03
1.106070e+02	2.612000e+03
1.106580e+02	2.543000e+03
1.107070e+02	2.307000e+03
1.107570e+02	2.436000e+03
1.108070e+02	2.426000e+03
1.108570e+02	2.482000e+03
1.109070e+02	2.483000e+03
1.109570e+02	2.458000e+03
1.110070e+02	2.456000e+03
1.110590e+02	2.514000e+03
1.111080e+02	2.531000e+03
1.111580e+02	2.569000e+03
1.112090e+02	2.468000e+03
1.112580e+02	2.534000e+03
1.113090e+02	2.483000e+03
1.113590e+02	2.520000e+03
1.114090e+02	2.519000e+03
1.114590e+02	2.532000e+03
1.115090e+02	2.508000e+03
1.115590e+02	2.510000e+03
1.116080e+02	2.540000e+03
1.116590e+02	2.514000e+03
1.117090e+02	2.288000e+03
1.117590e+02	2.334000e+03
1.118100e+02	2.393000e+03
1.118590e+02	2.419000e+03
1.119100e+02	2.458000e+03
1.119600e+02	2.446000e+03
1.120100e+02	2.477000e+03
1.120600e+02	2.380000e+03
1.121100e+02	2.459000e+03
1.121610e+02	2.477000e+03
1.122100e+02	2.488000e+03
1.122600e+02	2.472000e+03
1.123100e+02	2.437000e+03
1.123610e+02	2.471000e+03
1.124110e+02	2.492000e+03
1.124610e+02	2.510000e+03
1.125100e+02	2.484000e+03
1.125600e+02	2.538000e+03
1.126100e+02	2.450000e+03
1.126610e+02	2.418000e+03
1.127110e+02	2.203000e+03
1.127610e+02	2.319000e+03
1.128110e+02	2.331000e+03
1.128610e+02	2.414000e+03
1.129120e+02	2.409000e+03
1.129620e+02	2.417000e+03
1.130110e+02	2.370000e+03
1.130620e+02	2.382000e+03
1.131110e+02	2.459000e+03
1.131620e+02	2.414000e+03
1.132120e+02	2.375000e+03
1.132620e+02	2.399000e+03
1.133120e+02	2.457000e+03
1.133620e+02	2.447000e+03
1.134130e+02	2.442000e+03
1.134630e+02	2.388000e+03
1.135120e+02	2.451000e+03
1.135630e+02	2.427000e+03
1.136120e+02	2.437000e+03
1.136630e+02	2.348000e+03
1.137130e+02	2.240000e+03
1.137630e+02	2.228000e+03
1.138130e+02	2.272000e+03
1.138630e+02	2.316000e+03
1.139130e+02	2.330000e+03
1.139640e+02	2.354000e+03
1.140140e+02	2.393000e+03
1.140630e+02	2.343000e+03
1.141140e+02	2.378000e+03
1.141640e+02	2.404000e+03
1.142140e+02	2.367000e+03
1.142640e+02	2.418000e+03
1.143140e+02	2.382000e+03
1.143640e+02	2.370000e+03
1.144140e+02	2.351000e+03
1.144640e+02	2.446000e+03
1.145140e+02	2.408000e+03
1.145650e+02	2.406000e+03
1.146140e+02	2.431000e+03
1.146650e+02	2.308000e+03
1.147140e+02	2.170000e+03
1.147640e+02	2.269000e+03
1.148150e+02	2.302000e+03
1.148650e+02	2.266000e+03
1.149150e+02	2.284000e+03
1.149650e+02	2.258000e+03
1.150150e+02	2.280000e+03
1.150660e+02	2.351000e+03
1.151160e+02	2.329000e+03
1.151660e+02	2.333000e+03
1.152150e+02	2.365000e+03
1.152660e+02	2.349000e+03
1.153160e+02	2.343000e+03
1.153650e+02	2.370000e+03
1.154160e+02	2.372000e+03
1.154660e+02	2.331000e+03
1.155160e+02	2.374000e+03
1.155660e+02	2.366000e+03
1.156160e+02	2.372000e+03
1.156670e+02	2.286000e+03
1.157170e+02	2.125000e+03
1.157670e+02	2.219000e+03
1.158170e+02	2.210000e+03
1.158670e+02	2.259000e+03
1.159180e+02	2.299000e+03
1.159670e+02	2.339000e+03
1.160170e+02	2.260000e+03
1.160670e+02	2.289000e+03
1.161170e+02	2.279000e+03
1.161680e+02	2.347000e+03
1.162180e+02	2.269000e+03
1.162680e+02	2.355000e+03
1.163180e+02	2.282000e+03
1.163680e+02	2.345000e+03
1.164180e+02	2.316000e+03
1.164680e+02	2.351000e+03
1.165190e+02	2.314000e+03
1.165680e+02	2.374000e+03
1.166180e+02	2.310000e+03
1.166690e+02	2.271000e+03
1.167190e+02	2.123000e+03
1.167690e+02	2.196000e+03
1.168190e+02	2.228000e+03
1.168690e+02	2.194000e+03
1.169190e+02	2.260000e+03
1.169700e+02	2.187000e+03
1.170190e+02	2.260000e+03
1.170690e+02	2.263000e+03
1.171190e+02	2.274000e+03
1.171700e+02	2.276000e+03
1.172200e+02	2.264000e+03
1.172700e+02	2.281000e+03
1.173190e+02	2.302000e+03
1.173690e+02	2.263000e+03
1.174200e+02	2.264000e+03
1.174700e+02	2.278000e+03
1.175200e+02	2.303000e+03
1.175700e+02	2.296000e+03
1.176200e+02	2.259000e+03
1.176710e+02	2.236000e+03
1.177200e+02	2.068000e+03
1.177700e+02	2.202000e+03
1.178210e+02	2.144000e+03
1.178710e+02	2.228000e+03
1.179210e+02	2.209000e+03
1.179710e+02	2.270000e+03
1.180210e+02	2.231000e+03
1.180710e+02	2.259000e+03
1.181210e+02	2.244000e+03
1.181710e+02	2.273000e+03
1.182220e+02	2.242000e+03
1.182720e+02	2.297000e+03
1.183220e+02	2.315000e+03
1.183720e+02	2.264000e+03
1.184210e+02	2.285000e+03
1.184720e+02	2.257000e+03
1.185220e+02	2.288000e+03
1.185720e+02	2.254000e+03
1.186220e+02	2.251000e+03
1.186730e+02	2.211000e+03
1.187230e+02	2.112000e+03
1.187730e+02	2.173000e+03
1.188220e+02	2.169000e+03
1.188720e+02	2.170000e+03
1.189230e+02	2.171000e+03
1.189730e+02	2.224000e+03
1.190230e+02	2.235000e+03
1.190730e+02	2.229000e+03
1.191230e+02	2.253000e+03
1.191740e+02	2.228000e+03
1.192230e+02	2.188000e+03
1.192730e+02	2.274000e+03
1.193230e+02	2.243000e+03
1.193740e+02	2.333000e+03
1.194240e+02	2.206000e+03
1.194740e+02	2.260000e+03
1.195240e+02	2.247000e+03
1.195740e+02	2.282000e+03
1.196240e+02	2.288000e+03
1.196740e+02	2.139000e+03
1.197240e+02	2.126000e+03
1.197740e+02	2.186000e+03
1.198240e+02	2.213000e+03
1.198740e+02	2.224000e+03
1.199250e+02	2.210000e+03
1.199750e+02	2.224000e+03
1.200250e+02	2.219000e+03
1.200740e+02	2.197000e+03
1.201250e+02	2.267000e+03
1.201760e+02	2.270000e+03
1.202250e+02	2.302000e+03
1.202750e+02	2.293000e+03
1.203250e+02	2.258000e+03
1.203750e+02	2.202000e+03
1.204260e+02	2.251000e+03
1.204760e+02	2.253000e+03
1.205260e+02	2.262000e+03
1.205760e+02	2.237000e+03
1.206250e+02	2.248000e+03
1.206760e+02	2.161000e+03
1.207260e+02	2.146000e+03
1.207760e+02	2.139000e+03
1.208260e+02	2.169000e+03
1.208760e+02	2.251000e+03
1.209260e+02	2.224000e+03
1.209770e+02	2.230000e+03
1.210260e+02	2.238000e+03
1.210770e+02	2.235000e+03
1.211270e+02	2.232000e+03
1.211770e+02	2.246000e+03
1.212270e+02	2.222000e+03
1.212770e+02	2.302000e+03
1.213270e+02	2.247000e+03
1.213770e+02	2.251000e+03
1.214270e+02	2.252000e+03
1.214770e+02	2.291000e+03
1.215270e+02	2.273000e+03
1.215780e+02	2.304000e+03
1.216280e+02	2.285000e+03
1.216780e+02	2.139000e+03
1.217280e+02	2.125000e+03
1.217780e+02	2.213000e+03
1.218280e+02	2.215000e+03
1.218790e+02	2.294000e+03
1.219280e+02	2.260000e+03
1.219780e+02	2.253000e+03
1.220290e+02	2.228000e+03
1.220780e+02	2.257000e+03
1.221290e+02	2.272000e+03
1.221790e+02	2.228000e+03
1.222290e+02	2.262000e+03
1.222780e+02	2.273000e+03
1.223290e+02	2.332000e+03
1.223790e+02	2.276000e+03
1.224290e+02	2.306000e+03
1.224790e+02	2.281000e+03
1.225300e+02	2.296000e+03
1.225800e+02	2.282000e+03
1.226290e+02	2.273000e+03
1.226800e+02	2.216000e+03
1.227300e+02	2.165000e+03
1.227800e+02	2.179000e+03
1.228300e+02	2.247000e+03
1.228800e+02	2.227000e+03
1.229300e+02	2.238000e+03
1.229800e+02	2.287000e+03
1.230300e+02	2.242000e+03
1.230800e+02	2.277000e+03
1.231300e+02	2.235000e+03
1.231810e+02	2.301000e+03
1.232300e+02	2.268000e+03
1.232810e+02	2.316000e+03
1.233300e+02	2.275000e+03
1.233810e+02	2.278000e+03
1.234310e+02	2.283000e+03
1.234820e+02	2.296000e+03
1.235310e+02	2.319000e+03
1.235820e+02	2.351000e+03
1.236320e+02	2.312000e+03
1.236820e+02	2.161000e+03
1.237320e+02	2.184000e+03
1.237810e+02	2.243000e+03
1.238320e+02	2.287000e+03
1.238820e+02	2.260000e+03
1.239320e+02	2.236000e+03
1.239810e+02	2.171000e+03
1.240330e+02	2.307000e+03
1.240820e+02	2.299000e+03
1.241330e+02	2.319000e+03
1.241830e+02	2.319000e+03
1.242330e+02	2.281000e+03
1.242830e+02	2.266000e+03
1.243320e+02	2.318000e+03
1.243830e+02	2.329000e+03
1.244330e+02	2.375000e+03
1.244830e+02	2.334000e+03
1.245330e+02	2.331000e+03
1.245830e+02	2.320000e+03
1.246330e+02	2.357000e+03
1.246830e+02	2.230000e+03
1.247340e+02	2.217000e+03
1.247840e+02	2.269000e+03
1.248340e+02	2.252000e+03
1.248840e+02	2.322000e+03
1.249340e+02	2.288000e+03
1.249840e+02	2.319000e+03
1.250350e+02	2.319000e+03
1.250840e+02	2.339000e+03
1.251340e+02	2.321000e+03
1.251850e+02	2.335000e+03
1.252340e+02	2.343000e+03
1.252840e+02	2.367000e+03
1.253350e+02	2.333000e+03
1.253840e+02	2.307000e+03
1.254340e+02	2.360000e+03
1.254850e+02	2.273000e+03
1.255350e+02	2.347000e+03
1.255850e+02	2.285000e+03
1.256350e+02	2.387000e+03
1.256860e+02	2.233000e+03
1.257360e+02	2.287000e+03
1.257860e+02	2.257000e+03
1.258360e+02	2.303000e+03
1.258860e+02	2.284000e+03
1.259360e+02	2.286000e+03
1.259860e+02	2.367000e+03
1.260350e+02	2.331000e+03
1.260860e+02	2.401000e+03
1.261360e+02	2.336000e+03
1.261860e+02	2.392000e+03
1.262360e+02	2.325000e+03
1.262860e+02	2.366000e+03
1.263370e+02	2.379000e+03
1.263870e+02	2.356000e+03
1.264370e+02	2.358000e+03
1.264870e+02	2.401000e+03
1.265370e+02	2.337000e+03
1.265870e+02	2.424000e+03
1.266370e+02	2.397000e+03
1.266870e+02	2.345000e+03
1.267380e+02	2.281000e+03
1.267880e+02	2.331000e+03
1.268380e+02	2.388000e+03
1.268880e+02	2.386000e+03
1.269380e+02	2.352000e+03
1.269880e+02	2.360000e+03
1.270370e+02	2.397000e+03
1.270880e+02	2.388000e+03
1.271370e+02	2.390000e+03
1.271890e+02	2.428000e+03
1.272380e+02	2.433000e+03
1.272880e+02	2.423000e+03
1.273380e+02	2.440000e+03
1.273880e+02	2.397000e+03
1.274380e+02	2.425000e+03
1.274890e+02	2.403000e+03
1.275380e+02	2.428000e+03
1.275890e+02	2.425000e+03
1.276380e+02	2.402000e+03
1.276890e+02	2.254000e+03
1.277390e+02	2.305000e+03
1.277890e+02	2.416000e+03
1.278390e+02	2.432000e+03
1.278900e+02	2.400000e+03
1.279390e+02	2.407000e+03
1.279900e+02	2.385000e+03
1.280400e+02	2.390000e+03
1.280900e+02	2.456000e+03
1.281400e+02	2.392000e+03
1.281900e+02	2.428000e+03
1.282400e+02	2.420000e+03
1.282900e+02	2.455000e+03
1.283400e+02	2.452000e+03
1.283900e+02	2.492000e+03
1.284400e+02	2.468000e+03
1.284900e+02	2.411000e+03
1.285400e+02	2.459000e+03
1.285900e+02	2.472000e+03
1.286410e+02	2.486000e+03
1.286910e+02	2.387000e+03
1.287410e+02	2.397000e+03
1.287910e+02	2.403000e+03
1.288410e+02	2.432000e+03
1.288910e+02	2.497000e+03
1.289410e+02	2.500000e+03
1.289910e+02	2.465000e+03
1.290410e+02	2.487000e+03
1.290920e+02	2.526000e+03
1.291420e+02	2.525000e+03
1.291920e+02	2.517000e+03
1.292420e+02	2.581000e+03
1.292920e+02	2.542000e+03
1.293420e+02	2.504000e+03
1.293920e+02	2.475000e+03
1.294430e+02	2.536000e+03
1.294930e+02	2.536000e+03
1.295430e+02	2.533000e+03
1.295930e+02	2.512000e+03
1.296420e+02	2.488000e+03
1.296930e+02	2.425000e+03
1.297420e+02	2.445000e+03
1.297920e+02	2.490000e+03
1.298430e+02	2.513000e+03
1.298940e+02	2.495000e+03
1.299430e+02	2.474000e+03
1.299930e+02	2.535000e+03
1.300430e+02	2.571000e+03
1.300930e+02	2.593000e+03
1.301440e+02	2.556000e+03
1.301940e+02	2.550000e+03
1.302430e+02	2.577000e+03
1.302940e+02	2.571000e+03
1.303440e+02	2.571000e+03
1.303950e+02	2.591000e+03
1.304440e+02	2.573000e+03
1.304950e+02	2.597000e+03
1.305450e+02	2.589000e+03
1.305950e+02	2.573000e+03
1.306440e+02	2.629000e+03
1.306940e+02	2.465000e+03
1.307440e+02	2.534000e+03
1.307950e+02	2.518000e+03
1.308450e+02	2.577000e+03
1.308950e+02	2.600000e+03
1.309450e+02	2.592000e+03
1.309950e+02	2.564000e+03
1.310450e+02	2.602000e+03
1.310960e+02	2.607000e+03
1.311450e+02	2.586000e+03
1.311960e+02	2.641000e+03
1.312460e+02	2.630000e+03
1.312960e+02	2.610000e+03
1.313460e+02	2.616000e+03
1.313960e+02	2.640000e+03
1.314460e+02	2.677000e+03
1.314960e+02	2.677000e+03
1.315460e+02	2.616000e+03
1.315960e+02	2.707000e+03
1.316470e+02	2.662000e+03
1.316970e+02	2.555000e+03
1.317470e+02	2.547000e+03
1.317970e+02	2.614000e+03
1.318470e+02	2.606000e+03
1.318970e+02	2.651000e+03
1.319470e+02	2.616000e+03
1.319970e+02	2.664000e+03
1.320470e+02	2.661000e+03
1.320980e+02	2.668000e+03
1.321470e+02	2.652000e+03
1.321970e+02	2.661000e+03
1.322470e+02	2.649000e+03
1.322980e+02	2.666000e+03
1.323480e+02	2.677000e+03
1.323980e+02	2.672000e+03
1.324480e+02	2.665000e+03
1.324980e+02	2.656000e+03
1.325480e+02	2.729000e+03
1.325990e+02	2.680000e+03
1.326490e+02	2.727000e+03
1.326980e+02	2.598000e+03
1.327480e+02	2.593000e+03
1.327990e+02	2.689000e+03
1.328490e+02	2.701000e+03
1.328990e+02	2.727000e+03
1.329490e+02	2.678000e+03
1.329990e+02	2.699000e+03
1.330490e+02	2.620000e+03
1.330990e+02	2.742000e+03
1.331490e+02	2.691000e+03
1.332000e+02	2.776000e+03
1.332500e+02	2.751000e+03
1.333000e+02	2.754000e+03
1.333500e+02	2.711000e+03
1.334000e+02	2.772000e+03
1.334500e+02	2.742000e+03
1.335000e+02	2.814000e+03
1.335500e+02	2.728000e+03
1.336000e+02	2.786000e+03
1.336500e+02	2.775000e+03
1.337010e+02	2.706000e+03
1.337500e+02	2.739000e+03
1.338010e+02	2.721000e+03
1.338500e+02	2.803000e+03
1.339000e+02	2.700000e+03
1.339510e+02	2.807000e+03
1.340010e+02	2.718000e+03
1.340510e+02	2.839000e+03
1.341010e+02	2.813000e+03
1.341510e+02	2.776000e+03
1.342010e+02	2.749000e+03
1.342510e+02	2.837000e+03
1.343020e+02	2.807000e+03
1.343510e+02	2.845000e+03
1.344020e+02	2.851000e+03
1.344520e+02	2.842000e+03
1.345020e+02	2.818000e+03
1.345510e+02	2.849000e+03
1.346020e+02	2.853000e+03
1.346520e+02	2.817000e+03
1.347020e+02	2.721000e+03
1.347520e+02	2.723000e+03
1.348020e+02	2.812000e+03
1.348520e+02	2.824000e+03
1.349030e+02	2.895000e+03
1.349530e+02	2.855000e+03
1.350020e+02	2.850000e+03
1.350520e+02	2.818000e+03
1.351030e+02	2.856000e+03
1.351530e+02	2.863000e+03
1.352030e+02	2.881000e+03
1.352530e+02	2.857000e+03
1.353030e+02	2.871000e+03
1.353530e+02	2.808000e+03
1.354030e+02	2.869000e+03
1.354530e+02	2.923000e+03
1.355040e+02	2.879000e+03
1.355540e+02	2.918000e+03
1.356040e+02	2.850000e+03
1.356540e+02	2.917000e+03
1.357040e+02	2.760000e+03
1.357540e+02	2.809000e+03
1.358040e+02	2.855000e+03
1.358540e+02	2.893000e+03
1.359040e+02	2.846000e+03
1.359550e+02	2.930000e+03
1.360040e+02	2.904000e+03
1.360540e+02	2.973000e+03
1.361050e+02	2.926000e+03
1.361550e+02	2.969000e+03
1.362050e+02	2.957000e+03
1.362550e+02	2.951000e+03
1.363050e+02	2.981000e+03
1.363550e+02	2.922000e+03
1.364060e+02	2.977000e+03
1.364550e+02	2.943000e+03
1.365060e+02	2.932000e+03
1.365550e+02	2.912000e+03
1.366060e+02	2.996000e+03
1.366560e+02	3.019000e+03
1.367060e+02	2.865000e+03
1.367560e+02	2.871000e+03
1.368060e+02	2.993000e+03
1.368560e+02	2.934000e+03
1.369070e+02	3.006000e+03
1.369560e+02	2.953000e+03
1.370060e+02	2.948000e+03
1.370570e+02	2.997000e+03
1.371070e+02	2.977000e+03
1.371570e+02	2.989000e+03
1.372070e+02	2.999000e+03
1.372570e+02	3.006000e+03
1.373070e+02	3.037000e+03
1.373570e+02	3.029000e+03
1.374070e+02	3.017000e+03
1.374570e+02	3.046000e+03
1.375080e+02	3.018000e+03
1.375580e+02	3.064000e+03
1.376070e+02	2.981000e+03
1.376580e+02	3.039000e+03
1.377080e+02	2.930000e+03
1.377580e+02	2.958000e+03
1.378080e+02	2.944000e+03
1.378590e+02	2.995000e+03
1.379090e+02	3.034000e+03
1.379580e+02	3.054000e+03
1.380080e+02	3.043000e+03
1.380580e+02	3.020000e+03
1.381090e+02	3.011000e+03
1.381590e+02	3.064000e+03
1.382090e+02	3.089000e+03
1.382590e+02	3.112000e+03
1.383090e+02	3.129000e+03
1.383590e+02	3.050000e+03
1.384090e+02	3.106000e+03
1.384590e+02	3.069000e+03
1.385090e+02	3.155000e+03
1.385590e+02	3.089000e+03
1.386090e+02	3.130000e+03
1.386590e+02	3.106000e+03
1.387090e+02	2.940000e+03
1.387600e+02	3.057000e+03
1.388100e+02	3.076000e+03
1.388600e+02	3.136000e+03
1.389100e+02	3.157000e+03
1.389600e+02	3.017000e+03
1.390110e+02	3.137000e+03
1.390610e+02	3.113000e+03
1.391100e+02	3.133000e+03
1.391600e+02	3.210000e+03
1.392100e+02	3.100000e+03
1.392600e+02	3.232000e+03
1.393100e+02	3.130000e+03
1.393600e+02	3.226000e+03
1.394110e+02	3.226000e+03
1.394610e+02	3.207000e+03
1.395110e+02	3.155000e+03
1.395620e+02	3.121000e+03
1.396120e+02	3.203000e+03
1.396620e+02	3.224000e+03
1.397120e+02	3.053000e+03
1.397610e+02	3.132000e+03
1.398130e+02	3.152000e+03
1.398620e+02	3.157000e+03
1.399120e+02	3.195000e+03
1.399620e+02	3.214000e+03
1.400120e+02	3.230000e+03
1.400620e+02	3.245000e+03
1.401120e+02	3.230000e+03
1.401620e+02	3.209000e+03
1.402120e+02	3.269000e+03
1.402620e+02	3.246000e+03
1.403130e+02	3.297000e+03
1.403630e+02	3.232000e+03
1.404130e+02	3.258000e+03
1.404630e+02	3.271000e+03
1.405130e+02	3.252000e+03
1.405630e+02	3.277000e+03
1.406130e+02	3.268000e+03
1.406640e+02	3.229000e+03
1.407140e+02	3.053000e+03
1.407640e+02	3.179000e+03
1.408140e+02	3.231000e+03
1.408640e+02	3.286000e+03
1.409140e+02	3.178000e+03
1.409630e+02	3.283000e+03
1.410130e+02	3.261000e+03
1.410630e+02	3.358000e+03
1.411140e+02	3.301000e+03
1.411640e+02	3.292000e+03
1.412140e+02	3.300000e+03
1.412650e+02	3.298000e+03
1.413140e+02	3.265000e+03
1.413640e+02	3.279000e+03
1.414150e+02	3.289000e+03
1.414650e+02	3.325000e+03
1.415150e+02	3.292000e+03
1.415650e+02	3.328000e+03
1.416150e+02	3.346000e+03
1.416650e+02	3.282000e+03
1.417150e+02	3.199000e+03
1.417650e+02	3.213000e+03
1.418160e+02	3.302000e+03
1.418660e+02	3.234000e+03
1.419160e+02	3.355000e+03
1.419660e+02	3.261000e+03
1.420160e+02	3.355000e+03
1.420660e+02	3.325000e+03
1.421160e+02	3.341000e+03
1.421660e+02	3.379000e+03
1.422170e+02	3.347000e+03
1.422660e+02	3.362000e+03
1.423160e+02	3.376000e+03
1.423670e+02	3.363000e+03
1.424170e+02	3.381000e+03
1.424660e+02	3.394000e+03
1.425170e+02	3.317000e+03
1.425670e+02	3.387000e+03
1.426170e+02	3.277000e+03
1.426670e+02	3.395000e+03
1.427170e+02	3.119000e+03
1.427670e+02	3.359000e+03
1.428180e+02	3.330000e+03
1.428680e+02	3.390000e+03
1.429170e+02	3.280000e+03
1.429680e+02	3.374000e+03
1.430180e+02	3.372000e+03
1.430680e+02	3.410000e+03
1.431180e+02	3.394000e+03
1.431680e+02	3.411000e+03
1.432180e+02	3.355000e+03
1.432680e+02	3.394000e+03
1.433180e+02	3.427000e+03
1.433680e+02	3.373000e+03
1.434180e+02	3.526000e+03
1.434680e+02	3.380000e+03
1.435180e+02	3.407000e+03
1.435680e+02	3.410000e+03
1.436190e+02	3.464000e+03
1.436690e+02	3.317000e+03
1.437190e+02	3.279000e+03
1.437690e+02	3.206000e+03
1.438190e+02	3.401000e+03
1.438690e+02	3.289000e+03
1.439200e+02	3.428000e+03
1.439690e+02	3.427000e+03
1.440190e+02	3.432000e+03
1.440690e+02	3.441000e+03
1.441200e+02	3.386000e+03
1.441700e+02	3.439000e+03
1.442190e+02	3.415000e+03
1.442700e+02	3.514000e+03
1.443200e+02	3.474000e+03
1.443700e+02	3.470000e+03
1.444200e+02	3.437000e+03
1.444700e+02	3.469000e+03
1.445210e+02	3.503000e+03
1.445700e+02	3.506000e+03
1.446210e+02	3.422000e+03
1.446710e+02	3.412000e+03
1.447210e+02	3.330000e+03
1.447710e+02	3.403000e+03
1.448210e+02	3.403000e+03
1.448710e+02	3.432000e+03
1.449210e+02	3.429000e+03
1.449710e+02	3.379000e+03
1.450220e+02	3.428000e+03
1.450720e+02	3.455000e+03
1.451220e+02	3.486000e+03
1.451710e+02	3.499000e+03
1.452220e+02	3.514000e+03
1.452720e+02	3.519000e+03
1.453220e+02	3.482000e+03
1.453720e+02	3.499000e+03
1.454220e+02	3.567000e+03
1.454720e+02	3.517000e+03
1.455220e+02	3.515000e+03
1.455720e+02	3.500000e+03
1.456230e+02	3.555000e+03
1.456730e+02	3.415000e+03
1.457230e+02	3.366000e+03
1.457720e+02	3.367000e+03
1.458240e+02	3.520000e+03
1.458730e+02	3.514000e+03
1.459230e+02	3.495000e+03
1.459730e+02	3.511000e+03
1.460230e+02	3.519000e+03
1.460730e+02	3.543000e+03
1.461240e+02	3.520000e+03
1.461740e+02	3.574000e+03
1.462230e+02	3.534000e+03
1.462740e+02	3.658000e+03
1.463240e+02	3.521000e+03
1.463740e+02	3.551000e+03
1.464240e+02	3.597000e+03
1.464740e+02	3.577000e+03
1.465240e+02	3.579000e+03
1.465750e+02	3.620000e+03
1.466250e+02	3.597000e+03
1.466750e+02	3.477000e+03
1.467250e+02	3.446000e+03
1.467750e+02	3.505000e+03
1.468240e+02	3.479000e+03
1.468740e+02	3.507000e+03
1.469250e+02	3.589000e+03
1.469750e+02	3.592000e+03
1.470260e+02	3.601000e+03
1.470750e+02	3.583000e+03
1.471260e+02	3.595000e+03
1.471750e+02	3.531000e+03
1.472250e+02	3.665000e+03
1.472750e+02	3.639000e+03
1.473250e+02	3.602000e+03
1.473760e+02	3.563000e+03
1.474260e+02	3.628000e+03
1.474760e+02	3.605000e+03
1.475260e+02	3.594000e+03
1.475760e+02	3.654000e+03
1.476260e+02	3.652000e+03
1.476760e+02	3.549000e+03
1.477270e+02	3.420000e+03
1.477770e+02	3.515000e+03
1.478260e+02	3.524000e+03
1.478770e+02	3.634000e+03
1.479270e+02	3.551000e+03
1.479770e+02	3.690000e+03
1.480270e+02	3.602000e+03
1.480780e+02	3.603000e+03
1.481280e+02	3.564000e+03
1.481770e+02	3.650000e+03
1.482270e+02	3.630000e+03
1.482780e+02	3.687000e+03
1.483280e+02	3.638000e+03
1.483770e+02	3.669000e+03
1.484280e+02	3.644000e+03
1.484780e+02	3.700000e+03
1.485280e+02	3.663000e+03
1.485780e+02	3.612000e+03
1.486280e+02	3.709000e+03
1.486780e+02	3.503000e+03
1.487290e+02	3.508000e+03
1.487790e+02	3.517000e+03
1.488290e+02	3.616000e+03
1.488780e+02	3.618000e+03
1.489290e+02	3.688000e+03
1.489790e+02	3.632000e+03
1.490290e+02	3.725000e+03
1.490790e+02	3.656000e+03
1.491290e+02	3.697000e+03
1.491790e+02	3.658000e+03
1.492300e+02	3.679000e+03
1.492800e+02	3.718000e+03
1.493300e+02	3.649000e+03
1.493790e+02	3.681000e+03
1.494300e+02	3.631000e+03
1.494790e+02	3.680000e+03
1.495290e+02	3.654000e+03
1.495800e+02	3.690000e+03
1.496310e+02	3.691000e+03
1.496800e+02	3.586000e+03
1.497310e+02	3.438000e+03
1.497800e+02	3.528000e+03
1.498310e+02	3.577000e+03
1.498800e+02	3.619000e+03
1.499310e+02	3.666000e+03
1.499810e+02	3.687000e+03
1.500310e+02	3.663000e+03
1.500810e+02	3.617000e+03
1.501310e+02	3.691000e+03
1.501820e+02	3.668000e+03
1.502320e+02	3.677000e+03
1.502810e+02	3.712000e+03
1.503320e+02	3.636000e+03
1.503820e+02	3.677000e+03
1.504320e+02	3.726000e+03
1.504810e+02	3.687000e+03
1.505310e+02	3.803000e+03
1.505810e+02	3.656000e+03
1.506320e+02	3.732000e+03
1.506820e+02	3.524000e+03
1.507320e+02	3.517000e+03
1.507820e+02	3.594000e+03
1.508320e+02	3.630000e+03
1.508820e+02	3.631000e+03
1.509330e+02	3.660000e+03
1.509830e+02	3.652000e+03
1.510330e+02	3.739000e+03
1.510830e+02	3.734000e+03
1.511330e+02	3.737000e+03
1.511830e+02	3.646000e+03
1.512330e+02	3.710000e+03
1.512830e+02	3.781000e+03
1.513340e+02	3.721000e+03
1.513830e+02	3.820000e+03
1.514340e+02	3.682000e+03
1.514830e+02	3.780000e+03
1.515330e+02	3.641000e+03
1.515840e+02	3.804000e+03
1.516340e+02	3.712000e+03
1.516840e+02	3.752000e+03
1.517350e+02	3.743000e+03
1.517850e+02	3.737000e+03
1.518350e+02	3.752000e+03
1.518850e+02	3.765000e+03
1.519350e+02	3.737000e+03
1.519850e+02	3.729000e+03
1.520350e+02	3.744000e+03
1.520850e+02	3.655000e+03
1.521350e+02	3.720000e+03
1.521840e+02	3.728000e+03
1.522350e+02	3.806000e+03
1.522850e+02	3.749000e+03
1.523360e+02	3.790000e+03
1.523860e+02	3.823000e+03
1.524350e+02	3.801000e+03
1.524860e+02	3.770000e+03
1.525360e+02	3.784000e+03
1.525860e+02	3.788000e+03
1.526360e+02	3.742000e+03
1.526860e+02	3.738000e+03
1.527360e+02	3.720000e+03
1.527860e+02	3.781000e+03
1.528360e+02	3.732000e+03
1.528860e+02	3.774000e+03
1.529360e+02	3.753000e+03
1.529870e+02	3.752000e+03
1.530370e+02	3.737000e+03
1.530860e+02	3.785000e+03
1.531360e+02	3.764000e+03
1.531860e+02	3.771000e+03
1.532370e+02	3.772000e+03
1.532870e+02	3.824000e+03
1.533370e+02	3.775000e+03
1.533870e+02	3.796000e+03
1.534370e+02	3.712000e+03
1.534880e+02	3.720000e+03
1.535370e+02	3.834000e+03
1.535880e+02	3.826000e+03
1.536380e+02	3.812000e+03
1.536870e+02	3.807000e+03
1.537380e+02	3.836000e+03
1.537880e+02	3.757000e+03
1.538380e+02	3.847000e+03
1.538880e+02	3.766000e+03
1.539380e+02	3.791000e+03
1.539890e+02	3.766000e+03
1.540380e+02	3.705000e+03
1.540880e+02	3.777000e+03
1.541390e+02	3.754000e+03
1.541890e+02	3.799000e+03
