0.000000e+00	3.820000e+03
5.000000e-02	3.849000e+03
1.000000e-01	3.785000e+03
1.500000e-01	3.896000e+03
2.000000e-01	3.927000e+03
2.510000e-01	3.936000e+03
3.010000e-01	3.769000e+03
3.500000e-01	3.817000e+03
4.010000e-01	3.759000e+03
4.510000e-01	3.858000e+03
5.010000e-01	3.868000e+03
5.510000e-01	3.917000e+03
6.010000e-01	3.835000e+03
6.510000e-01	3.843000e+03
7.010000e-01	3.867000e+03
7.520000e-01	3.812000e+03
8.010000e-01	3.902000e+03
8.520000e-01	3.880000e+03
9.010000e-01	3.910000e+03
9.510000e-01	3.848000e+03
1.002000e+00	3.900000e+03
1.056000e+00	3.880000e+03
1.102000e+00	3.934000e+03
1.152000e+00	3.841000e+03
1.202000e+00	3.913000e+03
1.252000e+00	3.875000e+03
1.302000e+00	3.949000e+03
1.353000e+00	3.862000e+03
1.403000e+00	3.975000e+03
1.453000e+00	3.851000e+03
1.503000e+00	3.915000e+03
1.552000e+00	3.881000e+03
1.602000e+00	3.941000e+03
1.653000e+00	3.873000e+03
1.703000e+00	3.971000e+03
1.753000e+00	3.807000e+03
1.804000e+00	3.907000e+03
1.854000e+00	3.880000e+03
1.904000e+00	3.836000e+03
1.954000e+00	3.895000e+03
2.004000e+00	3.874000e+03
2.054000e+00	3.864000e+03
2.104000e+00	3.849000e+03
2.154000e+00	3.867000e+03
2.204000e+00	3.809000e+03
2.255000e+00	3.919000e+03
2.305000e+00	3.870000e+03
2.354000e+00	3.923000e+03
2.404000e+00	3.811000e+03
2.454000e+00	3.921000e+03
2.505000e+00	3.855000e+03
2.555000e+00	3.914000e+03
2.605000e+00	3.858000e+03
2.655000e+00	3.860000e+03
2.705000e+00	3.894000e+03
2.755000e+00	3.830000e+03
2.805000e+00	3.896000e+03
2.855000e+00	3.828000e+03
2.905000e+00	3.877000e+03
2.955000e+00	3.845000e+03
3.005000e+00	3.838000e+03
3.056000e+00	3.883000e+03
3.106000e+00	3.983000e+03
3.156000e+00	3.842000e+03
3.206000e+00	3.863000e+03
3.256000e+00	3.703000e+03
3.306000e+00	3.605000e+03
3.356000e+00	3.615000e+03
3.407000e+00	3.636000e+03
3.456000e+00	3.610000e+03
3.506000e+00	3.642000e+03
3.557000e+00	3.671000e+03
3.607000e+00	3.649000e+03
3.657000e+00	3.771000e+03
3.707000e+00	3.761000e+03
3.757000e+00	3.754000e+03
3.807000e+00	3.807000e+03
3.858000e+00	3.839000e+03
3.907000e+00	3.747000e+03
3.957000e+00	3.841000e+03
4.007000e+00	3.731000e+03
4.057000e+00	3.796000e+03
4.108000e+00	3.762000e+03
4.158000e+00	3.867000e+03
4.208000e+00	3.829000e+03
4.258000e+00	3.841000e+03
4.308000e+00	3.844000e+03
4.358000e+00	3.785000e+03
4.408000e+00	3.834000e+03
4.458000e+00	3.788000e+03
4.508000e+00	3.802000e+03
4.559000e+00	3.778000e+03
4.609000e+00	3.717000e+03
4.658000e+00	3.769000e+03
4.709000e+00	3.797000e+03
4.759000e+00	3.750000e+03
4.809000e+00	3.891000e+03
4.859000e+00	3.831000e+03
4.909000e+00	3.815000e+03
4.960000e+00	3.769000e+03
5.010000e+00	3.851000e+03
5.060000e+00	3.937000e+03
5.110000e+00	3.847000e+03
5.160000e+00	3.791000e+03
5.209000e+00	3.781000e+03
5.259000e+00	3.917000e+03
5.310000e+00	3.888000e+03
5.360000e+00	3.818000e+03
5.410000e+00	3.852000e+03
5.460000e+00	3.826000e+03
5.510000e+00	3.883000e+03
5.560000e+00	3.828000e+03
5.611000e+00	3.831000e+03
5.661000e+00	3.886000e+03
5.711000e+00	3.830000e+03
5.761000e+00	3.756000e+03
5.811000e+00	3.746000e+03
5.861000e+00	3.781000e+03
5.911000e+00	3.875000e+03
5.962000e+00	3.801000e+03
6.011000e+00	3.874000e+03
6.061000e+00	3.787000e+03
6.111000e+00	3.837000e+03
6.161000e+00	3.766000e+03
6.211000e+00	3.845000e+03
6.261000e+00	3.926000e+03
6.312000e+00	3.834000e+03
6.362000e+00	3.817000e+03
6.412000e+00	3.864000e+03
6.462000e+00	3.779000e+03
6.512000e+00	3.915000e+03
6.562000e+00	3.851000e+03
6.612000e+00	3.796000e+03
6.662000e+00	3.826000e+03
6.713000e+00	3.805000e+03
6.763000e+00	3.832000e+03
6.813000e+00	3.830000e+03
6.863000e+00	3.863000e+03
6.912000e+00	3.776000e+03
6.963000e+00	3.843000e+03
7.012000e+00	3.753000e+03
7.064000e+00	3.844000e+03
7.113000e+00	3.818000e+03
7.163000e+00	3.771000e+03
7.214000e+00	3.764000e+03
7.264000e+00	3.678000e+03
7.314000e+00	3.595000e+03
7.364000e+00	3.646000e+03
7.414000e+00	3.605000e+03
7.464000e+00	3.649000e+03
7.514000e+00	3.705000e+03
7.564000e+00	3.689000e+03
7.614000e+00	3.699000e+03
7.665000e+00	3.649000e+03
7.715000e+00	3.751000e+03
7.764000e+00	3.697000e+03
7.814000e+00	3.683000e+03
7.864000e+00	3.735000e+03
7.915000e+00	3.795000e+03
7.965000e+00	3.732000e+03
8.015000e+00	3.790000e+03
8.065000e+00	3.656000e+03
8.116000e+00	3.830000e+03
8.165000e+00	3.737000e+03
8.215000e+00	3.733000e+03
8.265000e+00	3.745000e+03
8.316000e+00	3.761000e+03
8.366000e+00	3.772000e+03
8.416000e+00	3.758000e+03
8.466000e+00	3.824000e+03
8.516000e+00	3.702000e+03
8.566000e+00	3.784000e+03
8.616000e+00	3.701000e+03
8.666000e+00	3.762000e+03
8.717000e+00	3.830000e+03
8.767000e+00	3.818000e+03
8.817000e+00	3.756000e+03
8.867000e+00	3.758000e+03
8.916000e+00	3.789000e+03
8.967000e+00	3.849000e+03
9.016000e+00	3.745000e+03
9.067000e+00	3.822000e+03
9.117000e+00	3.786000e+03
9.167000e+00	3.764000e+03
9.217000e+00	3.776000e+03
9.267000e+00	3.822000e+03
9.317000e+00	3.814000e+03
9.367000e+00	3.804000e+03
9.417000e+00	3.739000e+03
9.468000e+00	3.731000e+03
9.518000e+00	3.829000e+03
9.567000e+00	3.780000e+03
9.617000e+00	3.798000e+03
9.668000e+00	3.725000e+03
9.718000e+00	3.838000e+03
9.768000e+00	3.742000e+03
9.818000e+00	3.810000e+03
9.868000e+00	3.795000e+03
9.919000e+00	3.778000e+03
9.969000e+00	3.766000e+03
1.001900e+01	3.743000e+03
1.006900e+01	3.762000e+03
1.011900e+01	3.770000e+03
1.016900e+01	3.825000e+03
1.021900e+01	3.807000e+03
1.026900e+01	3.824000e+03
1.031900e+01	3.765000e+03
1.037000e+01	3.748000e+03
1.041900e+01	3.780000e+03
1.047000e+01	3.826000e+03
1.052000e+01	3.704000e+03
1.057000e+01	3.751000e+03
1.062000e+01	3.651000e+03
1.067000e+01	3.743000e+03
1.072000e+01	3.777000e+03
1.077000e+01	3.801000e+03
1.082000e+01	3.753000e+03
1.087000e+01	3.787000e+03
1.092000e+01	3.781000e+03
1.097000e+01	3.801000e+03
1.102000e+01	3.868000e+03
1.107100e+01	3.792000e+03
1.112100e+01	3.782000e+03
1.117100e+01	3.777000e+03
1.122100e+01	3.784000e+03
1.127100e+01	3.517000e+03
1.132100e+01	3.563000e+03
1.137100e+01	3.486000e+03
1.142100e+01	3.588000e+03
1.147200e+01	3.543000e+03
1.152100e+01	3.637000e+03
1.157200e+01	3.592000e+03
1.162100e+01	3.695000e+03
1.167200e+01	3.667000e+03
1.172200e+01	3.672000e+03
1.177200e+01	3.616000e+03
1.182200e+01	3.683000e+03
1.187200e+01	3.729000e+03
1.192300e+01	3.769000e+03
1.197200e+01	3.696000e+03
1.202200e+01	3.660000e+03
1.207300e+01	3.668000e+03
1.212200e+01	3.715000e+03
1.217300e+01	3.749000e+03
1.222300e+01	3.657000e+03
1.227300e+01	3.815000e+03
1.232300e+01	3.658000e+03
1.237400e+01	3.722000e+03
1.242300e+01	3.682000e+03
1.247300e+01	3.715000e+03
1.252300e+01	3.701000e+03
1.257400e+01	3.690000e+03
1.262400e+01	3.698000e+03
1.267400e+01	3.721000e+03
1.272400e+01	3.714000e+03
1.277400e+01	3.709000e+03
1.282400e+01	3.705000e+03
1.287400e+01	3.676000e+03
1.292400e+01	3.738000e+03
1.297400e+01	3.612000e+03
1.302400e+01	3.699000e+03
1.307500e+01	3.628000e+03
1.312400e+01	3.811000e+03
1.317500e+01	3.639000e+03
1.322400e+01	3.801000e+03
1.327500e+01	3.764000e+03
1.332500e+01	3.775000e+03
1.337500e+01	3.676000e+03
1.342500e+01	3.757000e+03
1.347500e+01	3.663000e+03
1.352600e+01	3.732000e+03
1.357500e+01	3.701000e+03
1.362500e+01	3.696000e+03
1.367500e+01	3.714000e+03
1.372600e+01	3.707000e+03
1.377600e+01	3.788000e+03
1.382600e+01	3.702000e+03
1.387600e+01	3.820000e+03
1.392700e+01	3.704000e+03
1.397600e+01	3.785000e+03
1.402600e+01	3.683000e+03
1.407700e+01	3.760000e+03
1.412700e+01	3.710000e+03
1.417600e+01	3.714000e+03
1.422600e+01	3.712000e+03
1.427700e+01	3.750000e+03
1.432700e+01	3.726000e+03
1.437700e+01	3.709000e+03
1.442700e+01	3.758000e+03
1.447800e+01	3.795000e+03
1.452700e+01	3.714000e+03
1.457800e+01	3.728000e+03
1.462800e+01	3.727000e+03
1.467800e+01	3.743000e+03
1.472800e+01	3.863000e+03
1.477700e+01	3.737000e+03
1.482700e+01	3.707000e+03
1.487700e+01	3.709000e+03
1.492700e+01	3.729000e+03
1.497800e+01	3.691000e+03
1.502800e+01	3.745000e+03
1.507800e+01	3.732000e+03
1.512800e+01	3.675000e+03
1.517800e+01	3.704000e+03
1.522900e+01	3.691000e+03
1.527900e+01	3.501000e+03
1.532900e+01	3.437000e+03
1.537800e+01	3.513000e+03
1.542800e+01	3.453000e+03
1.547900e+01	3.529000e+03
1.552900e+01	3.551000e+03
1.558000e+01	3.672000e+03
1.562900e+01	3.543000e+03
1.567900e+01	3.616000e+03
1.572900e+01	3.608000e+03
1.578000e+01	3.590000e+03
1.583000e+01	3.621000e+03
1.588100e+01	3.644000e+03
1.593000e+01	3.663000e+03
1.598100e+01	3.612000e+03
1.603000e+01	3.548000e+03
1.608000e+01	3.642000e+03
1.613100e+01	3.677000e+03
1.618000e+01	3.580000e+03
1.623000e+01	3.673000e+03
1.628100e+01	3.607000e+03
1.633100e+01	3.635000e+03
1.638100e+01	3.585000e+03
1.643100e+01	3.719000e+03
1.648000e+01	3.615000e+03
1.653100e+01	3.697000e+03
1.658100e+01	3.624000e+03
1.663100e+01	3.578000e+03
1.668100e+01	3.572000e+03
1.673100e+01	3.761000e+03
1.678100e+01	3.665000e+03
1.683100e+01	3.642000e+03
1.688100e+01	3.644000e+03
1.693100e+01	3.601000e+03
1.698200e+01	3.667000e+03
1.703200e+01	3.655000e+03
1.708200e+01	3.604000e+03
1.713200e+01	3.636000e+03
1.718300e+01	3.600000e+03
1.723200e+01	3.534000e+03
1.728400e+01	3.729000e+03
1.733200e+01	3.623000e+03
1.738200e+01	3.671000e+03
1.743200e+01	3.559000e+03
1.748300e+01	3.647000e+03
1.753200e+01	3.665000e+03
1.758300e+01	3.737000e+03
1.763300e+01	3.670000e+03
1.768400e+01	3.629000e+03
1.773300e+01	3.665000e+03
1.778400e+01	3.612000e+03
1.783300e+01	3.599000e+03
1.788300e+01	3.668000e+03
1.793400e+01	3.610000e+03
1.798400e+01	3.644000e+03
1.803300e+01	3.628000e+03
1.808400e+01	3.604000e+03
1.813400e+01	3.708000e+03
1.818400e+01	3.655000e+03
1.823400e+01	3.667000e+03
1.828500e+01	3.593000e+03
1.833400e+01	3.635000e+03
1.838500e+01	3.603000e+03
1.843400e+01	3.662000e+03
1.848500e+01	3.623000e+03
1.853500e+01	3.609000e+03
1.858500e+01	3.560000e+03
1.863500e+01	3.679000e+03
1.868500e+01	3.687000e+03
1.873500e+01	3.622000e+03
1.878500e+01	3.641000e+03
1.883500e+01	3.625000e+03
1.888600e+01	3.698000e+03
1.893600e+01	3.610000e+03
1.898600e+01	3.664000e+03
1.903600e+01	3.593000e+03
1.908600e+01	3.598000e+03
1.913600e+01	3.598000e+03
1.918600e+01	3.589000e+03
1.923600e+01	3.599000e+03
1.928600e+01	3.359000e+03
1.933600e+01	3.353000e+03
1.938700e+01	3.407000e+03
1.943600e+01	3.425000e+03
1.948600e+01	3.445000e+03
1.953600e+01	3.414000e+03
1.958700e+01	3.476000e+03
1.963700e+01	3.469000e+03
1.968700e+01	3.481000e+03
1.973700e+01	3.531000e+03
1.978600e+01	3.462000e+03
1.983700e+01	3.597000e+03
1.988700e+01	3.553000e+03
1.993700e+01	3.520000e+03
1.998800e+01	3.515000e+03
2.003700e+01	3.494000e+03
2.008700e+01	3.538000e+03
2.013800e+01	3.615000e+03
2.018700e+01	3.523000e+03
2.023800e+01	3.627000e+03
2.028800e+01	3.531000e+03
2.033900e+01	3.584000e+03
2.038800e+01	3.597000e+03
2.043900e+01	3.686000e+03
2.048900e+01	3.632000e+03
2.053800e+01	3.546000e+03
2.058900e+01	3.585000e+03
2.063900e+01	3.571000e+03
2.068800e+01	3.618000e+03
2.073800e+01	3.615000e+03
2.078900e+01	3.506000e+03
2.083900e+01	3.509000e+03
2.088900e+01	3.617000e+03
2.093900e+01	3.571000e+03
2.098900e+01	3.560000e+03
2.103900e+01	3.568000e+03
2.108900e+01	3.665000e+03
2.113900e+01	3.580000e+03
2.119000e+01	3.578000e+03
2.124000e+01	3.614000e+03
2.129000e+01	3.577000e+03
2.134000e+01	3.610000e+03
2.139000e+01	3.541000e+03
2.143900e+01	3.607000e+03
2.149100e+01	3.520000e+03
2.154000e+01	3.637000e+03
2.159000e+01	3.570000e+03
2.164100e+01	3.603000e+03
2.169100e+01	3.540000e+03
2.174000e+01	3.547000e+03
2.179100e+01	3.570000e+03
2.184100e+01	3.552000e+03
2.189100e+01	3.626000e+03
2.194100e+01	3.621000e+03
2.199100e+01	3.620000e+03
2.204100e+01	3.542000e+03
2.209100e+01	3.553000e+03
2.214100e+01	3.546000e+03
2.219200e+01	3.568000e+03
2.224200e+01	3.569000e+03
2.229200e+01	3.559000e+03
2.234200e+01	3.533000e+03
2.239200e+01	3.569000e+03
2.244100e+01	3.579000e+03
2.249200e+01	3.589000e+03
2.254200e+01	3.521000e+03
2.259200e+01	3.486000e+03
2.264200e+01	3.520000e+03
2.269300e+01	3.632000e+03
2.274200e+01	3.608000e+03
2.279200e+01	3.614000e+03
2.284300e+01	3.548000e+03
2.289300e+01	3.554000e+03
2.294200e+01	3.622000e+03
2.299300e+01	3.559000e+03
2.304300e+01	3.606000e+03
2.309300e+01	3.503000e+03
2.314300e+01	3.535000e+03
2.319300e+01	3.458000e+03
2.324400e+01	3.513000e+03
2.329400e+01	3.261000e+03
2.334400e+01	3.322000e+03
2.339400e+01	3.339000e+03
2.344400e+01	3.421000e+03
2.349400e+01	3.333000e+03
2.354400e+01	3.422000e+03
2.359500e+01	3.420000e+03
2.364400e+01	3.407000e+03
2.369400e+01	3.402000e+03
2.374400e+01	3.416000e+03
2.379400e+01	3.461000e+03
2.384500e+01	3.435000e+03
2.389500e+01	3.542000e+03
2.394500e+01	3.489000e+03
2.399500e+01	3.461000e+03
2.404500e+01	3.517000e+03
2.409500e+01	3.536000e+03
2.414500e+01	3.525000e+03
2.419500e+01	3.528000e+03
2.424600e+01	3.478000e+03
2.429500e+01	3.531000e+03
2.434600e+01	3.498000e+03
2.439600e+01	3.528000e+03
2.444600e+01	3.539000e+03
2.449600e+01	3.520000e+03
2.454600e+01	3.541000e+03
2.459600e+01	3.508000e+03
2.464600e+01	3.508000e+03
2.469700e+01	3.512000e+03
2.474700e+01	3.573000e+03
2.479600e+01	3.426000e+03
2.484700e+01	3.495000e+03
2.489700e+01	3.526000e+03
2.494700e+01	3.527000e+03
2.499800e+01	3.403000e+03
2.504700e+01	3.523000e+03
2.509700e+01	3.494000e+03
2.514600e+01	3.550000e+03
2.519800e+01	3.528000e+03
2.524800e+01	3.585000e+03
2.529700e+01	3.530000e+03
2.534700e+01	3.547000e+03
2.539700e+01	3.472000e+03
2.544700e+01	3.409000e+03
2.549800e+01	3.500000e+03
2.554800e+01	3.490000e+03
2.559800e+01	3.534000e+03
2.564800e+01	3.427000e+03
2.569800e+01	3.476000e+03
2.574900e+01	3.435000e+03
2.579800e+01	3.500000e+03
2.584800e+01	3.498000e+03
2.589800e+01	3.460000e+03
2.594800e+01	3.548000e+03
2.599900e+01	3.520000e+03
2.604800e+01	3.493000e+03
2.609900e+01	3.529000e+03
2.614900e+01	3.545000e+03
2.619900e+01	3.515000e+03
2.624900e+01	3.487000e+03
2.629900e+01	3.452000e+03
2.634900e+01	3.488000e+03
2.640000e+01	3.513000e+03
2.644900e+01	3.591000e+03
2.650000e+01	3.452000e+03
2.655000e+01	3.542000e+03
2.660000e+01	3.458000e+03
2.664900e+01	3.541000e+03
2.670000e+01	3.488000e+03
2.675000e+01	3.524000e+03
2.680000e+01	3.468000e+03
2.685000e+01	3.467000e+03
2.690000e+01	3.473000e+03
2.695000e+01	3.512000e+03
2.700100e+01	3.520000e+03
2.705000e+01	3.525000e+03
2.710100e+01	3.504000e+03
2.715100e+01	3.469000e+03
2.720100e+01	3.461000e+03
2.725100e+01	3.345000e+03
2.730100e+01	3.260000e+03
2.735100e+01	3.202000e+03
2.740100e+01	3.211000e+03
2.745200e+01	3.189000e+03
2.750100e+01	3.335000e+03
2.755100e+01	3.332000e+03
2.760200e+01	3.416000e+03
2.765200e+01	3.314000e+03
2.770200e+01	3.386000e+03
2.775200e+01	3.345000e+03
2.780200e+01	3.401000e+03
2.785200e+01	3.332000e+03
2.790200e+01	3.433000e+03
2.795200e+01	3.413000e+03
2.800200e+01	3.393000e+03
2.805300e+01	3.396000e+03
2.810300e+01	3.438000e+03
2.815200e+01	3.458000e+03
2.820300e+01	3.372000e+03
2.825300e+01	3.425000e+03
2.830300e+01	3.341000e+03
2.835200e+01	3.466000e+03
2.840400e+01	3.405000e+03
2.845300e+01	3.448000e+03
2.850300e+01	3.380000e+03
2.855400e+01	3.382000e+03
2.860400e+01	3.329000e+03
2.865400e+01	3.398000e+03
2.870300e+01	3.473000e+03
2.875300e+01	3.452000e+03
2.880300e+01	3.460000e+03
2.885400e+01	3.376000e+03
2.890500e+01	3.431000e+03
2.895400e+01	3.423000e+03
2.900500e+01	3.466000e+03
2.905400e+01	3.406000e+03
2.910500e+01	3.412000e+03
2.915400e+01	3.313000e+03
2.920500e+01	3.407000e+03
2.925500e+01	3.393000e+03
2.930500e+01	3.499000e+03
2.935500e+01	3.398000e+03
2.940500e+01	3.372000e+03
2.945500e+01	3.366000e+03
2.950600e+01	3.408000e+03
2.955500e+01	3.444000e+03
2.960500e+01	3.453000e+03
2.965500e+01	3.431000e+03
2.970500e+01	3.390000e+03
2.975600e+01	3.361000e+03
2.980600e+01	3.350000e+03
2.985500e+01	3.477000e+03
2.990600e+01	3.446000e+03
2.995500e+01	3.420000e+03
3.000600e+01	3.341000e+03
3.005600e+01	3.395000e+03
3.010600e+01	3.350000e+03
3.015600e+01	3.454000e+03
3.020700e+01	3.343000e+03
3.025700e+01	3.443000e+03
3.030600e+01	3.349000e+03
3.035700e+01	3.414000e+03
3.040700e+01	3.337000e+03
3.045700e+01	3.394000e+03
3.050700e+01	3.397000e+03
3.055700e+01	3.338000e+03
3.060700e+01	3.369000e+03
3.065700e+01	3.345000e+03
3.070800e+01	3.449000e+03
3.075800e+01	3.403000e+03
3.080800e+01	3.393000e+03
3.085700e+01	3.395000e+03
3.090800e+01	3.352000e+03
3.095700e+01	3.351000e+03
3.100800e+01	3.362000e+03
3.105800e+01	3.319000e+03
3.110800e+01	3.432000e+03
3.115800e+01	3.346000e+03
3.120800e+01	3.345000e+03
3.125900e+01	3.204000e+03
3.130900e+01	3.109000e+03
3.135900e+01	3.202000e+03
3.140900e+01	3.104000e+03
3.145900e+01	3.228000e+03
3.150900e+01	3.188000e+03
3.155900e+01	3.293000e+03
3.160900e+01	3.257000e+03
3.165900e+01	3.323000e+03
3.171000e+01	3.228000e+03
3.175900e+01	3.278000e+03
3.180900e+01	3.251000e+03
3.185900e+01	3.357000e+03
3.191000e+01	3.313000e+03
3.195900e+01	3.300000e+03
3.200900e+01	3.254000e+03
3.206000e+01	3.331000e+03
3.211000e+01	3.351000e+03
3.216000e+01	3.314000e+03
3.221000e+01	3.260000e+03
3.226000e+01	3.296000e+03
3.231000e+01	3.353000e+03
3.236000e+01	3.280000e+03
3.241100e+01	3.344000e+03
3.246100e+01	3.345000e+03
3.251100e+01	3.309000e+03
3.256000e+01	3.275000e+03
3.261100e+01	3.347000e+03
3.266100e+01	3.310000e+03
3.271100e+01	3.337000e+03
3.276100e+01	3.272000e+03
3.281100e+01	3.256000e+03
3.286100e+01	3.303000e+03
3.291100e+01	3.339000e+03
3.296200e+01	3.303000e+03
3.301100e+01	3.328000e+03
3.306200e+01	3.337000e+03
3.311200e+01	3.329000e+03
3.316300e+01	3.307000e+03
3.321200e+01	3.260000e+03
3.326200e+01	3.390000e+03
3.331200e+01	3.288000e+03
3.336200e+01	3.275000e+03
3.341200e+01	3.299000e+03
3.346300e+01	3.349000e+03
3.351300e+01	3.294000e+03
3.356200e+01	3.392000e+03
3.361300e+01	3.304000e+03
3.366300e+01	3.320000e+03
3.371300e+01	3.319000e+03
3.376300e+01	3.310000e+03
3.381400e+01	3.312000e+03
3.386400e+01	3.259000e+03
3.391400e+01	3.332000e+03
3.396300e+01	3.261000e+03
3.401400e+01	3.288000e+03
3.406400e+01	3.201000e+03
3.411300e+01	3.277000e+03
3.416400e+01	3.274000e+03
3.421400e+01	3.311000e+03
3.426400e+01	3.328000e+03
3.431400e+01	3.278000e+03
3.436400e+01	3.244000e+03
3.441500e+01	3.317000e+03
3.446500e+01	3.231000e+03
3.451500e+01	3.288000e+03
3.456500e+01	3.240000e+03
3.461500e+01	3.239000e+03
3.466500e+01	3.311000e+03
3.471500e+01	3.255000e+03
3.476500e+01	3.317000e+03
3.481500e+01	3.198000e+03
3.486500e+01	3.307000e+03
3.491500e+01	3.282000e+03
3.496500e+01	3.365000e+03
3.501500e+01	3.307000e+03
3.506500e+01	3.359000e+03
3.511600e+01	3.212000e+03
3.516600e+01	3.305000e+03
3.521600e+01	3.204000e+03
3.526600e+01	3.109000e+03
3.531600e+01	3.020000e+03
3.536600e+01	3.053000e+03
3.541600e+01	3.072000e+03
3.546700e+01	3.052000e+03
3.551700e+01	3.121000e+03
3.556700e+01	3.187000e+03
3.561700e+01	3.167000e+03
3.566700e+01	3.118000e+03
3.571700e+01	3.182000e+03
3.576700e+01	3.130000e+03
3.581800e+01	3.210000e+03
3.586700e+01	3.162000e+03
3.591700e+01	3.191000e+03
3.596800e+01	3.149000e+03
3.601800e+01	3.255000e+03
3.606800e+01	3.132000e+03
3.611700e+01	3.206000e+03
3.616700e+01	3.169000e+03
3.621700e+01	3.164000e+03
3.626700e+01	3.202000e+03
3.631800e+01	3.177000e+03
3.636800e+01	3.220000e+03
3.641900e+01	3.151000e+03
3.646900e+01	3.212000e+03
3.651900e+01	3.188000e+03
3.656800e+01	3.248000e+03
3.661900e+01	3.207000e+03
3.666800e+01	3.218000e+03
3.671900e+01	3.188000e+03
3.676900e+01	3.212000e+03
3.681900e+01	3.218000e+03
3.686900e+01	3.247000e+03
3.691900e+01	3.185000e+03
3.696900e+01	3.207000e+03
3.701900e+01	3.197000e+03
3.706900e+01	3.202000e+03
3.712000e+01	3.232000e+03
3.716900e+01	3.181000e+03
3.721900e+01	3.219000e+03
3.727000e+01	3.280000e+03
3.732000e+01	3.217000e+03
3.737000e+01	3.205000e+03
3.742000e+01	3.195000e+03
3.747000e+01	3.148000e+03
3.752100e+01	3.223000e+03
3.757000e+01	3.165000e+03
3.762000e+01	3.252000e+03
3.767000e+01	3.225000e+03
3.772000e+01	3.236000e+03
3.777100e+01	3.119000e+03
3.782100e+01	3.195000e+03
3.787100e+01	3.246000e+03
3.792100e+01	3.230000e+03
3.797100e+01	3.251000e+03
3.802100e+01	3.219000e+03
3.807200e+01	3.188000e+03
3.812200e+01	3.212000e+03
3.817100e+01	3.241000e+03
3.822100e+01	3.144000e+03
3.827100e+01	3.197000e+03
3.832200e+01	3.223000e+03
3.837200e+01	3.238000e+03
3.842100e+01	3.233000e+03
3.847200e+01	3.197000e+03
3.852200e+01	3.182000e+03
3.857200e+01	3.219000e+03
3.862200e+01	3.143000e+03
3.867200e+01	3.214000e+03
3.872300e+01	3.161000e+03
3.877200e+01	3.205000e+03
3.882300e+01	3.145000e+03
3.887300e+01	3.181000e+03
3.892300e+01	3.217000e+03
3.897300e+01	3.203000e+03
3.902300e+01	3.199000e+03
3.907300e+01	3.100000e+03
3.912300e+01	3.175000e+03
3.917300e+01	3.146000e+03
3.922300e+01	3.190000e+03
3.927300e+01	2.927000e+03
3.932400e+01	2.966000e+03
3.937400e+01	2.911000e+03
3.942400e+01	2.990000e+03
3.947400e+01	3.013000e+03
3.952400e+01	3.031000e+03
3.957400e+01	3.022000e+03
3.962400e+01	3.079000e+03
3.967400e+01	2.990000e+03
3.972400e+01	3.024000e+03
3.977400e+01	3.019000e+03
3.982500e+01	3.065000e+03
3.987400e+01	3.071000e+03
3.992500e+01	3.072000e+03
3.997400e+01	3.079000e+03
4.002500e+01	3.079000e+03
4.007500e+01	3.132000e+03
4.012500e+01	3.144000e+03
4.017500e+01	3.167000e+03
4.022500e+01	3.090000e+03
4.027500e+01	3.111000e+03
4.032600e+01	3.070000e+03
4.037500e+01	3.113000e+03
4.042500e+01	3.100000e+03
4.047600e+01	3.078000e+03
4.052600e+01	3.095000e+03
4.057600e+01	3.067000e+03
4.062600e+01	3.116000e+03
4.067700e+01	3.106000e+03
4.072600e+01	3.090000e+03
4.077600e+01	3.156000e+03
4.082600e+01	3.163000e+03
4.087600e+01	3.055000e+03
4.092700e+01	3.125000e+03
4.097600e+01	3.025000e+03
4.102600e+01	3.187000e+03
4.107700e+01	3.073000e+03
4.112700e+01	3.115000e+03
4.117700e+01	3.036000e+03
4.122800e+01	3.116000e+03
4.127700e+01	3.155000e+03
4.132800e+01	3.124000e+03
4.137700e+01	3.147000e+03
4.142800e+01	3.099000e+03
4.147700e+01	3.089000e+03
4.152800e+01	3.103000e+03
4.157800e+01	3.117000e+03
4.162800e+01	3.102000e+03
4.167800e+01	3.081000e+03
4.172800e+01	3.039000e+03
4.177800e+01	3.110000e+03
4.182800e+01	3.084000e+03
4.187900e+01	3.177000e+03
4.192800e+01	3.029000e+03
4.197800e+01	3.133000e+03
4.202900e+01	3.097000e+03
4.207900e+01	3.112000e+03
4.212900e+01	3.138000e+03
4.217900e+01	3.128000e+03
4.222900e+01	3.122000e+03
4.227900e+01	3.090000e+03
4.232900e+01	3.118000e+03
4.238000e+01	3.102000e+03
4.242900e+01	3.169000e+03
4.247900e+01	3.082000e+03
4.253000e+01	3.080000e+03
4.258000e+01	3.045000e+03
4.263000e+01	3.194000e+03
4.268000e+01	3.114000e+03
4.273000e+01	3.166000e+03
4.278000e+01	3.092000e+03
4.283000e+01	3.130000e+03
4.288000e+01	3.146000e+03
4.293000e+01	3.124000e+03
4.298100e+01	3.079000e+03
4.303100e+01	3.129000e+03
4.308100e+01	3.072000e+03
4.313000e+01	3.064000e+03
4.318100e+01	3.129000e+03
4.323100e+01	3.101000e+03
4.328100e+01	2.890000e+03
4.333100e+01	2.861000e+03
4.338100e+01	2.855000e+03
4.343100e+01	2.841000e+03
4.348100e+01	2.927000e+03
4.353100e+01	2.903000e+03
4.358200e+01	3.007000e+03
4.363200e+01	2.931000e+03
4.368200e+01	3.000000e+03
4.373200e+01	2.947000e+03
4.378200e+01	3.025000e+03
4.383200e+01	3.026000e+03
4.388200e+01	2.992000e+03
4.393200e+01	3.034000e+03
4.398300e+01	2.938000e+03
4.403200e+01	3.015000e+03
4.408200e+01	2.972000e+03
4.413200e+01	3.016000e+03
4.418200e+01	3.012000e+03
4.423300e+01	2.996000e+03
4.428300e+01	3.032000e+03
4.433300e+01	3.009000e+03
4.438300e+01	3.016000e+03
4.443300e+01	3.097000e+03
4.448300e+01	2.975000e+03
4.453300e+01	3.062000e+03
4.458300e+01	3.005000e+03
4.463400e+01	3.018000e+03
4.468300e+01	3.058000e+03
4.473400e+01	3.024000e+03
4.478400e+01	3.022000e+03
4.483400e+01	2.974000e+03
4.488400e+01	2.968000e+03
4.493400e+01	2.973000e+03
4.498400e+01	3.064000e+03
4.503400e+01	3.037000e+03
4.508400e+01	3.047000e+03
4.513400e+01	3.012000e+03
4.518400e+01	3.061000e+03
4.523400e+01	2.981000e+03
4.528400e+01	3.133000e+03
4.533500e+01	2.953000e+03
4.538400e+01	2.981000e+03
4.543400e+01	3.061000e+03
4.548500e+01	3.004000e+03
4.553500e+01	2.981000e+03
4.558500e+01	2.996000e+03
4.563500e+01	2.993000e+03
4.568500e+01	2.955000e+03
4.573600e+01	3.012000e+03
4.578500e+01	3.029000e+03
4.583600e+01	3.045000e+03
4.588600e+01	2.965000e+03
4.593600e+01	2.982000e+03
4.598600e+01	2.918000e+03
4.603600e+01	3.045000e+03
4.608700e+01	2.971000e+03
4.613600e+01	3.038000e+03
4.618700e+01	2.931000e+03
4.623700e+01	2.974000e+03
4.628700e+01	3.038000e+03
4.633600e+01	2.992000e+03
4.638700e+01	3.040000e+03
4.643700e+01	3.077000e+03
4.648700e+01	3.054000e+03
4.653700e+01	2.964000e+03
4.658700e+01	2.972000e+03
4.663700e+01	2.987000e+03
4.668700e+01	3.071000e+03
4.673700e+01	3.030000e+03
4.678700e+01	3.061000e+03
4.683800e+01	3.002000e+03
4.688700e+01	3.045000e+03
4.693800e+01	3.038000e+03
4.698800e+01	3.036000e+03
4.703800e+01	3.029000e+03
4.708800e+01	3.020000e+03
4.713900e+01	3.015000e+03
4.718800e+01	2.943000e+03
4.723800e+01	3.008000e+03
4.728900e+01	2.769000e+03
4.733900e+01	2.775000e+03
4.738900e+01	2.790000e+03
4.743800e+01	2.804000e+03
4.748900e+01	2.829000e+03
4.753900e+01	2.884000e+03
4.758900e+01	2.899000e+03
4.763900e+01	2.891000e+03
4.768900e+01	2.825000e+03
4.773900e+01	2.912000e+03
4.778900e+01	2.862000e+03
4.783900e+01	2.897000e+03
4.788900e+01	2.940000e+03
4.793900e+01	2.931000e+03
4.799000e+01	2.919000e+03
4.803900e+01	2.898000e+03
4.809000e+01	2.911000e+03
4.814000e+01	2.970000e+03
4.819000e+01	2.975000e+03
4.824000e+01	2.924000e+03
4.829000e+01	2.947000e+03
4.834100e+01	2.917000e+03
4.839000e+01	2.970000e+03
4.844100e+01	2.977000e+03
4.849100e+01	2.989000e+03
4.854100e+01	2.897000e+03
4.859100e+01	3.013000e+03
4.864100e+01	2.944000e+03
4.869100e+01	2.958000e+03
4.874100e+01	2.955000e+03
4.879200e+01	2.960000e+03
4.884200e+01	2.928000e+03
4.889200e+01	2.922000e+03
4.894100e+01	2.928000e+03
4.899200e+01	2.960000e+03
4.904200e+01	2.894000e+03
4.909100e+01	2.919000e+03
4.914200e+01	2.941000e+03
4.919200e+01	2.952000e+03
4.924200e+01	3.031000e+03
4.929200e+01	2.950000e+03
4.934200e+01	2.932000e+03
4.939300e+01	2.861000e+03
4.944200e+01	2.937000e+03
4.949300e+01	2.909000e+03
4.954300e+01	2.988000e+03
4.959300e+01	2.955000e+03
4.964300e+01	3.002000e+03
4.969300e+01	2.975000e+03
4.974300e+01	2.991000e+03
4.979300e+01	2.971000e+03
4.984300e+01	3.030000e+03
4.989300e+01	2.973000e+03
4.994300e+01	2.964000e+03
4.999300e+01	2.985000e+03
5.004300e+01	3.008000e+03
5.009400e+01	2.965000e+03
5.014400e+01	2.869000e+03
5.019400e+01	2.949000e+03
5.024400e+01	2.910000e+03
5.029400e+01	3.012000e+03
5.034400e+01	2.919000e+03
5.039500e+01	3.025000e+03
5.044400e+01	2.937000e+03
5.049500e+01	3.004000e+03
5.054500e+01	2.918000e+03
5.059400e+01	2.944000e+03
5.064400e+01	3.036000e+03
5.069500e+01	2.990000e+03
5.074500e+01	2.949000e+03
5.079500e+01	2.940000e+03
5.084500e+01	3.016000e+03
5.089500e+01	2.928000e+03
5.094500e+01	3.010000e+03
5.099600e+01	2.967000e+03
5.104600e+01	3.005000e+03
5.109600e+01	2.964000e+03
5.114500e+01	3.063000e+03
5.119500e+01	2.944000e+03
5.124600e+01	2.938000e+03
5.129600e+01	2.697000e+03
5.134600e+01	2.754000e+03
5.139600e+01	2.701000e+03
5.144600e+01	2.809000e+03
5.149600e+01	2.792000e+03
5.154600e+01	2.834000e+03
5.159600e+01	2.810000e+03
5.164700e+01	2.809000e+03
5.169700e+01	2.850000e+03
5.174700e+01	2.841000e+03
5.179700e+01	2.898000e+03
5.184700e+01	2.840000e+03
5.189700e+01	2.938000e+03
5.194700e+01	2.867000e+03
5.199700e+01	2.892000e+03
5.204700e+01	2.882000e+03
5.209700e+01	2.867000e+03
5.214700e+01	2.882000e+03
5.219800e+01	2.900000e+03
5.224800e+01	2.913000e+03
5.229700e+01	2.836000e+03
5.234800e+01	2.929000e+03
5.239800e+01	2.914000e+03
5.244800e+01	2.936000e+03
5.249800e+01	2.892000e+03
5.254800e+01	2.860000e+03
5.259900e+01	2.873000e+03
5.264900e+01	2.942000e+03
5.269800e+01	2.856000e+03
5.274900e+01	2.960000e+03
5.279900e+01	2.874000e+03
5.284900e+01	2.869000e+03
5.289800e+01	2.821000e+03
5.294900e+01	2.870000e+03
5.299900e+01	2.904000e+03
5.304900e+01	2.929000e+03
5.309900e+01	2.842000e+03
5.314900e+01	2.886000e+03
5.319900e+01	2.912000e+03
5.324900e+01	2.915000e+03
5.330000e+01	2.906000e+03
5.335000e+01	2.810000e+03
5.340000e+01	2.922000e+03
5.345000e+01	2.861000e+03
5.350000e+01	2.961000e+03
5.355000e+01	2.860000e+03
5.360000e+01	2.957000e+03
5.365000e+01	2.874000e+03
5.370000e+01	2.940000e+03
5.375100e+01	2.858000e+03
5.380100e+01	2.913000e+03
5.385100e+01	2.890000e+03
5.390000e+01	2.939000e+03
5.395100e+01	2.869000e+03
5.400100e+01	2.922000e+03
5.405200e+01	2.959000e+03
5.410200e+01	2.898000e+03
5.415100e+01	2.923000e+03
5.420100e+01	2.868000e+03
5.425200e+01	2.900000e+03
5.430200e+01	2.907000e+03
5.435200e+01	2.924000e+03
5.440200e+01	2.848000e+03
5.445300e+01	2.916000e+03
5.450200e+01	2.882000e+03
5.455200e+01	2.868000e+03
5.460200e+01	2.926000e+03
5.465200e+01	2.918000e+03
5.470200e+01	2.912000e+03
5.475300e+01	2.859000e+03
5.480200e+01	2.868000e+03
5.485300e+01	2.901000e+03
5.490200e+01	2.866000e+03
5.495200e+01	2.860000e+03
5.500300e+01	2.882000e+03
5.505300e+01	2.857000e+03
5.510400e+01	2.893000e+03
5.515300e+01	2.807000e+03
5.520300e+01	2.892000e+03
5.525400e+01	2.734000e+03
5.530300e+01	2.671000e+03
5.535400e+01	2.641000e+03
5.540300e+01	2.708000e+03
5.545400e+01	2.757000e+03
5.550300e+01	2.718000e+03
5.555400e+01	2.712000e+03
5.560500e+01	2.739000e+03
5.565400e+01	2.778000e+03
5.570400e+01	2.780000e+03
5.575400e+01	2.766000e+03
5.580500e+01	2.827000e+03
5.585500e+01	2.793000e+03
5.590500e+01	2.786000e+03
5.595500e+01	2.789000e+03
5.600500e+01	2.787000e+03
5.605500e+01	2.800000e+03
5.610500e+01	2.776000e+03
5.615500e+01	2.840000e+03
5.620500e+01	2.789000e+03
5.625500e+01	2.810000e+03
5.630500e+01	2.837000e+03
5.635500e+01	2.823000e+03
5.640500e+01	2.821000e+03
5.645600e+01	2.829000e+03
5.650600e+01	2.771000e+03
5.655600e+01	2.855000e+03
5.660600e+01	2.813000e+03
5.665600e+01	2.827000e+03
5.670600e+01	2.816000e+03
5.675600e+01	2.766000e+03
5.680600e+01	2.804000e+03
5.685600e+01	2.830000e+03
5.690600e+01	2.821000e+03
5.695600e+01	2.861000e+03
5.700600e+01	2.821000e+03
5.705700e+01	2.843000e+03
5.710700e+01	2.805000e+03
5.715700e+01	2.822000e+03
5.720700e+01	2.848000e+03
5.725700e+01	2.850000e+03
5.730700e+01	2.806000e+03
5.735700e+01	2.777000e+03
5.740700e+01	2.792000e+03
5.745700e+01	2.836000e+03
5.750800e+01	2.818000e+03
5.755800e+01	2.846000e+03
5.760800e+01	2.788000e+03
5.765800e+01	2.850000e+03
5.770800e+01	2.825000e+03
5.775800e+01	2.830000e+03
5.780800e+01	2.803000e+03
5.785800e+01	2.831000e+03
5.790900e+01	2.764000e+03
5.795900e+01	2.754000e+03
5.800800e+01	2.808000e+03
5.805800e+01	2.847000e+03
5.810800e+01	2.789000e+03
5.815900e+01	2.783000e+03
5.820900e+01	2.821000e+03
5.825900e+01	2.817000e+03
5.830900e+01	2.821000e+03
5.835900e+01	2.818000e+03
5.840900e+01	2.789000e+03
5.845900e+01	2.781000e+03
5.851000e+01	2.791000e+03
5.856000e+01	2.768000e+03
5.860900e+01	2.809000e+03
5.866000e+01	2.816000e+03
5.871000e+01	2.883000e+03
5.876000e+01	2.802000e+03
5.881000e+01	2.868000e+03
5.886000e+01	2.825000e+03
5.891000e+01	2.836000e+03
5.896000e+01	2.798000e+03
5.901000e+01	2.827000e+03
5.906000e+01	2.826000e+03
5.911100e+01	2.811000e+03
5.916100e+01	2.724000e+03
5.921100e+01	2.832000e+03
5.926100e+01	2.678000e+03
5.931100e+01	2.566000e+03
5.936100e+01	2.623000e+03
5.941100e+01	2.587000e+03
5.946100e+01	2.667000e+03
5.951100e+01	2.633000e+03
5.956100e+01	2.690000e+03
5.961200e+01	2.710000e+03
5.966100e+01	2.660000e+03
5.971200e+01	2.656000e+03
5.976200e+01	2.669000e+03
5.981200e+01	2.708000e+03
5.986200e+01	2.698000e+03
5.991200e+01	2.688000e+03
5.996200e+01	2.744000e+03
6.001200e+01	2.722000e+03
6.006300e+01	2.740000e+03
6.011300e+01	2.749000e+03
6.016200e+01	2.690000e+03
6.021200e+01	2.718000e+03
6.026300e+01	2.743000e+03
6.031300e+01	2.793000e+03
6.036300e+01	2.653000e+03
6.041300e+01	2.768000e+03
6.046300e+01	2.722000e+03
6.051300e+01	2.695000e+03
6.056300e+01	2.779000e+03
6.061300e+01	2.697000e+03
6.066300e+01	2.788000e+03
6.071300e+01	2.757000e+03
6.076400e+01	2.728000e+03
6.081400e+01	2.745000e+03
6.086400e+01	2.748000e+03
6.091400e+01	2.712000e+03
6.096400e+01	2.752000e+03
6.101400e+01	2.700000e+03
6.106400e+01	2.769000e+03
6.111400e+01	2.682000e+03
6.116400e+01	2.772000e+03
6.121500e+01	2.660000e+03
6.126500e+01	2.723000e+03
6.131500e+01	2.707000e+03
6.136500e+01	2.735000e+03
6.141500e+01	2.738000e+03
6.146600e+01	2.772000e+03
6.151600e+01	2.710000e+03
6.156500e+01	2.688000e+03
6.161500e+01	2.755000e+03
6.166600e+01	2.719000e+03
6.171600e+01	2.736000e+03
6.176500e+01	2.680000e+03
6.181500e+01	2.791000e+03
6.186500e+01	2.671000e+03
6.191600e+01	2.768000e+03
6.196600e+01	2.626000e+03
6.201600e+01	2.738000e+03
6.206600e+01	2.704000e+03
6.211600e+01	2.704000e+03
6.216700e+01	2.653000e+03
6.221700e+01	2.688000e+03
6.226700e+01	2.684000e+03
6.231700e+01	2.730000e+03
6.236700e+01	2.696000e+03
6.241700e+01	2.740000e+03
6.246600e+01	2.737000e+03
6.251700e+01	2.674000e+03
6.256700e+01	2.698000e+03
6.261700e+01	2.701000e+03
6.266700e+01	2.768000e+03
6.271800e+01	2.686000e+03
6.276700e+01	2.707000e+03
6.281700e+01	2.692000e+03
6.286700e+01	2.760000e+03
6.291700e+01	2.699000e+03
6.296900e+01	2.729000e+03
6.301800e+01	2.639000e+03
6.306800e+01	2.732000e+03
6.311800e+01	2.720000e+03
6.316900e+01	2.746000e+03
6.321800e+01	2.753000e+03
6.326800e+01	2.563000e+03
6.331800e+01	2.545000e+03
6.336800e+01	2.470000e+03
6.341900e+01	2.551000e+03
6.346900e+01	2.528000e+03
6.351900e+01	2.595000e+03
6.356900e+01	2.555000e+03
6.361900e+01	2.622000e+03
6.367000e+01	2.582000e+03
6.371900e+01	2.693000e+03
6.376900e+01	2.618000e+03
6.381900e+01	2.654000e+03
6.386900e+01	2.652000e+03
6.391900e+01	2.634000e+03
6.397000e+01	2.589000e+03
6.402000e+01	2.620000e+03
6.407000e+01	2.670000e+03
6.412000e+01	2.651000e+03
6.417000e+01	2.599000e+03
6.422000e+01	2.597000e+03
6.427100e+01	2.651000e+03
6.432000e+01	2.642000e+03
6.437100e+01	2.700000e+03
6.442100e+01	2.615000e+03
6.447100e+01	2.654000e+03
6.452000e+01	2.597000e+03
6.457100e+01	2.647000e+03
6.462000e+01	2.636000e+03
6.467200e+01	2.669000e+03
6.472100e+01	2.684000e+03
6.477100e+01	2.656000e+03
6.482100e+01	2.652000e+03
6.487100e+01	2.682000e+03
6.492200e+01	2.687000e+03
6.497200e+01	2.687000e+03
6.502200e+01	2.664000e+03
6.507100e+01	2.627000e+03
6.512200e+01	2.687000e+03
6.517100e+01	2.688000e+03
6.522200e+01	2.694000e+03
6.527200e+01	2.664000e+03
6.532200e+01	2.689000e+03
6.537200e+01	2.689000e+03
6.542300e+01	2.737000e+03
6.547300e+01	2.675000e+03
6.552300e+01	2.681000e+03
6.557300e+01	2.682000e+03
6.562200e+01	2.721000e+03
6.567300e+01	2.634000e+03
6.572300e+01	2.681000e+03
6.577300e+01	2.656000e+03
6.582300e+01	2.704000e+03
6.587300e+01	2.707000e+03
6.592300e+01	2.653000e+03
6.597300e+01	2.701000e+03
6.602400e+01	2.665000e+03
6.607400e+01	2.688000e+03
6.612300e+01	2.681000e+03
6.617400e+01	2.679000e+03
6.622400e+01	2.676000e+03
6.627400e+01	2.701000e+03
6.632400e+01	2.638000e+03
6.637400e+01	2.658000e+03
6.642400e+01	2.642000e+03
6.647500e+01	2.678000e+03
6.652500e+01	2.645000e+03
6.657500e+01	2.632000e+03
6.662400e+01	2.698000e+03
6.667400e+01	2.658000e+03
6.672400e+01	2.675000e+03
6.677500e+01	2.606000e+03
6.682500e+01	2.682000e+03
6.687500e+01	2.696000e+03
6.692600e+01	2.621000e+03
6.697500e+01	2.622000e+03
6.702600e+01	2.645000e+03
6.707500e+01	2.610000e+03
6.712500e+01	2.707000e+03
6.717600e+01	2.646000e+03
6.722600e+01	2.663000e+03
6.727600e+01	2.416000e+03
6.732600e+01	2.518000e+03
6.737600e+01	2.488000e+03
6.742600e+01	2.498000e+03
6.747600e+01	2.512000e+03
6.752600e+01	2.539000e+03
6.757700e+01	2.542000e+03
6.762600e+01	2.586000e+03
6.767600e+01	2.579000e+03
6.772700e+01	2.624000e+03
6.777700e+01	2.592000e+03
6.782700e+01	2.595000e+03
6.787700e+01	2.645000e+03
6.792700e+01	2.562000e+03
6.797700e+01	2.684000e+03
6.802700e+01	2.575000e+03
6.807800e+01	2.673000e+03
6.812800e+01	2.612000e+03
6.817800e+01	2.588000e+03
6.822700e+01	2.615000e+03
6.827800e+01	2.657000e+03
6.832800e+01	2.616000e+03
6.837800e+01	2.585000e+03
6.842700e+01	2.546000e+03
6.847800e+01	2.595000e+03
6.852800e+01	2.628000e+03
6.857800e+01	2.680000e+03
6.862800e+01	2.644000e+03
6.867800e+01	2.598000e+03
6.872800e+01	2.644000e+03
6.877900e+01	2.640000e+03
6.882900e+01	2.683000e+03
6.887800e+01	2.639000e+03
6.892900e+01	2.704000e+03
6.897900e+01	2.619000e+03
6.902900e+01	2.644000e+03
6.907900e+01	2.650000e+03
6.913000e+01	2.661000e+03
6.917900e+01	2.629000e+03
6.922900e+01	2.642000e+03
6.927900e+01	2.645000e+03
6.933000e+01	2.641000e+03
6.938000e+01	2.594000e+03
6.942900e+01	2.606000e+03
6.948000e+01	2.651000e+03
6.953000e+01	2.597000e+03
6.958000e+01	2.574000e+03
6.963000e+01	2.618000e+03
6.968000e+01	2.642000e+03
6.973000e+01	2.629000e+03
6.978000e+01	2.628000e+03
6.983000e+01	2.601000e+03
6.988100e+01	2.612000e+03
6.993100e+01	2.618000e+03
6.998100e+01	2.635000e+03
7.003100e+01	2.673000e+03
7.008200e+01	2.592000e+03
7.013100e+01	2.639000e+03
7.018100e+01	2.622000e+03
7.023100e+01	2.689000e+03
7.028100e+01	2.638000e+03
7.033200e+01	2.623000e+03
7.038200e+01	2.598000e+03
7.043200e+01	2.627000e+03
7.048200e+01	2.611000e+03
7.053200e+01	2.632000e+03
7.058200e+01	2.616000e+03
7.063200e+01	2.704000e+03
7.068200e+01	2.674000e+03
7.073200e+01	2.624000e+03
7.078300e+01	2.630000e+03
7.083200e+01	2.628000e+03
7.088300e+01	2.675000e+03
7.093300e+01	2.607000e+03
7.098300e+01	2.617000e+03
7.103300e+01	2.615000e+03
7.108300e+01	2.642000e+03
7.113200e+01	2.604000e+03
7.118300e+01	2.628000e+03
7.123300e+01	2.580000e+03
7.128300e+01	2.445000e+03
7.133400e+01	2.437000e+03
7.138300e+01	2.495000e+03
7.143400e+01	2.500000e+03
7.148400e+01	2.522000e+03
7.153300e+01	2.514000e+03
7.158400e+01	2.506000e+03
7.163400e+01	2.564000e+03
7.168400e+01	2.600000e+03
7.173400e+01	2.574000e+03
7.178400e+01	2.562000e+03
7.183400e+01	2.525000e+03
7.188400e+01	2.548000e+03
7.193500e+01	2.609000e+03
7.198500e+01	2.647000e+03
7.203400e+01	2.566000e+03
7.208500e+01	2.555000e+03
7.213500e+01	2.608000e+03
7.218500e+01	2.552000e+03
7.223500e+01	2.583000e+03
7.228500e+01	2.588000e+03
7.233600e+01	2.575000e+03
7.238600e+01	2.537000e+03
7.243600e+01	2.500000e+03
7.248600e+01	2.554000e+03
7.253600e+01	2.594000e+03
7.258600e+01	2.651000e+03
7.263600e+01	2.564000e+03
7.268600e+01	2.618000e+03
7.273600e+01	2.549000e+03
7.278700e+01	2.593000e+03
7.283700e+01	2.623000e+03
7.288700e+01	2.623000e+03
7.293700e+01	2.553000e+03
7.298700e+01	2.588000e+03
7.303600e+01	2.577000e+03
7.308700e+01	2.616000e+03
7.313700e+01	2.592000e+03
7.318700e+01	2.586000e+03
7.323700e+01	2.549000e+03
7.328700e+01	2.619000e+03
7.333700e+01	2.595000e+03
7.338800e+01	2.636000e+03
7.343800e+01	2.636000e+03
7.348800e+01	2.601000e+03
7.353800e+01	2.570000e+03
7.358800e+01	2.597000e+03
7.363800e+01	2.585000e+03
7.368900e+01	2.602000e+03
7.373800e+01	2.623000e+03
7.378800e+01	2.580000e+03
7.383800e+01	2.591000e+03
7.388800e+01	2.576000e+03
7.393800e+01	2.621000e+03
7.398800e+01	2.602000e+03
7.403800e+01	2.601000e+03
7.408900e+01	2.591000e+03
7.413900e+01	2.555000e+03
7.418900e+01	2.590000e+03
7.423900e+01	2.595000e+03
7.428900e+01	2.667000e+03
7.433900e+01	2.597000e+03
7.438900e+01	2.641000e+03
7.443900e+01	2.529000e+03
7.449000e+01	2.643000e+03
7.454000e+01	2.605000e+03
7.459000e+01	2.587000e+03
7.464000e+01	2.623000e+03
7.469000e+01	2.570000e+03
7.474000e+01	2.589000e+03
7.478900e+01	2.603000e+03
7.484000e+01	2.612000e+03
7.489000e+01	2.590000e+03
7.494000e+01	2.594000e+03
7.499000e+01	2.588000e+03
7.504100e+01	2.612000e+03
7.509100e+01	2.654000e+03
7.514000e+01	2.619000e+03
7.519100e+01	2.604000e+03
7.524000e+01	2.530000e+03
7.529100e+01	2.421000e+03
7.534000e+01	2.409000e+03
7.539100e+01	2.429000e+03
7.544100e+01	2.478000e+03
7.549100e+01	2.491000e+03
7.554200e+01	2.456000e+03
7.559100e+01	2.459000e+03
7.564100e+01	2.564000e+03
7.569200e+01	2.521000e+03
7.574200e+01	2.526000e+03
7.579200e+01	2.500000e+03
7.584200e+01	2.539000e+03
7.589200e+01	2.541000e+03
7.594100e+01	2.565000e+03
7.599200e+01	2.567000e+03
7.604200e+01	2.546000e+03
7.609200e+01	2.553000e+03
7.614200e+01	2.574000e+03
7.619200e+01	2.560000e+03
7.624200e+01	2.589000e+03
7.629300e+01	2.572000e+03
7.634200e+01	2.551000e+03
7.639300e+01	2.532000e+03
7.644300e+01	2.581000e+03
7.649300e+01	2.547000e+03
7.654300e+01	2.594000e+03
7.659400e+01	2.621000e+03
7.664300e+01	2.557000e+03
7.669300e+01	2.584000e+03
7.674300e+01	2.525000e+03
7.679400e+01	2.631000e+03
7.684400e+01	2.528000e+03
7.689400e+01	2.559000e+03
7.694300e+01	2.586000e+03
7.699400e+01	2.548000e+03
7.704400e+01	2.599000e+03
7.709400e+01	2.533000e+03
7.714400e+01	2.545000e+03
7.719400e+01	2.606000e+03
7.724400e+01	2.604000e+03
7.729400e+01	2.590000e+03
7.734400e+01	2.591000e+03
7.739500e+01	2.537000e+03
7.744500e+01	2.579000e+03
7.749500e+01	2.528000e+03
7.754500e+01	2.602000e+03
7.759500e+01	2.547000e+03
7.764600e+01	2.588000e+03
7.769500e+01	2.571000e+03
7.774600e+01	2.529000e+03
7.779600e+01	2.566000e+03
7.784600e+01	2.529000e+03
7.789600e+01	2.574000e+03
7.794600e+01	2.541000e+03
7.799600e+01	2.612000e+03
7.804500e+01	2.548000e+03
7.809600e+01	2.611000e+03
7.814600e+01	2.538000e+03
7.819600e+01	2.581000e+03
7.824600e+01	2.611000e+03
7.829700e+01	2.550000e+03
7.834600e+01	2.519000e+03
7.839700e+01	2.538000e+03
7.844600e+01	2.578000e+03
7.849700e+01	2.574000e+03
7.854700e+01	2.559000e+03
7.859700e+01	2.549000e+03
7.864700e+01	2.595000e+03
7.869700e+01	2.603000e+03
7.874700e+01	2.595000e+03
7.879800e+01	2.481000e+03
7.884800e+01	2.594000e+03
7.889800e+01	2.509000e+03
7.894700e+01	2.595000e+03
7.899800e+01	2.535000e+03
7.904800e+01	2.588000e+03
7.909800e+01	2.539000e+03
7.914800e+01	2.561000e+03
7.919800e+01	2.548000e+03
7.924800e+01	2.478000e+03
7.929800e+01	2.394000e+03
7.934800e+01	2.459000e+03
7.939800e+01	2.433000e+03
7.944800e+01	2.411000e+03
7.949800e+01	2.434000e+03
7.954900e+01	2.420000e+03
7.959900e+01	2.499000e+03
7.964900e+01	2.446000e+03
7.969900e+01	2.492000e+03
7.974900e+01	2.448000e+03
7.979900e+01	2.498000e+03
7.984900e+01	2.488000e+03
7.990000e+01	2.505000e+03
7.994900e+01	2.515000e+03
8.000000e+01	2.525000e+03
8.004900e+01	2.493000e+03
8.009900e+01	2.469000e+03
8.015000e+01	2.518000e+03
8.020000e+01	2.515000e+03
8.025000e+01	2.535000e+03
8.030100e+01	2.486000e+03
8.035000e+01	2.536000e+03
8.040000e+01	2.486000e+03
8.045000e+01	2.547000e+03
8.050100e+01	2.483000e+03
8.055000e+01	2.544000e+03
8.060100e+01	2.557000e+03
8.065100e+01	2.515000e+03
8.070100e+01	2.511000e+03
8.075100e+01	2.585000e+03
8.080100e+01	2.566000e+03
8.085100e+01	2.512000e+03
8.090100e+01	2.527000e+03
8.095200e+01	2.554000e+03
8.100100e+01	2.575000e+03
8.105200e+01	2.506000e+03
8.110100e+01	2.605000e+03
8.115200e+01	2.492000e+03
8.120200e+01	2.550000e+03
8.125200e+01	2.565000e+03
8.130200e+01	2.569000e+03
8.135200e+01	2.524000e+03
8.140300e+01	2.552000e+03
8.145200e+01	2.528000e+03
8.150200e+01	2.539000e+03
8.155300e+01	2.518000e+03
8.160200e+01	2.497000e+03
8.165300e+01	2.559000e+03
8.170300e+01	2.473000e+03
8.175300e+01	2.551000e+03
8.180300e+01	2.492000e+03
8.185300e+01	2.540000e+03
8.190300e+01	2.566000e+03
8.195400e+01	2.529000e+03
8.200300e+01	2.488000e+03
8.205300e+01	2.547000e+03
8.210300e+01	2.551000e+03
8.215400e+01	2.565000e+03
8.220400e+01	2.505000e+03
8.225400e+01	2.581000e+03
8.230400e+01	2.527000e+03
8.235400e+01	2.513000e+03
8.240400e+01	2.481000e+03
8.245500e+01	2.496000e+03
8.250500e+01	2.553000e+03
8.255500e+01	2.436000e+03
8.260500e+01	2.529000e+03
8.265400e+01	2.474000e+03
8.270500e+01	2.529000e+03
8.275400e+01	2.543000e+03
8.280500e+01	2.478000e+03
8.285500e+01	2.490000e+03
8.290500e+01	2.533000e+03
8.295500e+01	2.455000e+03
8.300600e+01	2.566000e+03
8.305500e+01	2.473000e+03
8.310500e+01	2.525000e+03
8.315500e+01	2.487000e+03
8.320600e+01	2.489000e+03
8.325600e+01	2.412000e+03
8.330500e+01	2.399000e+03
8.335600e+01	2.376000e+03
8.340600e+01	2.378000e+03
8.345600e+01	2.394000e+03
8.350700e+01	2.382000e+03
8.355600e+01	2.444000e+03
8.360700e+01	2.395000e+03
8.365600e+01	2.437000e+03
8.370700e+01	2.389000e+03
8.375700e+01	2.445000e+03
8.380700e+01	2.442000e+03
8.385800e+01	2.438000e+03
8.390700e+01	2.455000e+03
8.395700e+01	2.467000e+03
8.400700e+01	2.450000e+03
8.405700e+01	2.486000e+03
8.410800e+01	2.454000e+03
8.415800e+01	2.520000e+03
8.420700e+01	2.448000e+03
8.425700e+01	2.451000e+03
8.430700e+01	2.405000e+03
8.435800e+01	2.496000e+03
8.440800e+01	2.471000e+03
8.445800e+01	2.486000e+03
8.450800e+01	2.476000e+03
8.455800e+01	2.445000e+03
8.460800e+01	2.471000e+03
8.465800e+01	2.506000e+03
8.470800e+01	2.487000e+03
8.475800e+01	2.466000e+03
8.480900e+01	2.493000e+03
8.485900e+01	2.417000e+03
8.490800e+01	2.461000e+03
8.495800e+01	2.447000e+03
8.500900e+01	2.513000e+03
8.505900e+01	2.413000e+03
8.511000e+01	2.497000e+03
8.515900e+01	2.482000e+03
8.521000e+01	2.484000e+03
8.526000e+01	2.462000e+03
8.531000e+01	2.474000e+03
8.536000e+01	2.492000e+03
8.541000e+01	2.404000e+03
8.545900e+01	2.488000e+03
8.550900e+01	2.457000e+03
8.556000e+01	2.524000e+03
8.561100e+01	2.462000e+03
8.566000e+01	2.461000e+03
8.571000e+01	2.463000e+03
8.576000e+01	2.478000e+03
8.581100e+01	2.427000e+03
8.586100e+01	2.521000e+03
8.591100e+01	2.467000e+03
8.596000e+01	2.515000e+03
8.601100e+01	2.437000e+03
8.606100e+01	2.466000e+03
8.611100e+01	2.474000e+03
8.616100e+01	2.439000e+03
8.621100e+01	2.495000e+03
8.626200e+01	2.424000e+03
8.631100e+01	2.531000e+03
8.636100e+01	2.474000e+03
8.641200e+01	2.509000e+03
8.646100e+01	2.445000e+03
8.651200e+01	2.510000e+03
8.656200e+01	2.435000e+03
8.661300e+01	2.515000e+03
8.666200e+01	2.493000e+03
8.671200e+01	2.443000e+03
8.676200e+01	2.442000e+03
8.681200e+01	2.493000e+03
8.686200e+01	2.461000e+03
8.691200e+01	2.469000e+03
8.696300e+01	2.481000e+03
8.701300e+01	2.446000e+03
8.706300e+01	2.474000e+03
8.711300e+01	2.422000e+03
8.716300e+01	2.499000e+03
8.721300e+01	2.407000e+03
8.726300e+01	2.354000e+03
8.731300e+01	2.264000e+03
8.736300e+01	2.328000e+03
8.741400e+01	2.340000e+03
8.746400e+01	2.360000e+03
8.751400e+01	2.400000e+03
8.756400e+01	2.457000e+03
8.761400e+01	2.380000e+03
8.766400e+01	2.419000e+03
8.771500e+01	2.419000e+03
8.776400e+01	2.418000e+03
8.781400e+01	2.436000e+03
8.786400e+01	2.422000e+03
8.791400e+01	2.438000e+03
8.796400e+01	2.451000e+03
8.801400e+01	2.440000e+03
8.806500e+01	2.455000e+03
8.811500e+01	2.480000e+03
8.816500e+01	2.410000e+03
8.821500e+01	2.459000e+03
8.826500e+01	2.421000e+03
8.831500e+01	2.437000e+03
8.836500e+01	2.478000e+03
8.841600e+01	2.519000e+03
8.846500e+01	2.435000e+03
8.851500e+01	2.444000e+03
8.856600e+01	2.439000e+03
8.861600e+01	2.467000e+03
8.866600e+01	2.496000e+03
8.871600e+01	2.462000e+03
8.876600e+01	2.520000e+03
8.881600e+01	2.435000e+03
8.886600e+01	2.503000e+03
8.891600e+01	2.469000e+03
8.896700e+01	2.497000e+03
8.901600e+01	2.481000e+03
8.906700e+01	2.448000e+03
8.911700e+01	2.449000e+03
8.916600e+01	2.498000e+03
8.921700e+01	2.497000e+03
8.926700e+01	2.503000e+03
8.931700e+01	2.457000e+03
8.936700e+01	2.451000e+03
8.941800e+01	2.511000e+03
8.946700e+01	2.468000e+03
8.951800e+01	2.539000e+03
8.956800e+01	2.477000e+03
8.961800e+01	2.464000e+03
8.966800e+01	2.388000e+03
8.971800e+01	2.495000e+03
8.976800e+01	2.470000e+03
8.981800e+01	2.492000e+03
8.986800e+01	2.412000e+03
8.991800e+01	2.501000e+03
8.996800e+01	2.416000e+03
9.001800e+01	2.464000e+03
9.006800e+01	2.484000e+03
9.011900e+01	2.474000e+03
9.016900e+01	2.454000e+03
9.021900e+01	2.413000e+03
9.026900e+01	2.506000e+03
9.031900e+01	2.441000e+03
9.036900e+01	2.506000e+03
9.042000e+01	2.497000e+03
9.046900e+01	2.462000e+03
9.051900e+01	2.481000e+03
9.056900e+01	2.524000e+03
9.062000e+01	2.481000e+03
9.067000e+01	2.515000e+03
9.072000e+01	2.445000e+03
9.077000e+01	2.464000e+03
9.082000e+01	2.462000e+03
9.087000e+01	2.501000e+03
9.092000e+01	2.500000e+03
9.097000e+01	2.451000e+03
9.102000e+01	2.531000e+03
9.107000e+01	2.397000e+03
9.112000e+01	2.492000e+03
9.117000e+01	2.474000e+03
9.122000e+01	2.494000e+03
9.127100e+01	2.339000e+03
9.132000e+01	2.339000e+03
9.137100e+01	2.343000e+03
9.142000e+01	2.401000e+03
9.147100e+01	2.357000e+03
9.152100e+01	2.407000e+03
9.157100e+01	2.402000e+03
9.162200e+01	2.427000e+03
9.167200e+01	2.413000e+03
9.172200e+01	2.446000e+03
9.177100e+01	2.510000e+03
9.182200e+01	2.404000e+03
9.187200e+01	2.444000e+03
9.192200e+01	2.426000e+03
9.197300e+01	2.449000e+03
9.202300e+01	2.444000e+03
9.207200e+01	2.435000e+03
9.212200e+01	2.399000e+03
9.217200e+01	2.471000e+03
9.222300e+01	2.422000e+03
9.227200e+01	2.476000e+03
9.232300e+01	2.425000e+03
9.237300e+01	2.474000e+03
9.242300e+01	2.492000e+03
9.247300e+01	2.456000e+03
9.252400e+01	2.450000e+03
9.257300e+01	2.467000e+03
9.262300e+01	2.462000e+03
9.267300e+01	2.432000e+03
9.272300e+01	2.459000e+03
9.277300e+01	2.480000e+03
9.282400e+01	2.455000e+03
9.287400e+01	2.434000e+03
9.292400e+01	2.488000e+03
9.297400e+01	2.426000e+03
9.302400e+01	2.489000e+03
9.307400e+01	2.473000e+03
9.312400e+01	2.487000e+03
9.317500e+01	2.453000e+03
9.322400e+01	2.470000e+03
9.327500e+01	2.438000e+03
9.332500e+01	2.463000e+03
9.337500e+01	2.444000e+03
9.342500e+01	2.473000e+03
9.347500e+01	2.492000e+03
9.352600e+01	2.432000e+03
9.357500e+01	2.466000e+03
9.362500e+01	2.422000e+03
9.367500e+01	2.456000e+03
9.372500e+01	2.448000e+03
9.377600e+01	2.516000e+03
9.382600e+01	2.442000e+03
9.387600e+01	2.494000e+03
9.392600e+01	2.452000e+03
9.397600e+01	2.505000e+03
9.402600e+01	2.458000e+03
9.407600e+01	2.503000e+03
9.412600e+01	2.469000e+03
9.417600e+01	2.501000e+03
9.422600e+01	2.466000e+03
9.427700e+01	2.514000e+03
9.432600e+01	2.493000e+03
9.437700e+01	2.451000e+03
9.442700e+01	2.504000e+03
9.447600e+01	2.419000e+03
9.452700e+01	2.454000e+03
9.457700e+01	2.459000e+03
9.462800e+01	2.522000e+03
9.467700e+01	2.472000e+03
9.472700e+01	2.480000e+03
9.477700e+01	2.468000e+03
9.482700e+01	2.460000e+03
9.487700e+01	2.479000e+03
9.492700e+01	2.501000e+03
9.497800e+01	2.463000e+03
9.502800e+01	2.448000e+03
9.507800e+01	2.422000e+03
9.512800e+01	2.453000e+03
9.517800e+01	2.500000e+03
9.522800e+01	2.480000e+03
9.527800e+01	2.344000e+03
9.532900e+01	2.332000e+03
9.537900e+01	2.390000e+03
9.542800e+01	2.386000e+03
9.547800e+01	2.403000e+03
9.552900e+01	2.402000e+03
9.557900e+01	2.456000e+03
9.562900e+01	2.425000e+03
9.567900e+01	2.491000e+03
9.572900e+01	2.398000e+03
9.577900e+01	2.470000e+03
9.582900e+01	2.424000e+03
9.587900e+01	2.494000e+03
9.593000e+01	2.483000e+03
9.598000e+01	2.480000e+03
9.602900e+01	2.507000e+03
9.608000e+01	2.423000e+03
9.613000e+01	2.494000e+03
9.618000e+01	2.426000e+03
9.623000e+01	2.517000e+03
9.628000e+01	2.469000e+03
9.633000e+01	2.517000e+03
9.638000e+01	2.472000e+03
9.643000e+01	2.477000e+03
9.648000e+01	2.462000e+03
9.653100e+01	2.491000e+03
9.658000e+01	2.507000e+03
9.663100e+01	2.534000e+03
9.668000e+01	2.486000e+03
9.673200e+01	2.503000e+03
9.678100e+01	2.476000e+03
9.683100e+01	2.493000e+03
9.688100e+01	2.493000e+03
9.693100e+01	2.468000e+03
9.698100e+01	2.471000e+03
9.703200e+01	2.442000e+03
9.708200e+01	2.532000e+03
9.713200e+01	2.468000e+03
9.718200e+01	2.570000e+03
9.723200e+01	2.499000e+03
9.728200e+01	2.569000e+03
9.733200e+01	2.439000e+03
9.738200e+01	2.514000e+03
9.743200e+01	2.462000e+03
9.748200e+01	2.495000e+03
9.753200e+01	2.465000e+03
9.758200e+01	2.502000e+03
9.763300e+01	2.426000e+03
9.768300e+01	2.507000e+03
9.773300e+01	2.488000e+03
9.778300e+01	2.500000e+03
9.783300e+01	2.506000e+03
9.788300e+01	2.443000e+03
9.793300e+01	2.501000e+03
9.798400e+01	2.475000e+03
9.803300e+01	2.498000e+03
9.808400e+01	2.481000e+03
9.813400e+01	2.487000e+03
9.818400e+01	2.461000e+03
9.823400e+01	2.426000e+03
9.828400e+01	2.545000e+03
9.833400e+01	2.519000e+03
9.838400e+01	2.479000e+03
9.843400e+01	2.469000e+03
9.848400e+01	2.452000e+03
9.853500e+01	2.484000e+03
9.858500e+01	2.543000e+03
9.863400e+01	2.474000e+03
9.868400e+01	2.458000e+03
9.873500e+01	2.472000e+03
9.878500e+01	2.479000e+03
9.883500e+01	2.515000e+03
9.888400e+01	2.501000e+03
9.893500e+01	2.489000e+03
9.898500e+01	2.465000e+03
9.903600e+01	2.476000e+03
9.908600e+01	2.465000e+03
9.913500e+01	2.498000e+03
9.918500e+01	2.491000e+03
9.923600e+01	2.449000e+03
9.928500e+01	2.334000e+03
9.933500e+01	2.362000e+03
9.938600e+01	2.372000e+03
9.943600e+01	2.405000e+03
9.948600e+01	2.396000e+03
9.953600e+01	2.420000e+03
9.958600e+01	2.426000e+03
9.963700e+01	2.475000e+03
9.968700e+01	2.471000e+03
9.973700e+01	2.498000e+03
9.978700e+01	2.490000e+03
9.983700e+01	2.467000e+03
9.988700e+01	2.417000e+03
9.993700e+01	2.493000e+03
9.998800e+01	2.495000e+03
1.000380e+02	2.505000e+03
1.000870e+02	2.542000e+03
1.001370e+02	2.472000e+03
1.001870e+02	2.501000e+03
1.002370e+02	2.472000e+03
1.002880e+02	2.551000e+03
1.003380e+02	2.491000e+03
1.003880e+02	2.501000e+03
1.004380e+02	2.465000e+03
1.004880e+02	2.495000e+03
1.005380e+02	2.471000e+03
1.005890e+02	2.541000e+03
1.006380e+02	2.456000e+03
1.006880e+02	2.528000e+03
1.007390e+02	2.487000e+03
1.007880e+02	2.529000e+03
1.008380e+02	2.515000e+03
1.008890e+02	2.515000e+03
1.009390e+02	2.472000e+03
1.009890e+02	2.507000e+03
1.010390e+02	2.454000e+03
1.010890e+02	2.471000e+03
1.011390e+02	2.526000e+03
1.011890e+02	2.497000e+03
1.012390e+02	2.511000e+03
1.012890e+02	2.529000e+03
1.013390e+02	2.513000e+03
1.013900e+02	2.460000e+03
1.014400e+02	2.541000e+03
1.014900e+02	2.491000e+03
1.015400e+02	2.450000e+03
1.015900e+02	2.522000e+03
1.016410e+02	2.481000e+03
1.016900e+02	2.513000e+03
1.017400e+02	2.558000e+03
1.017910e+02	2.467000e+03
1.018400e+02	2.537000e+03
1.018910e+02	2.465000e+03
1.019410e+02	2.464000e+03
1.019910e+02	2.549000e+03
1.020410e+02	2.475000e+03
1.020910e+02	2.551000e+03
1.021420e+02	2.437000e+03
1.021910e+02	2.535000e+03
1.022420e+02	2.457000e+03
1.022910e+02	2.511000e+03
1.023420e+02	2.521000e+03
1.023910e+02	2.520000e+03
1.024420e+02	2.472000e+03
1.024910e+02	2.496000e+03
1.025420e+02	2.489000e+03
1.025920e+02	2.554000e+03
1.026420e+02	2.507000e+03
1.026920e+02	2.503000e+03
1.027430e+02	2.532000e+03
1.027920e+02	2.501000e+03
1.028420e+02	2.508000e+03
1.028920e+02	2.438000e+03
1.029420e+02	2.521000e+03
1.029930e+02	2.519000e+03
1.030420e+02	2.533000e+03
1.030930e+02	2.525000e+03
1.031440e+02	2.482000e+03
1.031930e+02	2.506000e+03
1.032430e+02	2.468000e+03
1.032940e+02	2.320000e+03
1.033440e+02	2.453000e+03
1.033930e+02	2.405000e+03
1.034440e+02	2.454000e+03
1.034930e+02	2.407000e+03
1.035440e+02	2.434000e+03
1.035940e+02	2.403000e+03
1.036440e+02	2.468000e+03
1.036940e+02	2.460000e+03
1.037440e+02	2.495000e+03
1.037940e+02	2.464000e+03
1.038440e+02	2.477000e+03
1.038940e+02	2.485000e+03
1.039450e+02	2.462000e+03
1.039950e+02	2.510000e+03
1.040450e+02	2.428000e+03
1.040950e+02	2.470000e+03
1.041450e+02	2.466000e+03
1.041940e+02	2.490000e+03
1.042450e+02	2.528000e+03
1.042950e+02	2.523000e+03
1.043450e+02	2.474000e+03
1.043950e+02	2.535000e+03
1.044450e+02	2.498000e+03
1.044950e+02	2.537000e+03
1.045460e+02	2.508000e+03
1.045950e+02	2.497000e+03
1.046460e+02	2.505000e+03
1.046960e+02	2.488000e+03
1.047460e+02	2.533000e+03
1.047960e+02	2.464000e+03
1.048470e+02	2.529000e+03
1.048960e+02	2.484000e+03
1.049460e+02	2.462000e+03
1.049970e+02	2.445000e+03
1.050460e+02	2.540000e+03
1.050970e+02	2.511000e+03
1.051470e+02	2.532000e+03
1.051970e+02	2.482000e+03
1.052470e+02	2.524000e+03
1.052970e+02	2.440000e+03
1.053470e+02	2.535000e+03
1.053970e+02	2.473000e+03
1.054480e+02	2.455000e+03
1.054970e+02	2.506000e+03
1.055470e+02	2.454000e+03
1.055980e+02	2.521000e+03
1.056480e+02	2.472000e+03
1.056970e+02	2.503000e+03
1.057480e+02	2.509000e+03
1.057980e+02	2.420000e+03
1.058480e+02	2.466000e+03
1.058970e+02	2.497000e+03
1.059480e+02	2.553000e+03
1.059980e+02	2.505000e+03
1.060490e+02	2.504000e+03
1.060990e+02	2.497000e+03
1.061490e+02	2.462000e+03
1.061990e+02	2.518000e+03
1.062490e+02	2.505000e+03
1.062990e+02	2.487000e+03
1.063480e+02	2.471000e+03
1.063990e+02	2.457000e+03
1.064500e+02	2.446000e+03
1.064990e+02	2.437000e+03
1.065490e+02	2.552000e+03
1.066000e+02	2.524000e+03
1.066500e+02	2.469000e+03
1.066990e+02	2.451000e+03
1.067500e+02	2.471000e+03
1.068000e+02	2.486000e+03
1.068500e+02	2.491000e+03
1.069000e+02	2.492000e+03
1.069500e+02	2.488000e+03
1.070000e+02	2.442000e+03
1.070510e+02	2.464000e+03
1.071000e+02	2.439000e+03
1.071510e+02	2.467000e+03
1.072000e+02	2.490000e+03
1.072510e+02	2.407000e+03
1.073010e+02	2.387000e+03
1.073510e+02	2.333000e+03
1.074010e+02	2.437000e+03
1.074510e+02	2.408000e+03
1.075010e+02	2.456000e+03
1.075510e+02	2.424000e+03
1.076010e+02	2.469000e+03
1.076510e+02	2.444000e+03
1.077010e+02	2.411000e+03
1.077510e+02	2.443000e+03
1.078020e+02	2.457000e+03
1.078520e+02	2.459000e+03
1.079020e+02	2.494000e+03
1.079520e+02	2.505000e+03
1.080020e+02	2.477000e+03
1.080520e+02	2.497000e+03
1.081020e+02	2.432000e+03
1.081530e+02	2.477000e+03
1.082030e+02	2.453000e+03
1.082530e+02	2.485000e+03
1.083020e+02	2.405000e+03
1.083520e+02	2.446000e+03
1.084030e+02	2.426000e+03
1.084530e+02	2.502000e+03
1.085030e+02	2.503000e+03
1.085530e+02	2.487000e+03
1.086030e+02	2.482000e+03
1.086530e+02	2.477000e+03
1.087030e+02	2.538000e+03
1.087540e+02	2.506000e+03
1.088040e+02	2.511000e+03
1.088530e+02	2.495000e+03
1.089040e+02	2.506000e+03
1.089540e+02	2.477000e+03
1.090030e+02	2.520000e+03
1.090540e+02	2.495000e+03
1.091030e+02	2.578000e+03
1.091540e+02	2.517000e+03
1.092040e+02	2.514000e+03
1.092540e+02	2.524000e+03
1.093050e+02	2.500000e+03
1.093550e+02	2.538000e+03
1.094050e+02	2.573000e+03
1.094550e+02	2.526000e+03
1.095050e+02	2.542000e+03
1.095550e+02	2.529000e+03
1.096050e+02	2.524000e+03
1.096550e+02	2.591000e+03
1.097050e+02	2.526000e+03
1.097550e+02	2.546000e+03
1.098060e+02	2.536000e+03
1.098560e+02	2.585000e+03
1.099060e+02	2.543000e+03
1.099560e+02	2.599000e+03
1.100060e+02	2.543000e+03
1.100560e+02	2.542000e+03
1.101060e+02	2.496000e+03
1.101560e+02	2.584000e+03
1.102060e+02	2.526000e+03
1.102570e+02	2.553000e+03
1.103060e+02	2.576000e+03
1.103570e+02	2.550000e+03
1.104070e+02	2.562000e+03
1.104570e+02	2.526000e+03
1.105070e+02	2.590000e+03
1.105570e+02	2.546000e+03
1.106060e+02	2.572000e+03
1.106570e+02	2.478000e+03
1.107070e+02	2.515000e+03
1.107570e+02	2.557000e+03
1.108070e+02	2.512000e+03
1.108570e+02	2.489000e+03
1.109070e+02	2.535000e+03
1.109580e+02	2.533000e+03
1.110080e+02	2.552000e+03
1.110580e+02	2.514000e+03
1.111080e+02	2.530000e+03
1.111580e+02	2.491000e+03
1.112080e+02	2.517000e+03
1.112580e+02	2.446000e+03
1.113080e+02	2.390000e+03
1.113580e+02	2.526000e+03
1.114090e+02	2.483000e+03
1.114590e+02	2.475000e+03
1.115080e+02	2.454000e+03
1.115580e+02	2.458000e+03
1.116080e+02	2.505000e+03
1.116590e+02	2.543000e+03
1.117100e+02	2.507000e+03
1.117590e+02	2.530000e+03
1.118090e+02	2.501000e+03
1.118590e+02	2.530000e+03
1.119090e+02	2.529000e+03
1.119600e+02	2.589000e+03
1.120100e+02	2.541000e+03
1.120590e+02	2.545000e+03
1.121090e+02	2.530000e+03
1.121600e+02	2.604000e+03
1.122100e+02	2.546000e+03
1.122600e+02	2.571000e+03
1.123090e+02	2.564000e+03
1.123600e+02	2.581000e+03
1.124100e+02	2.566000e+03
1.124610e+02	2.549000e+03
1.125100e+02	2.554000e+03
1.125610e+02	2.537000e+03
1.126100e+02	2.608000e+03
1.126600e+02	2.539000e+03
1.127110e+02	2.630000e+03
1.127610e+02	2.593000e+03
1.128110e+02	2.596000e+03
1.128620e+02	2.532000e+03
1.129110e+02	2.573000e+03
1.129610e+02	2.580000e+03
1.130110e+02	2.573000e+03
1.130620e+02	2.563000e+03
1.131120e+02	2.531000e+03
1.131610e+02	2.591000e+03
1.132110e+02	2.571000e+03
1.132620e+02	2.693000e+03
1.133120e+02	2.581000e+03
1.133630e+02	2.569000e+03
1.134120e+02	2.557000e+03
1.134630e+02	2.609000e+03
1.135120e+02	2.576000e+03
1.135630e+02	2.618000e+03
1.136120e+02	2.551000e+03
1.136630e+02	2.559000e+03
1.137130e+02	2.532000e+03
1.137620e+02	2.616000e+03
1.138120e+02	2.581000e+03
1.138620e+02	2.555000e+03
1.139130e+02	2.598000e+03
1.139640e+02	2.528000e+03
1.140140e+02	2.604000e+03
1.140640e+02	2.533000e+03
1.141130e+02	2.624000e+03
1.141630e+02	2.549000e+03
1.142140e+02	2.597000e+03
1.142640e+02	2.574000e+03
1.143140e+02	2.581000e+03
1.143640e+02	2.515000e+03
1.144140e+02	2.645000e+03
1.144640e+02	2.551000e+03
1.145140e+02	2.597000e+03
1.145640e+02	2.523000e+03
1.146140e+02	2.591000e+03
1.146640e+02	2.545000e+03
1.147150e+02	2.620000e+03
1.147650e+02	2.591000e+03
1.148150e+02	2.544000e+03
1.148650e+02	2.537000e+03
1.149150e+02	2.502000e+03
1.149650e+02	2.627000e+03
1.150150e+02	2.562000e+03
1.150650e+02	2.543000e+03
1.151150e+02	2.588000e+03
1.151650e+02	2.522000e+03
1.152150e+02	2.582000e+03
1.152660e+02	2.579000e+03
1.153160e+02	2.482000e+03
1.153660e+02	2.494000e+03
1.154160e+02	2.487000e+03
1.154660e+02	2.486000e+03
1.155160e+02	2.495000e+03
1.155670e+02	2.523000e+03
1.156170e+02	2.566000e+03
1.156660e+02	2.530000e+03
1.157170e+02	2.596000e+03
1.157660e+02	2.533000e+03
1.158170e+02	2.633000e+03
1.158670e+02	2.591000e+03
1.159170e+02	2.590000e+03
1.159670e+02	2.603000e+03
1.160170e+02	2.622000e+03
1.160670e+02	2.564000e+03
1.161180e+02	2.596000e+03
1.161670e+02	2.589000e+03
1.162180e+02	2.631000e+03
1.162670e+02	2.630000e+03
1.163180e+02	2.575000e+03
1.163680e+02	2.642000e+03
1.164170e+02	2.615000e+03
1.164680e+02	2.592000e+03
1.165180e+02	2.587000e+03
1.165680e+02	2.629000e+03
1.166180e+02	2.604000e+03
1.166680e+02	2.588000e+03
1.167180e+02	2.613000e+03
1.167690e+02	2.614000e+03
1.168190e+02	2.593000e+03
1.168690e+02	2.605000e+03
1.169190e+02	2.593000e+03
1.169690e+02	2.680000e+03
1.170190e+02	2.627000e+03
1.170700e+02	2.607000e+03
1.171190e+02	2.619000e+03
1.171690e+02	2.607000e+03
1.172190e+02	2.615000e+03
1.172690e+02	2.629000e+03
1.173190e+02	2.638000e+03
1.173690e+02	2.606000e+03
1.174190e+02	2.589000e+03
1.174710e+02	2.594000e+03
1.175200e+02	2.615000e+03
1.175700e+02	2.595000e+03
1.176200e+02	2.611000e+03
1.176700e+02	2.593000e+03
1.177200e+02	2.669000e+03
1.177710e+02	2.596000e+03
1.178210e+02	2.619000e+03
1.178700e+02	2.581000e+03
1.179210e+02	2.620000e+03
1.179700e+02	2.664000e+03
1.180210e+02	2.584000e+03
1.180720e+02	2.605000e+03
1.181210e+02	2.646000e+03
1.181710e+02	2.640000e+03
1.182210e+02	2.625000e+03
1.182710e+02	2.648000e+03
1.183210e+02	2.617000e+03
1.183710e+02	2.648000e+03
1.184220e+02	2.598000e+03
1.184720e+02	2.649000e+03
1.185210e+02	2.604000e+03
1.185720e+02	2.692000e+03
1.186220e+02	2.639000e+03
1.186720e+02	2.674000e+03
1.187220e+02	2.626000e+03
1.187720e+02	2.583000e+03
1.188220e+02	2.628000e+03
1.188730e+02	2.650000e+03
1.189230e+02	2.625000e+03
1.189730e+02	2.673000e+03
1.190230e+02	2.620000e+03
1.190730e+02	2.594000e+03
1.191230e+02	2.592000e+03
1.191730e+02	2.585000e+03
1.192230e+02	2.636000e+03
1.192730e+02	2.532000e+03
1.193230e+02	2.568000e+03
1.193740e+02	2.546000e+03
1.194230e+02	2.617000e+03
1.194740e+02	2.541000e+03
1.195240e+02	2.657000e+03
1.195730e+02	2.587000e+03
1.196240e+02	2.597000e+03
1.196730e+02	2.603000e+03
1.197240e+02	2.665000e+03
1.197740e+02	2.676000e+03
1.198250e+02	2.701000e+03
1.198740e+02	2.680000e+03
1.199240e+02	2.651000e+03
1.199740e+02	2.664000e+03
1.200240e+02	2.666000e+03
1.200750e+02	2.692000e+03
1.201250e+02	2.666000e+03
1.201740e+02	2.672000e+03
1.202250e+02	2.638000e+03
1.202750e+02	2.711000e+03
1.203250e+02	2.641000e+03
1.203750e+02	2.758000e+03
1.204250e+02	2.672000e+03
1.204760e+02	2.728000e+03
1.205260e+02	2.622000e+03
1.205750e+02	2.664000e+03
1.206260e+02	2.723000e+03
1.206760e+02	2.725000e+03
1.207260e+02	2.707000e+03
1.207760e+02	2.667000e+03
1.208260e+02	2.700000e+03
1.208760e+02	2.686000e+03
1.209260e+02	2.711000e+03
1.209760e+02	2.696000e+03
1.210260e+02	2.750000e+03
1.210770e+02	2.659000e+03
1.211260e+02	2.754000e+03
1.211760e+02	2.693000e+03
1.212260e+02	2.728000e+03
1.212770e+02	2.797000e+03
1.213270e+02	2.703000e+03
1.213770e+02	2.721000e+03
1.214270e+02	2.691000e+03
1.214770e+02	2.701000e+03
1.215270e+02	2.705000e+03
1.215780e+02	2.692000e+03
1.216280e+02	2.659000e+03
1.216780e+02	2.710000e+03
1.217280e+02	2.696000e+03
1.217780e+02	2.761000e+03
1.218270e+02	2.684000e+03
1.218780e+02	2.739000e+03
1.219280e+02	2.730000e+03
1.219780e+02	2.664000e+03
1.220280e+02	2.669000e+03
1.220780e+02	2.680000e+03
1.221280e+02	2.698000e+03
1.221790e+02	2.661000e+03
1.222280e+02	2.658000e+03
1.222790e+02	2.765000e+03
1.223290e+02	2.741000e+03
1.223790e+02	2.725000e+03
1.224290e+02	2.752000e+03
1.224790e+02	2.649000e+03
1.225290e+02	2.780000e+03
1.225800e+02	2.720000e+03
1.226300e+02	2.788000e+03
1.226800e+02	2.693000e+03
1.227290e+02	2.680000e+03
1.227800e+02	2.640000e+03
1.228290e+02	2.658000e+03
1.228790e+02	2.680000e+03
1.229300e+02	2.727000e+03
1.229800e+02	2.697000e+03
1.230310e+02	2.661000e+03
1.230810e+02	2.647000e+03
1.231300e+02	2.734000e+03
1.231810e+02	2.726000e+03
1.232310e+02	2.645000e+03
1.232810e+02	2.653000e+03
1.233310e+02	2.568000e+03
1.233810e+02	2.657000e+03
1.234310e+02	2.621000e+03
1.234810e+02	2.684000e+03
1.235310e+02	2.617000e+03
1.235820e+02	2.683000e+03
1.236320e+02	2.656000e+03
1.236810e+02	2.711000e+03
1.237310e+02	2.716000e+03
1.237810e+02	2.735000e+03
1.238310e+02	2.801000e+03
1.238820e+02	2.722000e+03
1.239320e+02	2.801000e+03
1.239820e+02	2.696000e+03
1.240320e+02	2.735000e+03
1.240820e+02	2.767000e+03
1.241320e+02	2.769000e+03
1.241820e+02	2.713000e+03
1.242320e+02	2.789000e+03
1.242820e+02	2.777000e+03
1.243320e+02	2.858000e+03
1.243820e+02	2.718000e+03
1.244320e+02	2.777000e+03
1.244820e+02	2.775000e+03
1.245330e+02	2.792000e+03
1.245840e+02	2.799000e+03
1.246330e+02	2.775000e+03
1.246840e+02	2.824000e+03
1.247330e+02	2.736000e+03
1.247830e+02	2.778000e+03
1.248330e+02	2.751000e+03
1.248840e+02	2.785000e+03
1.249330e+02	2.762000e+03
1.249840e+02	2.814000e+03
1.250340e+02	2.759000e+03
1.250840e+02	2.802000e+03
1.251340e+02	2.758000e+03
1.251840e+02	2.809000e+03
1.252350e+02	2.728000e+03
1.252840e+02	2.848000e+03
1.253340e+02	2.722000e+03
1.253850e+02	2.756000e+03
1.254350e+02	2.695000e+03
1.254850e+02	2.713000e+03
1.255340e+02	2.726000e+03
1.255850e+02	2.646000e+03
1.256350e+02	2.696000e+03
1.256850e+02	2.691000e+03
1.257350e+02	2.787000e+03
1.257850e+02	2.679000e+03
1.258350e+02	2.728000e+03
1.258850e+02	2.719000e+03
1.259350e+02	2.730000e+03
1.259860e+02	2.706000e+03
1.260360e+02	2.732000e+03
1.260850e+02	2.726000e+03
1.261360e+02	2.718000e+03
1.261860e+02	2.717000e+03
1.262360e+02	2.755000e+03
1.262860e+02	2.788000e+03
1.263370e+02	2.753000e+03
1.263860e+02	2.692000e+03
1.264360e+02	2.733000e+03
1.264870e+02	2.718000e+03
1.265370e+02	2.784000e+03
1.265870e+02	2.754000e+03
1.266360e+02	2.712000e+03
1.266870e+02	2.734000e+03
1.267370e+02	2.708000e+03
1.267870e+02	2.779000e+03
1.268370e+02	2.731000e+03
1.268880e+02	2.756000e+03
1.269380e+02	2.708000e+03
1.269880e+02	2.739000e+03
1.270370e+02	2.691000e+03
1.270870e+02	2.758000e+03
1.271380e+02	2.685000e+03
1.271880e+02	2.737000e+03
1.272380e+02	2.682000e+03
1.272890e+02	2.690000e+03
1.273380e+02	2.702000e+03
1.273890e+02	2.638000e+03
1.274380e+02	2.665000e+03
1.274890e+02	2.707000e+03
1.275380e+02	2.690000e+03
1.275890e+02	2.663000e+03
1.276390e+02	2.788000e+03
1.276880e+02	2.738000e+03
1.277390e+02	2.776000e+03
1.277890e+02	2.698000e+03
1.278390e+02	2.789000e+03
1.278890e+02	2.768000e+03
1.279390e+02	2.819000e+03
1.279900e+02	2.811000e+03
1.280390e+02	2.775000e+03
1.280890e+02	2.763000e+03
1.281390e+02	2.776000e+03
1.281900e+02	2.774000e+03
1.282400e+02	2.850000e+03
1.282900e+02	2.756000e+03
1.283400e+02	2.846000e+03
1.283900e+02	2.754000e+03
1.284400e+02	2.756000e+03
1.284900e+02	2.832000e+03
1.285410e+02	2.709000e+03
1.285900e+02	2.830000e+03
1.286400e+02	2.748000e+03
1.286910e+02	2.800000e+03
1.287410e+02	2.800000e+03
1.287910e+02	2.787000e+03
1.288410e+02	2.793000e+03
1.288910e+02	2.845000e+03
1.289410e+02	2.762000e+03
1.289910e+02	2.824000e+03
1.290420e+02	2.722000e+03
1.290910e+02	2.835000e+03
1.291410e+02	2.759000e+03
1.291920e+02	2.778000e+03
1.292420e+02	2.831000e+03
1.292920e+02	2.713000e+03
1.293420e+02	2.849000e+03
1.293920e+02	2.772000e+03
1.294420e+02	2.817000e+03
1.294930e+02	2.776000e+03
1.295420e+02	2.803000e+03
1.295920e+02	2.733000e+03
1.296420e+02	2.841000e+03
1.296930e+02	2.778000e+03
1.297420e+02	2.855000e+03
1.297930e+02	2.769000e+03
1.298430e+02	2.740000e+03
1.298930e+02	2.805000e+03
1.299430e+02	2.817000e+03
1.299930e+02	2.850000e+03
1.300430e+02	2.778000e+03
1.300940e+02	2.767000e+03
1.301430e+02	2.746000e+03
1.301930e+02	2.788000e+03
1.302430e+02	2.807000e+03
1.302940e+02	2.837000e+03
1.303430e+02	2.795000e+03
1.303940e+02	2.798000e+03
1.304440e+02	2.755000e+03
1.304940e+02	2.804000e+03
1.305440e+02	2.793000e+03
1.305940e+02	2.837000e+03
1.306440e+02	2.729000e+03
1.306940e+02	2.792000e+03
1.307440e+02	2.737000e+03
1.307950e+02	2.779000e+03
1.308440e+02	2.800000e+03
1.308950e+02	2.785000e+03
1.309440e+02	2.777000e+03
1.309950e+02	2.740000e+03
1.310460e+02	2.739000e+03
1.310950e+02	2.799000e+03
1.311450e+02	2.820000e+03
1.311960e+02	2.757000e+03
1.312460e+02	2.873000e+03
1.312950e+02	2.678000e+03
1.313450e+02	2.718000e+03
1.313960e+02	2.727000e+03
1.314460e+02	2.768000e+03
1.314960e+02	2.792000e+03
1.315460e+02	2.747000e+03
1.315960e+02	2.723000e+03
1.316460e+02	2.784000e+03
1.316970e+02	2.791000e+03
1.317470e+02	2.858000e+03
1.317970e+02	2.788000e+03
1.318470e+02	2.814000e+03
1.318970e+02	2.900000e+03
1.319470e+02	2.820000e+03
1.319970e+02	2.919000e+03
1.320470e+02	2.804000e+03
1.320970e+02	2.881000e+03
1.321470e+02	2.830000e+03
1.321970e+02	2.816000e+03
1.322470e+02	2.900000e+03
1.322970e+02	2.876000e+03
1.323470e+02	2.890000e+03
1.323980e+02	2.863000e+03
1.324470e+02	2.765000e+03
1.324970e+02	2.898000e+03
1.325480e+02	2.878000e+03
1.325980e+02	2.864000e+03
1.326490e+02	2.867000e+03
1.326980e+02	2.831000e+03
1.327480e+02	2.903000e+03
1.327980e+02	2.801000e+03
1.328480e+02	2.860000e+03
1.328990e+02	2.859000e+03
1.329490e+02	2.931000e+03
1.329990e+02	2.831000e+03
1.330480e+02	2.897000e+03
1.330990e+02	2.900000e+03
1.331490e+02	2.935000e+03
1.332000e+02	2.880000e+03
1.332490e+02	2.891000e+03
1.332990e+02	2.866000e+03
1.333490e+02	2.851000e+03
1.334000e+02	2.905000e+03
1.334500e+02	2.823000e+03
1.335000e+02	2.914000e+03
1.335500e+02	2.872000e+03
1.336010e+02	2.869000e+03
1.336500e+02	2.869000e+03
1.337000e+02	2.933000e+03
1.337500e+02	2.862000e+03
1.338000e+02	2.886000e+03
1.338500e+02	2.787000e+03
1.339010e+02	2.934000e+03
1.339500e+02	2.849000e+03
1.340010e+02	2.941000e+03
1.340510e+02	2.821000e+03
1.341000e+02	2.838000e+03
1.341500e+02	2.881000e+03
1.342010e+02	2.850000e+03
1.342510e+02	2.936000e+03
1.343010e+02	2.837000e+03
1.343510e+02	2.904000e+03
1.344010e+02	2.833000e+03
1.344510e+02	2.899000e+03
1.345020e+02	2.859000e+03
1.345510e+02	2.910000e+03
1.346030e+02	2.861000e+03
1.346510e+02	2.892000e+03
1.347020e+02	2.865000e+03
1.347520e+02	2.905000e+03
1.348020e+02	2.865000e+03
1.348520e+02	2.865000e+03
1.349020e+02	2.850000e+03
1.349520e+02	2.851000e+03
1.350020e+02	2.856000e+03
1.350520e+02	2.904000e+03
1.351030e+02	2.862000e+03
1.351530e+02	2.916000e+03
1.352030e+02	2.867000e+03
1.352520e+02	2.812000e+03
1.353030e+02	2.813000e+03
1.353530e+02	2.757000e+03
1.354030e+02	2.877000e+03
1.354540e+02	2.848000e+03
1.355030e+02	2.853000e+03
1.355540e+02	2.860000e+03
1.356040e+02	2.929000e+03
1.356530e+02	2.929000e+03
1.357050e+02	2.948000e+03
1.357530e+02	2.872000e+03
1.358040e+02	2.890000e+03
1.358540e+02	2.850000e+03
1.359050e+02	3.010000e+03
1.359550e+02	2.961000e+03
1.360050e+02	2.911000e+03
1.360550e+02	2.961000e+03
1.361050e+02	2.944000e+03
1.361550e+02	2.947000e+03
1.362050e+02	2.910000e+03
1.362550e+02	3.049000e+03
1.363050e+02	2.992000e+03
1.363550e+02	2.994000e+03
1.364060e+02	2.889000e+03
1.364560e+02	2.980000e+03
1.365050e+02	2.966000e+03
1.365560e+02	3.061000e+03
1.366050e+02	2.873000e+03
1.366550e+02	2.974000e+03
1.367060e+02	2.943000e+03
1.367550e+02	2.981000e+03
1.368060e+02	2.918000e+03
1.368550e+02	2.963000e+03
1.369060e+02	2.965000e+03
1.369670e+02	2.920000e+03
1.370070e+02	2.984000e+03
1.370560e+02	2.933000e+03
1.371070e+02	2.979000e+03
1.371560e+02	2.915000e+03
1.372060e+02	2.977000e+03
1.372570e+02	2.918000e+03
1.373070e+02	3.029000e+03
1.373570e+02	2.937000e+03
1.374070e+02	2.960000e+03
1.374570e+02	2.879000e+03
1.375070e+02	2.929000e+03
1.375570e+02	2.925000e+03
1.376080e+02	2.976000e+03
1.376580e+02	2.985000e+03
1.377080e+02	2.979000e+03
1.377570e+02	2.945000e+03
1.378080e+02	2.948000e+03
1.378570e+02	3.021000e+03
1.379080e+02	2.944000e+03
1.379580e+02	3.080000e+03
1.380080e+02	2.902000e+03
1.380590e+02	3.025000e+03
1.381080e+02	2.921000e+03
1.381580e+02	2.984000e+03
1.382090e+02	3.012000e+03
1.382590e+02	3.026000e+03
1.383090e+02	2.965000e+03
1.383580e+02	3.024000e+03
1.384090e+02	2.995000e+03
1.384590e+02	2.998000e+03
1.385090e+02	3.001000e+03
1.385590e+02	3.025000e+03
1.386090e+02	2.954000e+03
1.386590e+02	2.982000e+03
1.387090e+02	3.014000e+03
1.387590e+02	2.952000e+03
1.388100e+02	3.023000e+03
1.388590e+02	2.863000e+03
1.389090e+02	3.026000e+03
1.389590e+02	2.959000e+03
1.390100e+02	2.991000e+03
1.390600e+02	3.006000e+03
1.391100e+02	3.029000e+03
1.391610e+02	2.986000e+03
1.392100e+02	2.969000e+03
1.392610e+02	2.968000e+03
1.393110e+02	2.943000e+03
1.393600e+02	2.925000e+03
1.394110e+02	2.912000e+03
1.394610e+02	2.952000e+03
1.395110e+02	2.904000e+03
1.395610e+02	3.026000e+03
1.396110e+02	2.984000e+03
1.396610e+02	3.055000e+03
1.397120e+02	2.959000e+03
1.397620e+02	3.044000e+03
1.398120e+02	3.017000e+03
1.398620e+02	3.113000e+03
1.399120e+02	3.061000e+03
1.399610e+02	3.043000e+03
1.400110e+02	2.958000e+03
1.400610e+02	3.023000e+03
1.401120e+02	3.069000e+03
1.401630e+02	3.022000e+03
1.402130e+02	3.127000e+03
1.402630e+02	3.068000e+03
1.403130e+02	3.141000e+03
1.403630e+02	3.027000e+03
1.404120e+02	3.100000e+03
1.404630e+02	3.015000e+03
1.405130e+02	3.126000e+03
1.405630e+02	3.155000e+03
1.406130e+02	3.059000e+03
1.406630e+02	3.020000e+03
1.407130e+02	3.119000e+03
1.407630e+02	3.062000e+03
1.408130e+02	3.078000e+03
1.408630e+02	3.118000e+03
1.409140e+02	3.076000e+03
1.409630e+02	3.088000e+03
1.410140e+02	3.061000e+03
1.410640e+02	3.204000e+03
1.411140e+02	3.096000e+03
1.411630e+02	3.074000e+03
1.412140e+02	3.053000e+03
1.412640e+02	3.133000e+03
1.413140e+02	3.033000e+03
1.413640e+02	3.184000e+03
1.414140e+02	3.060000e+03
1.414640e+02	3.143000e+03
1.415150e+02	3.084000e+03
1.415650e+02	3.123000e+03
1.416150e+02	3.112000e+03
1.416650e+02	3.065000e+03
1.417150e+02	3.078000e+03
1.417650e+02	3.060000e+03
1.418160e+02	3.097000e+03
1.418650e+02	3.077000e+03
1.419160e+02	3.080000e+03
1.419650e+02	3.074000e+03
1.420160e+02	3.097000e+03
1.420660e+02	3.005000e+03
1.421150e+02	3.125000e+03
1.421660e+02	3.054000e+03
1.422160e+02	3.120000e+03
1.422660e+02	3.015000e+03
1.423160e+02	3.062000e+03
1.423660e+02	3.029000e+03
1.424170e+02	3.072000e+03
1.424660e+02	3.058000e+03
1.425160e+02	3.071000e+03
1.425670e+02	3.036000e+03
1.426170e+02	3.045000e+03
1.426670e+02	3.106000e+03
1.427170e+02	3.044000e+03
1.427670e+02	3.134000e+03
1.428170e+02	3.101000e+03
1.428670e+02	3.088000e+03
1.429180e+02	3.069000e+03
1.429670e+02	3.076000e+03
1.430180e+02	3.004000e+03
1.430670e+02	3.086000e+03
1.431180e+02	3.037000e+03
1.431680e+02	3.080000e+03
1.432180e+02	3.057000e+03
1.432680e+02	3.064000e+03
1.433180e+02	3.017000e+03
1.433680e+02	3.008000e+03
1.434190e+02	3.021000e+03
1.434680e+02	2.999000e+03
1.435190e+02	3.064000e+03
1.435680e+02	3.068000e+03
1.436190e+02	3.018000e+03
1.436690e+02	3.074000e+03
1.437190e+02	3.134000e+03
1.437680e+02	3.111000e+03
1.438190e+02	3.144000e+03
1.438690e+02	3.178000e+03
1.439200e+02	3.149000e+03
1.439700e+02	3.145000e+03
1.440200e+02	3.126000e+03
1.440700e+02	3.215000e+03
1.441190e+02	3.231000e+03
1.441700e+02	3.164000e+03
1.442200e+02	3.178000e+03
1.442700e+02	3.219000e+03
1.443200e+02	3.231000e+03
1.443700e+02	3.171000e+03
1.444200e+02	3.213000e+03
1.444700e+02	3.144000e+03
1.445200e+02	3.217000e+03
1.445700e+02	3.180000e+03
1.446200e+02	3.164000e+03
1.446710e+02	3.223000e+03
1.447210e+02	3.202000e+03
1.447710e+02	3.192000e+03
1.448210e+02	3.105000e+03
1.448710e+02	3.192000e+03
1.449220e+02	3.174000e+03
1.449720e+02	3.192000e+03
1.450210e+02	3.224000e+03
1.450720e+02	3.164000e+03
1.451220e+02	3.209000e+03
1.451710e+02	3.181000e+03
1.452220e+02	3.220000e+03
1.452720e+02	3.244000e+03
1.453220e+02	3.128000e+03
1.453720e+02	3.220000e+03
1.454220e+02	3.112000e+03
1.454720e+02	3.161000e+03
1.455220e+02	3.187000e+03
1.455730e+02	3.141000e+03
1.456220e+02	3.191000e+03
1.456730e+02	3.147000e+03
1.457220e+02	3.203000e+03
1.457720e+02	3.203000e+03
1.458220e+02	3.148000e+03
1.458730e+02	3.174000e+03
1.459230e+02	3.141000e+03
1.459730e+02	3.183000e+03
1.460230e+02	3.174000e+03
1.460740e+02	3.166000e+03
1.461230e+02	3.196000e+03
1.461730e+02	3.155000e+03
1.462230e+02	3.154000e+03
1.462730e+02	3.283000e+03
1.463230e+02	3.222000e+03
1.463730e+02	3.210000e+03
1.464240e+02	3.184000e+03
1.464740e+02	3.187000e+03
1.465240e+02	3.148000e+03
1.465740e+02	3.204000e+03
1.466240e+02	3.123000e+03
1.466740e+02	3.159000e+03
1.467240e+02	3.138000e+03
1.467740e+02	3.145000e+03
1.468250e+02	3.216000e+03
1.468750e+02	3.160000e+03
1.469250e+02	3.202000e+03
1.469750e+02	3.158000e+03
1.470250e+02	3.177000e+03
1.470750e+02	3.161000e+03
1.471250e+02	3.184000e+03
1.471760e+02	3.130000e+03
1.472250e+02	3.150000e+03
1.472750e+02	3.164000e+03
1.473260e+02	3.098000e+03
1.473760e+02	3.109000e+03
1.474260e+02	3.149000e+03
1.474760e+02	3.165000e+03
1.475260e+02	3.150000e+03
1.475760e+02	3.161000e+03
1.476260e+02	3.176000e+03
1.476760e+02	3.248000e+03
1.477260e+02	3.142000e+03
1.477760e+02	3.222000e+03
1.478270e+02	3.130000e+03
1.478770e+02	3.259000e+03
1.479260e+02	3.188000e+03
1.479770e+02	3.254000e+03
1.480270e+02	3.235000e+03
1.480770e+02	3.340000e+03
1.481270e+02	3.277000e+03
1.481770e+02	3.287000e+03
1.482270e+02	3.187000e+03
1.482770e+02	3.268000e+03
1.483280e+02	3.287000e+03
1.483780e+02	3.253000e+03
1.484280e+02	3.220000e+03
1.484780e+02	3.282000e+03
1.485270e+02	3.233000e+03
1.485780e+02	3.275000e+03
1.486280e+02	3.260000e+03
1.486780e+02	3.272000e+03
1.487280e+02	3.341000e+03
1.487790e+02	3.197000e+03
1.488280e+02	3.351000e+03
1.488790e+02	3.216000e+03
1.489280e+02	3.358000e+03
1.489780e+02	3.330000e+03
1.490290e+02	3.247000e+03
1.490800e+02	3.238000e+03
1.491290e+02	3.227000e+03
1.491790e+02	3.280000e+03
1.492300e+02	3.269000e+03
1.492790e+02	3.321000e+03
1.493290e+02	3.297000e+03
1.493790e+02	3.276000e+03
1.494300e+02	3.189000e+03
1.494800e+02	3.294000e+03
1.495290e+02	3.247000e+03
1.495800e+02	3.363000e+03
1.496300e+02	3.210000e+03
1.496800e+02	3.244000e+03
1.497300e+02	3.231000e+03
1.497800e+02	3.345000e+03
1.498300e+02	3.284000e+03
1.498810e+02	3.313000e+03
1.499300e+02	3.194000e+03
1.499800e+02	3.283000e+03
1.500310e+02	3.258000e+03
1.500810e+02	3.290000e+03
1.501310e+02	3.346000e+03
1.501810e+02	3.247000e+03
1.502310e+02	3.276000e+03
1.502810e+02	3.325000e+03
1.503310e+02	3.334000e+03
1.503820e+02	3.263000e+03
1.504320e+02	3.314000e+03
1.504810e+02	3.189000e+03
1.505330e+02	3.300000e+03
1.505820e+02	3.298000e+03
1.506320e+02	3.320000e+03
1.506820e+02	3.227000e+03
1.507320e+02	3.304000e+03
1.507820e+02	3.211000e+03
1.508320e+02	3.240000e+03
1.508820e+02	3.258000e+03
1.509330e+02	3.243000e+03
1.509820e+02	3.262000e+03
1.510320e+02	3.244000e+03
1.510830e+02	3.293000e+03
1.511330e+02	3.247000e+03
1.511820e+02	3.280000e+03
1.512330e+02	3.227000e+03
1.512830e+02	3.260000e+03
1.513330e+02	3.129000e+03
1.513830e+02	3.195000e+03
1.514330e+02	3.177000e+03
1.514840e+02	3.255000e+03
1.515340e+02	3.305000e+03
1.515840e+02	3.343000e+03
1.516330e+02	3.295000e+03
1.516830e+02	3.296000e+03
1.517340e+02	3.296000e+03
1.517840e+02	3.369000e+03
1.518340e+02	3.277000e+03
1.518840e+02	3.348000e+03
1.519350e+02	3.352000e+03
1.519910e+02	3.317000e+03
1.520340e+02	3.304000e+03
1.520850e+02	3.337000e+03
1.521350e+02	3.411000e+03
1.521850e+02	3.347000e+03
1.522340e+02	3.341000e+03
1.522850e+02	3.346000e+03
1.523350e+02	3.357000e+03
1.523850e+02	3.322000e+03
1.524350e+02	3.352000e+03
1.524860e+02	3.374000e+03
1.525360e+02	3.350000e+03
1.525850e+02	3.289000e+03
1.526360e+02	3.412000e+03
1.526850e+02	3.337000e+03
1.527350e+02	3.406000e+03
1.527850e+02	3.383000e+03
1.528360e+02	3.294000e+03
1.528860e+02	3.321000e+03
1.529360e+02	3.376000e+03
1.529860e+02	3.404000e+03
1.530360e+02	3.330000e+03
1.530860e+02	3.377000e+03
1.531370e+02	3.259000e+03
1.531870e+02	3.360000e+03
1.532370e+02	3.290000e+03
1.532860e+02	3.461000e+03
1.533370e+02	3.309000e+03
1.533870e+02	3.373000e+03
1.534370e+02	3.259000e+03
1.534870e+02	3.340000e+03
1.535370e+02	3.340000e+03
1.535870e+02	3.401000e+03
1.536380e+02	3.287000e+03
1.536880e+02	3.330000e+03
1.537380e+02	3.380000e+03
1.537870e+02	3.363000e+03
1.538380e+02	3.415000e+03
1.538880e+02	3.299000e+03
1.539380e+02	3.327000e+03
1.539880e+02	3.328000e+03
1.540380e+02	3.363000e+03
1.540880e+02	3.336000e+03
1.541380e+02	3.394000e+03
1.541880e+02	3.268000e+03
1.542380e+02	3.417000e+03
1.542880e+02	3.358000e+03
1.543380e+02	3.372000e+03
1.543890e+02	3.333000e+03
1.544390e+02	3.259000e+03
1.544890e+02	3.327000e+03
1.545400e+02	3.327000e+03
1.545900e+02	3.339000e+03
1.546390e+02	3.359000e+03
1.546890e+02	3.327000e+03
1.547390e+02	3.303000e+03
1.547900e+02	3.370000e+03
1.548400e+02	3.338000e+03
1.548900e+02	3.357000e+03
1.549400e+02	3.266000e+03
1.549900e+02	3.324000e+03
1.550400e+02	3.268000e+03
1.550900e+02	3.356000e+03
1.551400e+02	3.274000e+03
1.551900e+02	3.378000e+03
1.552400e+02	3.316000e+03
1.552900e+02	3.224000e+03
1.553400e+02	3.287000e+03
1.553910e+02	3.259000e+03
1.554410e+02	3.344000e+03
1.554910e+02	3.343000e+03
1.555410e+02	3.391000e+03
1.555910e+02	3.322000e+03
1.556410e+02	3.364000e+03
1.556910e+02	3.427000e+03
1.557410e+02	3.460000e+03
1.557910e+02	3.409000e+03
1.558410e+02	3.409000e+03
1.558910e+02	3.406000e+03
1.559410e+02	3.420000e+03
1.559910e+02	3.405000e+03
1.560410e+02	3.461000e+03
1.560920e+02	3.455000e+03
1.561420e+02	3.433000e+03
1.561920e+02	3.363000e+03
1.562430e+02	3.445000e+03
1.562920e+02	3.475000e+03
1.563420e+02	3.417000e+03
1.563920e+02	3.440000e+03
1.564420e+02	3.388000e+03
1.564930e+02	3.422000e+03
1.565430e+02	3.422000e+03
1.565930e+02	3.517000e+03
1.566430e+02	3.421000e+03
1.566930e+02	3.445000e+03
1.567440e+02	3.381000e+03
1.567940e+02	3.452000e+03
1.568440e+02	3.451000e+03
1.568940e+02	3.478000e+03
1.569440e+02	3.553000e+03
1.569940e+02	3.394000e+03
1.570440e+02	3.411000e+03
1.570940e+02	3.419000e+03
1.571440e+02	3.418000e+03
1.571940e+02	3.534000e+03
1.572450e+02	3.644000e+03
1.572950e+02	3.378000e+03
1.573440e+02	3.514000e+03
1.573950e+02	3.364000e+03
1.574450e+02	3.528000e+03
1.574940e+02	3.408000e+03
1.575450e+02	3.492000e+03
1.575940e+02	3.499000e+03
1.576450e+02	3.442000e+03
1.576950e+02	3.525000e+03
1.577450e+02	3.457000e+03
1.577950e+02	3.496000e+03
1.578450e+02	3.403000e+03
1.578950e+02	3.499000e+03
1.579460e+02	3.364000e+03
1.579960e+02	3.508000e+03
1.580460e+02	3.401000e+03
1.580950e+02	3.427000e+03
1.581450e+02	3.380000e+03
1.581960e+02	3.459000e+03
1.582460e+02	3.424000e+03
1.582960e+02	3.491000e+03
1.583460e+02	3.433000e+03
1.583960e+02	3.442000e+03
1.584460e+02	3.401000e+03
1.584960e+02	3.385000e+03
1.585470e+02	3.400000e+03
1.585970e+02	3.389000e+03
1.586470e+02	3.501000e+03
1.586970e+02	3.354000e+03
1.587470e+02	3.372000e+03
1.587970e+02	3.342000e+03
1.588470e+02	3.446000e+03
1.588970e+02	3.429000e+03
1.589470e+02	3.397000e+03
1.589970e+02	3.342000e+03
1.590470e+02	3.400000e+03
1.590970e+02	3.396000e+03
1.591480e+02	3.427000e+03
1.591980e+02	3.365000e+03
1.592480e+02	3.471000e+03
1.592980e+02	3.263000e+03
1.593490e+02	3.324000e+03
1.593980e+02	3.367000e+03
1.594480e+02	3.406000e+03
1.594980e+02	3.460000e+03
1.595490e+02	3.432000e+03
1.595980e+02	3.480000e+03
1.596490e+02	3.378000e+03
1.596990e+02	3.526000e+03
1.597490e+02	3.469000e+03
1.597990e+02	3.475000e+03
1.598490e+02	3.468000e+03
1.598990e+02	3.559000e+03
1.599500e+02	3.491000e+03
1.599990e+02	3.573000e+03
1.600490e+02	3.466000e+03
1.600990e+02	3.512000e+03
1.601500e+02	3.547000e+03
1.602000e+02	3.521000e+03
1.602500e+02	3.561000e+03
1.603000e+02	3.595000e+03
1.603500e+02	3.594000e+03
1.604000e+02	3.459000e+03
1.604500e+02	3.619000e+03
1.605010e+02	3.562000e+03
1.605500e+02	3.615000e+03
1.606000e+02	3.588000e+03
1.606500e+02	3.638000e+03
1.607000e+02	3.534000e+03
1.607500e+02	3.601000e+03
1.608010e+02	3.518000e+03
1.608510e+02	3.617000e+03
1.609010e+02	3.608000e+03
1.609510e+02	3.568000e+03
1.610010e+02	3.543000e+03
1.610510e+02	3.509000e+03
1.611010e+02	3.606000e+03
1.611520e+02	3.568000e+03
1.612010e+02	3.542000e+03
1.612520e+02	3.554000e+03
1.613020e+02	3.549000e+03
1.613520e+02	3.581000e+03
1.614020e+02	3.583000e+03
1.614530e+02	3.585000e+03
1.615020e+02	3.578000e+03
1.615520e+02	3.486000e+03
1.616020e+02	3.563000e+03
1.616520e+02	3.525000e+03
1.617020e+02	3.615000e+03
1.617530e+02	3.550000e+03
1.618020e+02	3.580000e+03
1.618530e+02	3.643000e+03
1.619020e+02	3.524000e+03
1.619530e+02	3.525000e+03
1.620030e+02	3.586000e+03
1.620530e+02	3.573000e+03
1.621030e+02	3.632000e+03
1.621540e+02	3.539000e+03
1.622040e+02	3.503000e+03
1.622540e+02	3.540000e+03
1.623030e+02	3.555000e+03
1.623530e+02	3.550000e+03
1.624030e+02	3.540000e+03
1.624540e+02	3.578000e+03
1.625030e+02	3.481000e+03
1.625540e+02	3.606000e+03
1.626040e+02	3.569000e+03
1.626550e+02	3.574000e+03
1.627050e+02	3.539000e+03
1.627550e+02	3.478000e+03
1.628040e+02	3.574000e+03
1.628540e+02	3.554000e+03
1.629040e+02	3.578000e+03
1.629550e+02	3.613000e+03
1.630050e+02	3.532000e+03
1.630550e+02	3.587000e+03
1.631050e+02	3.588000e+03
1.631550e+02	3.530000e+03
1.632050e+02	3.482000e+03
1.632550e+02	3.523000e+03
1.633060e+02	3.504000e+03
1.633550e+02	3.419000e+03
1.634060e+02	3.614000e+03
1.634560e+02	3.557000e+03
1.635060e+02	3.576000e+03
1.635560e+02	3.559000e+03
1.636060e+02	3.604000e+03
1.636560e+02	3.671000e+03
1.637060e+02	3.637000e+03
1.637560e+02	3.717000e+03
1.638060e+02	3.656000e+03
1.638570e+02	3.668000e+03
1.639060e+02	3.689000e+03
1.639570e+02	3.635000e+03
1.640070e+02	3.620000e+03
1.640560e+02	3.724000e+03
1.641070e+02	3.602000e+03
1.641570e+02	3.725000e+03
1.642070e+02	3.550000e+03
1.642570e+02	3.760000e+03
1.643070e+02	3.613000e+03
1.643570e+02	3.695000e+03
1.644070e+02	3.606000e+03
1.644580e+02	3.675000e+03
1.645080e+02	3.682000e+03
1.645580e+02	3.697000e+03
1.646080e+02	3.632000e+03
1.646580e+02	3.691000e+03
1.647080e+02	3.698000e+03
1.647580e+02	3.672000e+03
1.648080e+02	3.685000e+03
1.648590e+02	3.644000e+03
1.649080e+02	3.656000e+03
1.649590e+02	3.622000e+03
1.650090e+02	3.708000e+03
1.650590e+02	3.637000e+03
1.651090e+02	3.779000e+03
1.651590e+02	3.638000e+03
1.652090e+02	3.644000e+03
1.652590e+02	3.706000e+03
1.653090e+02	3.691000e+03
1.653590e+02	3.722000e+03
1.654090e+02	3.813000e+03
1.654600e+02	3.729000e+03
1.655090e+02	3.673000e+03
1.655600e+02	3.704000e+03
1.656090e+02	3.665000e+03
1.656590e+02	3.824000e+03
1.657090e+02	3.692000e+03
1.657600e+02	3.790000e+03
1.658100e+02	3.689000e+03
1.658610e+02	3.785000e+03
1.659110e+02	3.691000e+03
1.659600e+02	3.760000e+03
1.660100e+02	3.726000e+03
1.660610e+02	3.760000e+03
1.661110e+02	3.706000e+03
1.661610e+02	3.717000e+03
1.662110e+02	3.776000e+03
1.662600e+02	3.784000e+03
1.663110e+02	3.708000e+03
1.663620e+02	3.641000e+03
1.664110e+02	3.793000e+03
1.664610e+02	3.663000e+03
1.665120e+02	3.780000e+03
1.665620e+02	3.676000e+03
1.666120e+02	3.785000e+03
1.666620e+02	3.730000e+03
1.667120e+02	3.737000e+03
1.667630e+02	3.710000e+03
1.668120e+02	3.744000e+03
1.668620e+02	3.708000e+03
1.669130e+02	3.743000e+03
1.669620e+02	3.678000e+03
1.670120e+02	3.757000e+03
1.670620e+02	3.711000e+03
1.671120e+02	3.663000e+03
1.671630e+02	3.749000e+03
1.672130e+02	3.636000e+03
1.672630e+02	3.813000e+03
1.673130e+02	3.595000e+03
1.673630e+02	3.692000e+03
1.674130e+02	3.692000e+03
1.674640e+02	3.721000e+03
1.675140e+02	3.708000e+03
1.675630e+02	3.710000e+03
1.676140e+02	3.677000e+03
1.676640e+02	3.799000e+03
1.677140e+02	3.775000e+03
1.677640e+02	3.769000e+03
1.678130e+02	3.819000e+03
1.678640e+02	3.720000e+03
1.679140e+02	3.857000e+03
1.679640e+02	3.831000e+03
1.680140e+02	3.862000e+03
1.680640e+02	3.770000e+03
1.681150e+02	3.914000e+03
1.681640e+02	3.720000e+03
1.682150e+02	3.993000e+03
1.682650e+02	3.865000e+03
1.683150e+02	3.932000e+03
1.683650e+02	3.812000e+03
1.684150e+02	3.903000e+03
1.684650e+02	3.853000e+03
1.685150e+02	3.847000e+03
1.685650e+02	3.912000e+03
1.686150e+02	3.778000e+03
1.686660e+02	3.846000e+03
1.687160e+02	3.798000e+03
1.687660e+02	3.841000e+03
1.688150e+02	3.856000e+03
1.688660e+02	3.940000e+03
1.689160e+02	3.792000e+03
1.689660e+02	3.867000e+03
1.690160e+02	3.800000e+03
1.690660e+02	3.918000e+03
1.691160e+02	3.823000e+03
1.691670e+02	3.911000e+03
1.692160e+02	3.838000e+03
1.692670e+02	3.974000e+03
1.693160e+02	3.844000e+03
1.693670e+02	3.875000e+03
1.694170e+02	3.889000e+03
1.694670e+02	3.805000e+03
1.695180e+02	3.862000e+03
1.695670e+02	3.829000e+03
1.696170e+02	3.907000e+03
1.696680e+02	3.866000e+03
1.697170e+02	3.885000e+03
1.697670e+02	3.849000e+03
1.698170e+02	3.891000e+03
1.698680e+02	3.774000e+03
1.699180e+02	3.906000e+03
1.699680e+02	3.717000e+03
1.700180e+02	3.868000e+03
1.700680e+02	3.765000e+03
1.701180e+02	3.816000e+03
1.701680e+02	3.849000e+03
1.702190e+02	3.932000e+03
1.702680e+02	3.887000e+03
1.703190e+02	3.787000e+03
1.703690e+02	3.758000e+03
1.704190e+02	3.782000e+03
1.704690e+02	3.905000e+03
1.705190e+02	3.746000e+03
1.705690e+02	3.780000e+03
1.706190e+02	3.785000e+03
1.706690e+02	3.828000e+03
1.707190e+02	3.788000e+03
1.707700e+02	3.871000e+03
1.708200e+02	3.808000e+03
1.708700e+02	3.881000e+03
1.709190e+02	3.759000e+03
1.709700e+02	3.844000e+03
1.710200e+02	3.839000e+03
1.710710e+02	3.847000e+03
1.711200e+02	3.765000e+03
1.711700e+02	3.847000e+03
1.712200e+02	3.795000e+03
1.712700e+02	3.747000e+03
1.713200e+02	3.778000e+03
1.713700e+02	3.750000e+03
1.714210e+02	3.772000e+03
1.714710e+02	3.813000e+03
1.715210e+02	3.895000e+03
1.715710e+02	3.845000e+03
1.716210e+02	3.869000e+03
1.716710e+02	3.836000e+03
1.717210e+02	3.921000e+03
1.717720e+02	3.856000e+03
1.718220e+02	3.861000e+03
1.718720e+02	3.895000e+03
1.719220e+02	3.925000e+03
1.719720e+02	3.894000e+03
1.720220e+02	3.966000e+03
1.720720e+02	3.888000e+03
1.721220e+02	3.872000e+03
1.721720e+02	3.935000e+03
1.722220e+02	3.904000e+03
1.722720e+02	4.095000e+03
1.723230e+02	3.868000e+03
1.723730e+02	3.973000e+03
1.724230e+02	3.885000e+03
1.724720e+02	3.918000e+03
1.725220e+02	3.928000e+03
1.725730e+02	4.039000e+03
1.726230e+02	3.830000e+03
1.726730e+02	3.953000e+03
1.727230e+02	3.913000e+03
1.727730e+02	4.087000e+03
1.728230e+02	3.960000e+03
1.728730e+02	3.937000e+03
1.729230e+02	3.886000e+03
1.729730e+02	3.929000e+03
1.730240e+02	3.946000e+03
1.730740e+02	3.907000e+03
1.731240e+02	3.940000e+03
1.731730e+02	3.944000e+03
1.732230e+02	3.968000e+03
1.732740e+02	4.032000e+03
1.733240e+02	4.055000e+03
1.733750e+02	3.954000e+03
1.734240e+02	4.017000e+03
1.734750e+02	3.945000e+03
1.735240e+02	3.958000e+03
1.735750e+02	3.834000e+03
1.736250e+02	3.986000e+03
1.736750e+02	3.902000e+03
1.737250e+02	3.945000e+03
1.737750e+02	3.933000e+03
1.738250e+02	3.947000e+03
1.738760e+02	3.921000e+03
1.739260e+02	3.929000e+03
1.739760e+02	3.945000e+03
1.740260e+02	3.958000e+03
1.740760e+02	3.949000e+03
1.741260e+02	3.898000e+03
1.741750e+02	3.955000e+03
1.742270e+02	3.809000e+03
1.742770e+02	4.054000e+03
1.743260e+02	3.854000e+03
1.743770e+02	3.928000e+03
1.744260e+02	3.836000e+03
1.744760e+02	3.915000e+03
1.745260e+02	3.920000e+03
1.745760e+02	3.894000e+03
1.746260e+02	3.861000e+03
1.746770e+02	3.888000e+03
1.747270e+02	3.913000e+03
1.747770e+02	3.801000e+03
1.748270e+02	3.919000e+03
1.748770e+02	3.813000e+03
1.749270e+02	3.876000e+03
1.749780e+02	3.806000e+03
1.750280e+02	3.899000e+03
1.750780e+02	3.838000e+03
1.751270e+02	4.001000e+03
1.751770e+02	3.798000e+03
1.752270e+02	3.907000e+03
1.752780e+02	3.839000e+03
1.753270e+02	3.823000e+03
1.753780e+02	3.852000e+03
1.754280e+02	3.830000e+03
1.754780e+02	3.851000e+03
1.755280e+02	3.901000e+03
1.755780e+02	3.939000e+03
1.756290e+02	3.862000e+03
1.756780e+02	3.930000e+03
1.757280e+02	3.866000e+03
1.757790e+02	3.997000e+03
1.758290e+02	3.946000e+03
1.758800e+02	4.007000e+03
1.759290e+02	3.947000e+03
1.759790e+02	3.911000e+03
1.760290e+02	3.975000e+03
1.760790e+02	3.908000e+03
1.761300e+02	3.960000e+03
1.761800e+02	4.010000e+03
1.762300e+02	3.978000e+03
1.762800e+02	4.095000e+03
1.763290e+02	3.878000e+03
1.763790e+02	4.032000e+03
1.764290e+02	3.927000e+03
1.764800e+02	3.946000e+03
1.765300e+02	4.034000e+03
1.765800e+02	3.844000e+03
1.766310e+02	4.001000e+03
1.766800e+02	3.910000e+03
1.767300e+02	3.962000e+03
1.767810e+02	3.999000e+03
1.768310e+02	4.016000e+03
1.768810e+02	3.972000e+03
1.769310e+02	3.919000e+03
1.769820e+02	3.960000e+03
1.770310e+02	4.017000e+03
1.770810e+02	3.946000e+03
1.771320e+02	3.951000e+03
1.771820e+02	3.847000e+03
1.772310e+02	3.979000e+03
1.772820e+02	4.057000e+03
1.773320e+02	3.997000e+03
1.773820e+02	3.942000e+03
1.774320e+02	3.924000e+03
1.774820e+02	4.018000e+03
1.775320e+02	3.926000e+03
1.775820e+02	4.060000e+03
1.776320e+02	4.030000e+03
1.776820e+02	3.964000e+03
1.777330e+02	3.955000e+03
1.777820e+02	3.939000e+03
1.778320e+02	4.017000e+03
1.778830e+02	4.002000e+03
1.779330e+02	3.924000e+03
1.779830e+02	3.892000e+03
1.780330e+02	3.947000e+03
1.780840e+02	4.016000e+03
1.781330e+02	3.952000e+03
1.781840e+02	3.995000e+03
1.782330e+02	4.000000e+03
1.782840e+02	3.975000e+03
1.783330e+02	4.001000e+03
1.783830e+02	3.924000e+03
1.784340e+02	4.088000e+03
1.784840e+02	3.991000e+03
1.785340e+02	3.989000e+03
1.785840e+02	3.953000e+03
1.786340e+02	4.004000e+03
1.786840e+02	4.034000e+03
1.787340e+02	3.995000e+03
1.787850e+02	3.961000e+03
1.788350e+02	3.928000e+03
1.788850e+02	3.946000e+03
1.789340e+02	3.957000e+03
1.789850e+02	3.980000e+03
1.790350e+02	3.931000e+03
1.790850e+02	3.950000e+03
1.791350e+02	3.865000e+03
1.791860e+02	3.981000e+03
1.792350e+02	3.943000e+03
1.792850e+02	3.984000e+03
1.793350e+02	3.900000e+03
1.793860e+02	3.866000e+03
1.794360e+02	3.844000e+03
1.794860e+02	3.961000e+03
1.795360e+02	3.911000e+03
1.795860e+02	3.980000e+03
1.796360e+02	3.908000e+03
1.796860e+02	3.954000e+03
1.797360e+02	3.979000e+03
1.797860e+02	4.000000e+03
1.798360e+02	4.010000e+03
1.798860e+02	4.031000e+03
1.799360e+02	4.057000e+03
1.799860e+02	4.006000e+03
1.800370e+02	4.015000e+03
1.800870e+02	4.026000e+03
1.801370e+02	4.044000e+03
1.801870e+02	3.978000e+03
1.802380e+02	4.012000e+03
1.802870e+02	3.998000e+03
1.803370e+02	4.043000e+03
1.803880e+02	4.055000e+03
1.804380e+02	4.062000e+03
1.804870e+02	4.081000e+03
1.805380e+02	4.038000e+03
1.805870e+02	4.095000e+03
1.806380e+02	4.076000e+03
1.806880e+02	4.052000e+03
1.807380e+02	4.083000e+03
1.807880e+02	4.033000e+03
1.808390e+02	4.043000e+03
1.808890e+02	4.095000e+03
1.809380e+02	4.095000e+03
1.809890e+02	4.095000e+03
1.810380e+02	4.095000e+03
1.810890e+02	4.095000e+03
1.811390e+02	4.023000e+03
1.811890e+02	4.095000e+03
1.812380e+02	4.095000e+03
1.812900e+02	4.095000e+03
1.813390e+02	4.032000e+03
1.813890e+02	4.018000e+03
1.814390e+02	4.071000e+03
1.814890e+02	4.059000e+03
1.815390e+02	4.094000e+03
1.815900e+02	4.095000e+03
1.816390e+02	4.058000e+03
1.816890e+02	4.011000e+03
1.817390e+02	4.050000e+03
1.817890e+02	4.093000e+03
1.818400e+02	4.095000e+03
1.818910e+02	4.028000e+03
1.819400e+02	4.001000e+03
1.819900e+02	3.910000e+03
1.820400e+02	4.076000e+03
1.820910e+02	4.032000e+03
1.821410e+02	4.095000e+03
1.821910e+02	4.000000e+03
1.822410e+02	4.095000e+03
1.822910e+02	4.061000e+03
1.823410e+02	4.044000e+03
1.823910e+02	4.095000e+03
1.824410e+02	4.015000e+03
1.824910e+02	4.026000e+03
1.825410e+02	3.983000e+03
1.825920e+02	4.009000e+03
1.826420e+02	4.055000e+03
1.826910e+02	4.083000e+03
1.827410e+02	4.054000e+03
1.827920e+02	4.037000e+03
1.828420e+02	4.037000e+03
1.828920e+02	4.095000e+03
1.829420e+02	3.991000e+03
1.829920e+02	4.095000e+03
1.830420e+02	4.035000e+03
1.830930e+02	4.043000e+03
1.831430e+02	4.006000e+03
1.831930e+02	4.010000e+03
1.832430e+02	4.095000e+03
1.832930e+02	3.943000e+03
1.833430e+02	3.939000e+03
1.833930e+02	3.951000e+03
1.834430e+02	3.981000e+03
1.834930e+02	4.040000e+03
1.835430e+02	4.067000e+03
1.835930e+02	4.055000e+03
1.836440e+02	4.080000e+03
1.836940e+02	3.968000e+03
1.837440e+02	4.095000e+03
1.837940e+02	4.070000e+03
1.838440e+02	4.095000e+03
1.838940e+02	4.095000e+03
1.839440e+02	4.095000e+03
1.839940e+02	4.095000e+03
1.840440e+02	4.095000e+03
1.840940e+02	4.095000e+03
1.841440e+02	4.095000e+03
1.841950e+02	4.095000e+03
1.842450e+02	4.095000e+03
1.842940e+02	4.095000e+03
1.843450e+02	4.095000e+03
1.843950e+02	4.095000e+03
1.844450e+02	4.095000e+03
1.844950e+02	4.095000e+03
1.845460e+02	4.076000e+03
1.845960e+02	4.095000e+03
1.846460e+02	4.095000e+03
1.846950e+02	4.095000e+03
1.847450e+02	4.095000e+03
1.847960e+02	4.095000e+03
1.848460e+02	4.095000e+03
1.848960e+02	4.095000e+03
1.849460e+02	4.095000e+03
1.849970e+02	4.095000e+03
1.850460e+02	4.095000e+03
1.850970e+02	4.095000e+03
1.851460e+02	4.095000e+03
1.851970e+02	4.095000e+03
1.852470e+02	4.095000e+03
1.852970e+02	4.095000e+03
1.853470e+02	4.095000e+03
1.853970e+02	4.095000e+03
1.854470e+02	4.095000e+03
1.854970e+02	4.095000e+03
1.855470e+02	4.095000e+03
1.855970e+02	4.095000e+03
1.856470e+02	4.095000e+03
1.856970e+02	4.095000e+03
1.857470e+02	4.095000e+03
1.857970e+02	4.095000e+03
1.858470e+02	4.095000e+03
1.858980e+02	4.095000e+03
1.859470e+02	4.095000e+03
1.859980e+02	4.095000e+03
1.860480e+02	4.095000e+03
1.860980e+02	4.095000e+03
1.861490e+02	4.068000e+03
1.861980e+02	4.095000e+03
1.862480e+02	4.095000e+03
1.862990e+02	4.095000e+03
1.863480e+02	4.095000e+03
1.863980e+02	4.095000e+03
1.864490e+02	4.095000e+03
1.864990e+02	4.095000e+03
1.865490e+02	4.095000e+03
1.866000e+02	4.095000e+03
1.866490e+02	4.095000e+03
1.866990e+02	4.095000e+03
1.867490e+02	4.095000e+03
1.868000e+02	4.095000e+03
1.868490e+02	4.095000e+03
1.868990e+02	4.095000e+03
1.869490e+02	4.095000e+03
1.870000e+02	4.095000e+03
1.870490e+02	4.095000e+03
1.871000e+02	4.095000e+03
1.871500e+02	4.095000e+03
1.872000e+02	4.095000e+03
1.872510e+02	4.095000e+03
1.873000e+02	4.095000e+03
1.873500e+02	4.069000e+03
1.874010e+02	4.095000e+03
1.874510e+02	4.095000e+03
1.875010e+02	4.095000e+03
1.875510e+02	4.095000e+03
1.876010e+02	4.095000e+03
1.876510e+02	4.095000e+03
1.877010e+02	4.095000e+03
1.877510e+02	4.095000e+03
1.878020e+02	4.095000e+03
1.878510e+02	4.095000e+03
1.879020e+02	4.095000e+03
1.879510e+02	4.095000e+03
1.880020e+02	4.095000e+03
1.880510e+02	4.095000e+03
1.881020e+02	4.095000e+03
1.881520e+02	4.095000e+03
1.882020e+02	4.095000e+03
1.882520e+02	4.095000e+03
1.883030e+02	4.095000e+03
1.883520e+02	4.095000e+03
1.884020e+02	4.095000e+03
1.884530e+02	4.095000e+03
1.885030e+02	4.095000e+03
1.885530e+02	4.095000e+03
1.886030e+02	4.095000e+03
1.886530e+02	4.095000e+03
1.887030e+02	4.095000e+03
1.887540e+02	4.095000e+03
1.888030e+02	4.095000e+03
1.888540e+02	4.095000e+03
1.889040e+02	4.095000e+03
1.889540e+02	4.095000e+03
1.890040e+02	4.095000e+03
1.890540e+02	4.095000e+03
1.891040e+02	4.095000e+03
1.891540e+02	4.095000e+03
1.892040e+02	4.095000e+03
1.892540e+02	4.095000e+03
1.893040e+02	4.095000e+03
1.893540e+02	4.095000e+03
1.894040e+02	4.095000e+03
1.894540e+02	4.095000e+03
1.895050e+02	4.095000e+03
1.895550e+02	4.095000e+03
1.896060e+02	4.095000e+03
1.896560e+02	4.095000e+03
1.897040e+02	4.095000e+03
1.897550e+02	4.095000e+03
1.898050e+02	4.095000e+03
1.898550e+02	4.095000e+03
1.899050e+02	4.095000e+03
1.899550e+02	4.095000e+03
1.900050e+02	4.095000e+03
1.900550e+02	4.095000e+03
1.901060e+02	4.095000e+03
1.901560e+02	4.095000e+03
1.902060e+02	4.095000e+03
1.902560e+02	4.095000e+03
1.903070e+02	4.095000e+03
1.903570e+02	4.095000e+03
1.904060e+02	4.095000e+03
1.904560e+02	4.095000e+03
1.905070e+02	4.095000e+03
1.905560e+02	4.095000e+03
1.906070e+02	4.095000e+03
1.906570e+02	4.095000e+03
1.907070e+02	4.095000e+03
1.907560e+02	4.095000e+03
1.908070e+02	4.095000e+03
1.908570e+02	4.095000e+03
1.909070e+02	4.095000e+03
1.909570e+02	4.095000e+03
1.910070e+02	4.095000e+03
1.910570e+02	4.095000e+03
1.911070e+02	4.095000e+03
1.911570e+02	4.095000e+03
1.912080e+02	4.095000e+03
1.912580e+02	4.095000e+03
1.913080e+02	4.095000e+03
1.913580e+02	4.095000e+03
1.914080e+02	4.095000e+03
1.914580e+02	4.095000e+03
1.915080e+02	4.095000e+03
1.915580e+02	4.095000e+03
1.916090e+02	4.095000e+03
1.916580e+02	4.095000e+03
1.917080e+02	4.095000e+03
1.917590e+02	4.095000e+03
1.918080e+02	4.095000e+03
1.918590e+02	4.095000e+03
1.919090e+02	4.095000e+03
1.919590e+02	4.095000e+03
1.920090e+02	4.095000e+03
