Elapsed Time (Seconds)	Centroid Row (Pixels)
0.000000e+00	1.754518e+02
5.000000e-02	1.754457e+02
1.010000e-01	1.754555e+02
1.510000e-01	1.754262e+02
2.010000e-01	1.754490e+02
2.510000e-01	1.754432e+02
3.020000e-01	1.754467e+02
3.520000e-01	1.754460e+02
4.010000e-01	1.754279e+02
4.520000e-01	1.754618e+02
5.010000e-01	1.754430e+02
5.510000e-01	1.754401e+02
6.010000e-01	1.754435e+02
6.520000e-01	1.754337e+02
7.010000e-01	1.754445e+02
7.560000e-01	1.754272e+02
8.010000e-01	1.754278e+02
8.520000e-01	1.754507e+02
9.020000e-01	1.754287e+02
9.520000e-01	1.754382e+02
1.002000e+00	1.754256e+02
1.053000e+00	1.754500e+02
1.103000e+00	1.754458e+02
1.153000e+00	1.754251e+02
1.203000e+00	1.754283e+02
1.253000e+00	1.754319e+02
1.303000e+00	1.754159e+02
1.354000e+00	1.754450e+02
1.403000e+00	1.754333e+02
1.453000e+00	1.754313e+02
1.504000e+00	1.754237e+02
1.553000e+00	1.754300e+02
1.603000e+00	1.754252e+02
1.654000e+00	1.754142e+02
1.704000e+00	1.754353e+02
1.754000e+00	1.754123e+02
1.804000e+00	1.754239e+02
1.854000e+00	1.754393e+02
1.904000e+00	1.754199e+02
1.954000e+00	1.754354e+02
2.004000e+00	1.754298e+02
2.054000e+00	1.754179e+02
2.104000e+00	1.754461e+02
2.155000e+00	1.754275e+02
2.205000e+00	1.754194e+02
2.254000e+00	1.754304e+02
2.304000e+00	1.754115e+02
2.354000e+00	1.754235e+02
2.405000e+00	1.754071e+02
2.456000e+00	1.754202e+02
2.505000e+00	1.754277e+02
2.555000e+00	1.754207e+02
2.631000e+00	1.754304e+02
2.655000e+00	1.754310e+02
2.705000e+00	1.754306e+02
2.755000e+00	1.754104e+02
2.806000e+00	1.754141e+02
2.856000e+00	1.754308e+02
2.906000e+00	1.754103e+02
2.955000e+00	1.754088e+02
3.006000e+00	1.754182e+02
3.056000e+00	1.754393e+02
3.106000e+00	1.754181e+02
3.157000e+00	1.754027e+02
3.207000e+00	1.754277e+02
3.256000e+00	1.754320e+02
3.308000e+00	1.754246e+02
3.356000e+00	1.754087e+02
3.407000e+00	1.754205e+02
3.457000e+00	1.754138e+02
3.507000e+00	1.754106e+02
3.557000e+00	1.754077e+02
3.607000e+00	1.754202e+02
3.657000e+00	1.754353e+02
3.707000e+00	1.753916e+02
3.757000e+00	1.754079e+02
3.807000e+00	1.754067e+02
3.857000e+00	1.753991e+02
3.908000e+00	1.754249e+02
3.958000e+00	1.754109e+02
4.008000e+00	1.754012e+02
4.058000e+00	1.754172e+02
4.108000e+00	1.753870e+02
4.159000e+00	1.754005e+02
4.209000e+00	1.754121e+02
4.258000e+00	1.754306e+02
4.308000e+00	1.753953e+02
4.362000e+00	1.754100e+02
4.409000e+00	1.754049e+02
4.459000e+00	1.764667e+02
4.509000e+00	1.757199e+02
4.559000e+00	1.749045e+02
4.609000e+00	1.749337e+02
4.659000e+00	1.750062e+02
4.709000e+00	1.751387e+02
4.759000e+00	1.752954e+02
4.809000e+00	1.753421e+02
4.860000e+00	1.753900e+02
4.911000e+00	1.754072e+02
4.960000e+00	1.754030e+02
5.010000e+00	1.754400e+02
5.060000e+00	1.754429e+02
5.111000e+00	1.754480e+02
5.160000e+00	1.754347e+02
5.210000e+00	1.754476e+02
5.260000e+00	1.754453e+02
5.311000e+00	1.754298e+02
5.369000e+00	1.754248e+02
5.415000e+00	1.754571e+02
5.461000e+00	1.766024e+02
5.511000e+00	1.755617e+02
5.561000e+00	1.749082e+02
5.611000e+00	1.749521e+02
5.661000e+00	1.750026e+02
5.715000e+00	1.751791e+02
5.761000e+00	1.752791e+02
5.811000e+00	1.753533e+02
5.862000e+00	1.753916e+02
5.911000e+00	1.754122e+02
5.961000e+00	1.754066e+02
6.011000e+00	1.754077e+02
6.061000e+00	1.754310e+02
6.111000e+00	1.754236e+02
6.162000e+00	1.754349e+02
6.212000e+00	1.754396e+02
6.262000e+00	1.754483e+02
6.312000e+00	1.754388e+02
6.363000e+00	1.754471e+02
6.413000e+00	1.754450e+02
6.462000e+00	1.767013e+02
6.512000e+00	1.754405e+02
6.563000e+00	1.748842e+02
6.613000e+00	1.749257e+02
6.662000e+00	1.750011e+02
6.713000e+00	1.751459e+02
6.763000e+00	1.752621e+02
6.814000e+00	1.753448e+02
6.864000e+00	1.753726e+02
6.913000e+00	1.754004e+02
6.963000e+00	1.753856e+02
7.013000e+00	1.754267e+02
7.063000e+00	1.754301e+02
7.114000e+00	1.754367e+02
7.164000e+00	1.754234e+02
7.214000e+00	1.754498e+02
7.265000e+00	1.754335e+02
7.315000e+00	1.754522e+02
7.364000e+00	1.754330e+02
7.414000e+00	1.754480e+02
7.464000e+00	1.767446e+02
7.515000e+00	1.754096e+02
7.565000e+00	1.748895e+02
7.615000e+00	1.749110e+02
7.665000e+00	1.749732e+02
7.715000e+00	1.751102e+02
7.764000e+00	1.752602e+02
7.815000e+00	1.753099e+02
7.866000e+00	1.753709e+02
7.916000e+00	1.753661e+02
7.965000e+00	1.753893e+02
8.016000e+00	1.754007e+02
8.066000e+00	1.754078e+02
8.116000e+00	1.754212e+02
8.166000e+00	1.754159e+02
8.216000e+00	1.754059e+02
8.266000e+00	1.754305e+02
8.316000e+00	1.754166e+02
8.366000e+00	1.754209e+02
8.417000e+00	1.754319e+02
8.466000e+00	1.768176e+02
8.516000e+00	1.752704e+02
8.566000e+00	1.748551e+02
8.617000e+00	1.748998e+02
8.666000e+00	1.749298e+02
8.717000e+00	1.751090e+02
8.767000e+00	1.752373e+02
8.817000e+00	1.753119e+02
8.867000e+00	1.753223e+02
8.917000e+00	1.753541e+02
8.967000e+00	1.753645e+02
9.017000e+00	1.753832e+02
9.068000e+00	1.754040e+02
9.118000e+00	1.754006e+02
9.168000e+00	1.753918e+02
9.218000e+00	1.754036e+02
9.267000e+00	1.754137e+02
9.318000e+00	1.754239e+02
9.368000e+00	1.754122e+02
9.418000e+00	1.754181e+02
9.468000e+00	1.768735e+02
9.518000e+00	1.751775e+02
9.568000e+00	1.748601e+02
9.618000e+00	1.748864e+02
9.668000e+00	1.749215e+02
9.719000e+00	1.750431e+02
9.769000e+00	1.752029e+02
9.819000e+00	1.752755e+02
9.869000e+00	1.753214e+02
9.919000e+00	1.753385e+02
9.969000e+00	1.753401e+02
1.001900e+01	1.753668e+02
1.007000e+01	1.753680e+02
1.012000e+01	1.753796e+02
1.016900e+01	1.753863e+02
1.021900e+01	1.753994e+02
1.027000e+01	1.753902e+02
1.032000e+01	1.754017e+02
1.037000e+01	1.754005e+02
1.042000e+01	1.754248e+02
1.047000e+01	1.769211e+02
1.052000e+01	1.750655e+02
1.057000e+01	1.748133e+02
1.062300e+01	1.748518e+02
1.067000e+01	1.749066e+02
1.072100e+01	1.750871e+02
1.077100e+01	1.752029e+02
1.082100e+01	1.752625e+02
1.087100e+01	1.753180e+02
1.092100e+01	1.753347e+02
1.097100e+01	1.753484e+02
1.102200e+01	1.753552e+02
1.107100e+01	1.753503e+02
1.112200e+01	1.753705e+02
1.117100e+01	1.753881e+02
1.122200e+01	1.753787e+02
1.127100e+01	1.753911e+02
1.132200e+01	1.753731e+02
1.137200e+01	1.753868e+02
1.142100e+01	1.753762e+02
1.147100e+01	1.769611e+02
1.152200e+01	1.749525e+02
1.157200e+01	1.748101e+02
1.162200e+01	1.748213e+02
1.167200e+01	1.748953e+02
1.172300e+01	1.750674e+02
1.177200e+01	1.751995e+02
1.182200e+01	1.752601e+02
1.187800e+01	1.752814e+02
1.192300e+01	1.753222e+02
1.197600e+01	1.753281e+02
1.202200e+01	1.753483e+02
1.207300e+01	1.753340e+02
1.212500e+01	1.753471e+02
1.217300e+01	1.753574e+02
1.222300e+01	1.753411e+02
1.227300e+01	1.753627e+02
1.232300e+01	1.753512e+02
1.237400e+01	1.753547e+02
1.242400e+01	1.753826e+02
1.247500e+01	1.769572e+02
1.252400e+01	1.748663e+02
1.257400e+01	1.747611e+02
1.262400e+01	1.747839e+02
1.267400e+01	1.748757e+02
1.272400e+01	1.750430e+02
1.277500e+01	1.751816e+02
1.282500e+01	1.752360e+02
1.287500e+01	1.752640e+02
1.292500e+01	1.752991e+02
1.297500e+01	1.752901e+02
1.302500e+01	1.753088e+02
1.307500e+01	1.753153e+02
1.312500e+01	1.753233e+02
1.317500e+01	1.753484e+02
1.322600e+01	1.753424e+02
1.327500e+01	1.753495e+02
1.332500e+01	1.753434e+02
1.337600e+01	1.753263e+02
1.342600e+01	1.753560e+02
1.347600e+01	1.769523e+02
1.352600e+01	1.747893e+02
1.357800e+01	1.747403e+02
1.362600e+01	1.747626e+02
1.367700e+01	1.748589e+02
1.372600e+01	1.750403e+02
1.377700e+01	1.751360e+02
1.382700e+01	1.752061e+02
1.387600e+01	1.752294e+02
1.392600e+01	1.752613e+02
1.397700e+01	1.752672e+02
1.407000e+01	1.752757e+02
1.407900e+01	1.752823e+02
1.412700e+01	1.752853e+02
1.417600e+01	1.752882e+02
1.422700e+01	1.752967e+02
1.427700e+01	1.753092e+02
1.432700e+01	1.752902e+02
1.437700e+01	1.753201e+02
1.442700e+01	1.753072e+02
1.447800e+01	1.769233e+02
1.452800e+01	1.747288e+02
1.457700e+01	1.747198e+02
1.462800e+01	1.747308e+02
1.467800e+01	1.748130e+02
1.472900e+01	1.749908e+02
1.477800e+01	1.751193e+02
1.482800e+01	1.751735e+02
1.487800e+01	1.752047e+02
1.492900e+01	1.752289e+02
1.497800e+01	1.752417e+02
1.502800e+01	1.752540e+02
1.507900e+01	1.752838e+02
1.512900e+01	1.752621e+02
1.517900e+01	1.752678e+02
1.522800e+01	1.752791e+02
1.527900e+01	1.752880e+02
1.532900e+01	1.752592e+02
1.542400e+01	1.752755e+02
1.543200e+01	1.752889e+02
1.547900e+01	1.768465e+02
1.552900e+01	1.747015e+02
1.557900e+01	1.746768e+02
1.562900e+01	1.746790e+02
1.567900e+01	1.748035e+02
1.573100e+01	1.749886e+02
1.577900e+01	1.750737e+02
1.583000e+01	1.751675e+02
1.588000e+01	1.751570e+02
1.593000e+01	1.752064e+02
1.598100e+01	1.752109e+02
1.603100e+01	1.752271e+02
1.608100e+01	1.752319e+02
1.613000e+01	1.752403e+02
1.618100e+01	1.752674e+02
1.623100e+01	1.752483e+02
1.628100e+01	1.752535e+02
1.633100e+01	1.752405e+02
1.638800e+01	1.752425e+02
1.643100e+01	1.752592e+02
1.648700e+01	1.769048e+02
1.653100e+01	1.746721e+02
1.658200e+01	1.746578e+02
1.663100e+01	1.746717e+02
1.668100e+01	1.747483e+02
1.673200e+01	1.749517e+02
1.678200e+01	1.750451e+02
1.683200e+01	1.751098e+02
1.688500e+01	1.751512e+02
1.693200e+01	1.751909e+02
1.698200e+01	1.751942e+02
1.703200e+01	1.751938e+02
1.708300e+01	1.752210e+02
1.713200e+01	1.752022e+02
1.718300e+01	1.752313e+02
1.723300e+01	1.752406e+02
1.728700e+01	1.752246e+02
1.734200e+01	1.752436e+02
1.738600e+01	1.752196e+02
1.743300e+01	1.752392e+02
1.748300e+01	1.768177e+02
1.753300e+01	1.746436e+02
1.758300e+01	1.746256e+02
1.763300e+01	1.746672e+02
1.768300e+01	1.747449e+02
1.773400e+01	1.749246e+02
1.778500e+01	1.750328e+02
1.783300e+01	1.750754e+02
1.788400e+01	1.751316e+02
1.793400e+01	1.751336e+02
1.798400e+01	1.751576e+02
1.803400e+01	1.751671e+02
1.808400e+01	1.752024e+02
1.813500e+01	1.751954e+02
1.818400e+01	1.751984e+02
1.823400e+01	1.751916e+02
1.828500e+01	1.752050e+02
1.833500e+01	1.752268e+02
1.838500e+01	1.752171e+02
1.843500e+01	1.752017e+02
1.848500e+01	1.767922e+02
1.853500e+01	1.746222e+02
1.858600e+01	1.746196e+02
1.863500e+01	1.746249e+02
1.868500e+01	1.747266e+02
1.873500e+01	1.749226e+02
1.878500e+01	1.750245e+02
1.883600e+01	1.750723e+02
1.888600e+01	1.750900e+02
1.893500e+01	1.751514e+02
1.898600e+01	1.751609e+02
1.903600e+01	1.751713e+02
1.908700e+01	1.751570e+02
1.914000e+01	1.751873e+02
1.918600e+01	1.751794e+02
1.923700e+01	1.751765e+02
1.928800e+01	1.751774e+02
1.933600e+01	1.751980e+02
1.938700e+01	1.751728e+02
1.943700e+01	1.751969e+02
1.948700e+01	1.767262e+02
1.953700e+01	1.746121e+02
1.958700e+01	1.745935e+02
1.963700e+01	1.746320e+02
1.968800e+01	1.747145e+02
1.973700e+01	1.749075e+02
1.978800e+01	1.750021e+02
1.983800e+01	1.750628e+02
1.988700e+01	1.751170e+02
1.993800e+01	1.751175e+02
1.998800e+01	1.751453e+02
2.004100e+01	1.751241e+02
2.008800e+01	1.751590e+02
2.013800e+01	1.751586e+02
2.018800e+01	1.751684e+02
2.023900e+01	1.751628e+02
2.028900e+01	1.751696e+02
2.033900e+01	1.751928e+02
2.038900e+01	1.751543e+02
2.043800e+01	1.751748e+02
2.048900e+01	1.766943e+02
2.053800e+01	1.745808e+02
2.058900e+01	1.745781e+02
2.063900e+01	1.745999e+02
2.068900e+01	1.747183e+02
2.073900e+01	1.748887e+02
2.079000e+01	1.749934e+02
2.083900e+01	1.750399e+02
2.089000e+01	1.750782e+02
2.094000e+01	1.751060e+02
2.099000e+01	1.751152e+02
2.104000e+01	1.751349e+02
2.109400e+01	1.751231e+02
2.114000e+01	1.751411e+02
2.119000e+01	1.751324e+02
2.124000e+01	1.751757e+02
2.129000e+01	1.751393e+02
2.134200e+01	1.751713e+02
2.139000e+01	1.751588e+02
2.144000e+01	1.751510e+02
2.149100e+01	1.766419e+02
2.154100e+01	1.745630e+02
2.159100e+01	1.745533e+02
2.164100e+01	1.745619e+02
2.169400e+01	1.747081e+02
2.174100e+01	1.748853e+02
2.179100e+01	1.749813e+02
2.184100e+01	1.750466e+02
2.189100e+01	1.750751e+02
2.194100e+01	1.750919e+02
2.199200e+01	1.751042e+02
2.204200e+01	1.751084e+02
2.209200e+01	1.751168e+02
2.214200e+01	1.751047e+02
2.219200e+01	1.751350e+02
2.224200e+01	1.751346e+02
2.229200e+01	1.751436e+02
2.234200e+01	1.751540e+02
2.239300e+01	1.751402e+02
2.244300e+01	1.752173e+02
2.249300e+01	1.765085e+02
2.254300e+01	1.745409e+02
2.259200e+01	1.745438e+02
2.264200e+01	1.745529e+02
2.269300e+01	1.746879e+02
2.274200e+01	1.748768e+02
2.279300e+01	1.749627e+02
2.284400e+01	1.750109e+02
2.289300e+01	1.750468e+02
2.294400e+01	1.750733e+02
2.299400e+01	1.750605e+02
2.304300e+01	1.750775e+02
2.309300e+01	1.751001e+02
2.314400e+01	1.751051e+02
2.319400e+01	1.750960e+02
2.325400e+01	1.751002e+02
2.329400e+01	1.751280e+02
2.334400e+01	1.751360e+02
2.339400e+01	1.751335e+02
2.344400e+01	1.752495e+02
2.349400e+01	1.764367e+02
2.354400e+01	1.745086e+02
2.359700e+01	1.745163e+02
2.364400e+01	1.745518e+02
2.369400e+01	1.747023e+02
2.374600e+01	1.748700e+02
2.379500e+01	1.749438e+02
2.384500e+01	1.750004e+02
2.389500e+01	1.750256e+02
2.394600e+01	1.750547e+02
2.399600e+01	1.750719e+02
2.404500e+01	1.750599e+02
2.409500e+01	1.751013e+02
2.414600e+01	1.750834e+02
2.419600e+01	1.751139e+02
2.424600e+01	1.751182e+02
2.429600e+01	1.751065e+02
2.434600e+01	1.751393e+02
2.439600e+01	1.751032e+02
2.444600e+01	1.753614e+02
2.449600e+01	1.762880e+02
2.454600e+01	1.744996e+02
2.459700e+01	1.745043e+02
2.464700e+01	1.745354e+02
2.469700e+01	1.746591e+02
2.474700e+01	1.748583e+02
2.479700e+01	1.749110e+02
2.484700e+01	1.749852e+02
2.489700e+01	1.750064e+02
2.494700e+01	1.750521e+02
2.500100e+01	1.750637e+02
2.504700e+01	1.750402e+02
2.509800e+01	1.750831e+02
2.514700e+01	1.750695e+02
2.519700e+01	1.750846e+02
2.524700e+01	1.750772e+02
2.529800e+01	1.750878e+02
2.534800e+01	1.750940e+02
2.539800e+01	1.750925e+02
2.544800e+01	1.754520e+02
2.549800e+01	1.761873e+02
2.554800e+01	1.744901e+02
2.559800e+01	1.744898e+02
2.564900e+01	1.745027e+02
2.569900e+01	1.746313e+02
2.574900e+01	1.748403e+02
2.579900e+01	1.749318e+02
2.584800e+01	1.749601e+02
2.589800e+01	1.750109e+02
2.594900e+01	1.750393e+02
2.599900e+01	1.750448e+02
2.604900e+01	1.750538e+02
2.609900e+01	1.750562e+02
2.614900e+01	1.750731e+02
2.619900e+01	1.750667e+02
2.625000e+01	1.750465e+02
2.630000e+01	1.750885e+02
2.635000e+01	1.751107e+02
2.640000e+01	1.750788e+02
2.645000e+01	1.755498e+02
2.650000e+01	1.759895e+02
2.655000e+01	1.744843e+02
2.660000e+01	1.744682e+02
2.665000e+01	1.745143e+02
2.670000e+01	1.746456e+02
2.675400e+01	1.748192e+02
2.680100e+01	1.748946e+02
2.685100e+01	1.749400e+02
2.690100e+01	1.749905e+02
2.695000e+01	1.750115e+02
2.700100e+01	1.750206e+02
2.705100e+01	1.750432e+02
2.710100e+01	1.750514e+02
2.715200e+01	1.750479e+02
2.720200e+01	1.750620e+02
2.725100e+01	1.750506e+02
2.730200e+01	1.750799e+02
2.735200e+01	1.750639e+02
2.740200e+01	1.750465e+02
2.745200e+01	1.756849e+02
2.750200e+01	1.757579e+02
2.755400e+01	1.744547e+02
2.760300e+01	1.744722e+02
2.765300e+01	1.744951e+02
2.770200e+01	1.746416e+02
2.775200e+01	1.748039e+02
2.781000e+01	1.748980e+02
2.785500e+01	1.749360e+02
2.790300e+01	1.749672e+02
2.795300e+01	1.750053e+02
2.800500e+01	1.749972e+02
2.805300e+01	1.750158e+02
2.810300e+01	1.750231e+02
2.815400e+01	1.750490e+02
2.820300e+01	1.750426e+02
2.826000e+01	1.750421e+02
2.830300e+01	1.750555e+02
2.835400e+01	1.750730e+02
2.840300e+01	1.750638e+02
2.845400e+01	1.758229e+02
2.850400e+01	1.756336e+02
2.855400e+01	1.744420e+02
2.860400e+01	1.744616e+02
2.865400e+01	1.745024e+02
2.870400e+01	1.746282e+02
2.875400e+01	1.748008e+02
2.880500e+01	1.748799e+02
2.885500e+01	1.749391e+02
2.890500e+01	1.749648e+02
2.895500e+01	1.749762e+02
2.900500e+01	1.749906e+02
2.905500e+01	1.749895e+02
2.910500e+01	1.750379e+02
2.915500e+01	1.750198e+02
2.920500e+01	1.750529e+02
2.925500e+01	1.750199e+02
2.930600e+01	1.750327e+02
2.935600e+01	1.750595e+02
2.940500e+01	1.750392e+02
2.945500e+01	1.759030e+02
2.950500e+01	1.754990e+02
2.955600e+01	1.744305e+02
2.960600e+01	1.744356e+02
2.965600e+01	1.744672e+02
2.970600e+01	1.746444e+02
2.975600e+01	1.748265e+02
2.980600e+01	1.748593e+02
2.985600e+01	1.749266e+02
2.990700e+01	1.749714e+02
2.995600e+01	1.749876e+02
3.000600e+01	1.749885e+02
3.005700e+01	1.750052e+02
3.010700e+01	1.750179e+02
3.015700e+01	1.749977e+02
3.021000e+01	1.750351e+02
3.026000e+01	1.750219e+02
3.030700e+01	1.750371e+02
3.035700e+01	1.750281e+02
3.040700e+01	1.750030e+02
3.045700e+01	1.759811e+02
3.050700e+01	1.753704e+02
3.055700e+01	1.744306e+02
3.061000e+01	1.744348e+02
3.065800e+01	1.744559e+02
3.070800e+01	1.746283e+02
3.075800e+01	1.747961e+02
3.080900e+01	1.748689e+02
3.085800e+01	1.748963e+02
3.090800e+01	1.749641e+02
3.095800e+01	1.749540e+02
3.100800e+01	1.749727e+02
3.105800e+01	1.749575e+02
3.110900e+01	1.749875e+02
3.115900e+01	1.750083e+02
3.120900e+01	1.750122e+02
3.125800e+01	1.750091e+02
3.130900e+01	1.749884e+02
3.136000e+01	1.750127e+02
3.140900e+01	1.750208e+02
3.146000e+01	1.760509e+02
3.150900e+01	1.752515e+02
3.156000e+01	1.743878e+02
3.161000e+01	1.744044e+02
3.166000e+01	1.744292e+02
3.171000e+01	1.746061e+02
3.176000e+01	1.747714e+02
3.181000e+01	1.748355e+02
3.186000e+01	1.748928e+02
3.191000e+01	1.749450e+02
3.196000e+01	1.749353e+02
3.201000e+01	1.749545e+02
3.206000e+01	1.749532e+02
3.211100e+01	1.749654e+02
3.216100e+01	1.749747e+02
3.221100e+01	1.749750e+02
3.226100e+01	1.749888e+02
3.231000e+01	1.749923e+02
3.236100e+01	1.750053e+02
3.241100e+01	1.749937e+02
3.246100e+01	1.761123e+02
3.251100e+01	1.751538e+02
3.256200e+01	1.743711e+02
3.261200e+01	1.744144e+02
3.266200e+01	1.744122e+02
3.271200e+01	1.745843e+02
3.276200e+01	1.747440e+02
3.281200e+01	1.748456e+02
3.286100e+01	1.748679e+02
3.291200e+01	1.749038e+02
3.296200e+01	1.749564e+02
3.301200e+01	1.749388e+02
3.306200e+01	1.749574e+02
3.311300e+01	1.749677e+02
3.316200e+01	1.749734e+02
3.321300e+01	1.749557e+02
3.326200e+01	1.749924e+02
3.331300e+01	1.749604e+02
3.336200e+01	1.749993e+02
3.341200e+01	1.749975e+02
3.346300e+01	1.762204e+02
3.351300e+01	1.749899e+02
3.356500e+01	1.743910e+02
3.361300e+01	1.743965e+02
3.366300e+01	1.744184e+02
3.371400e+01	1.745981e+02
3.376400e+01	1.747328e+02
3.381400e+01	1.748332e+02
3.386400e+01	1.748558e+02
3.391300e+01	1.748971e+02
3.396400e+01	1.749419e+02
3.401400e+01	1.749394e+02
3.406500e+01	1.749216e+02
3.411400e+01	1.749449e+02
3.416400e+01	1.749528e+02
3.421500e+01	1.749736e+02
3.426500e+01	1.749429e+02
3.431500e+01	1.749743e+02
3.437000e+01	1.749676e+02
3.441500e+01	1.749623e+02
3.446700e+01	1.763137e+02
3.451500e+01	1.748463e+02
3.456500e+01	1.743627e+02
3.461500e+01	1.743670e+02
3.466500e+01	1.744289e+02
3.471500e+01	1.745781e+02
3.476600e+01	1.747625e+02
3.481600e+01	1.748122e+02
3.486500e+01	1.748744e+02
3.491600e+01	1.749028e+02
3.496600e+01	1.749102e+02
3.501700e+01	1.749306e+02
3.506600e+01	1.749201e+02
3.511600e+01	1.749204e+02
3.516600e+01	1.749501e+02
3.521600e+01	1.749301e+02
3.526700e+01	1.749339e+02
3.531600e+01	1.749517e+02
3.536800e+01	1.749674e+02
3.541700e+01	1.749525e+02
3.546700e+01	1.764271e+02
3.551700e+01	1.746930e+02
3.556700e+01	1.743536e+02
3.561700e+01	1.743568e+02
3.566700e+01	1.744258e+02
3.571800e+01	1.745907e+02
3.576800e+01	1.747129e+02
3.581700e+01	1.748269e+02
3.586800e+01	1.748528e+02
3.591800e+01	1.748853e+02
3.596800e+01	1.748873e+02
3.601800e+01	1.749200e+02
3.606700e+01	1.749197e+02
3.611700e+01	1.749322e+02
3.616900e+01	1.749272e+02
3.623000e+01	1.749596e+02
3.626800e+01	1.749512e+02
3.631800e+01	1.749518e+02
3.636900e+01	1.749623e+02
3.641900e+01	1.749487e+02
3.647000e+01	1.764831e+02
3.651800e+01	1.745766e+02
3.657000e+01	1.743583e+02
3.662000e+01	1.743484e+02
3.667000e+01	1.744179e+02
3.672000e+01	1.745951e+02
3.677000e+01	1.747305e+02
3.681900e+01	1.748002e+02
3.686900e+01	1.748344e+02
3.691900e+01	1.748793e+02
3.697000e+01	1.749083e+02
3.702000e+01	1.749141e+02
3.706900e+01	1.749096e+02
3.712000e+01	1.749444e+02
3.717000e+01	1.749409e+02
3.722000e+01	1.749538e+02
3.727000e+01	1.749469e+02
3.732000e+01	1.749522e+02
3.737700e+01	1.749316e+02
3.742700e+01	1.749517e+02
3.747100e+01	1.765354e+02
3.752100e+01	1.745180e+02
3.757100e+01	1.743447e+02
3.762100e+01	1.743552e+02
3.767200e+01	1.744059e+02
3.772100e+01	1.746140e+02
3.777000e+01	1.747457e+02
3.782200e+01	1.748040e+02
3.787100e+01	1.748470e+02
3.792200e+01	1.748766e+02
3.797100e+01	1.749075e+02
3.802100e+01	1.749080e+02
3.807200e+01	1.749120e+02
3.812200e+01	1.749274e+02
3.817200e+01	1.749615e+02
3.822200e+01	1.749257e+02
3.827200e+01	1.749506e+02
3.832200e+01	1.749307e+02
3.837200e+01	1.749474e+02
3.842200e+01	1.749662e+02
3.847300e+01	1.765958e+02
3.852200e+01	1.744889e+02
3.857400e+01	1.743617e+02
3.862300e+01	1.743603e+02
3.867300e+01	1.744322e+02
3.872200e+01	1.745865e+02
3.877300e+01	1.747438e+02
3.882300e+01	1.748153e+02
3.887300e+01	1.748454e+02
3.892300e+01	1.748775e+02
3.897300e+01	1.749029e+02
3.902400e+01	1.749153e+02
3.907400e+01	1.749097e+02
3.912400e+01	1.749289e+02
3.917400e+01	1.749459e+02
3.922400e+01	1.749497e+02
3.927800e+01	1.749281e+02
3.932500e+01	1.749502e+02
3.937400e+01	1.749595e+02
3.942400e+01	1.749616e+02
3.947400e+01	1.766065e+02
3.952500e+01	1.744660e+02
3.957500e+01	1.743482e+02
3.962400e+01	1.743716e+02
3.967400e+01	1.744272e+02
3.972500e+01	1.746157e+02
3.977500e+01	1.747577e+02
3.982900e+01	1.748253e+02
3.987400e+01	1.748618e+02
3.992500e+01	1.748904e+02
3.997500e+01	1.749254e+02
4.002500e+01	1.749375e+02
4.007500e+01	1.749129e+02
4.012500e+01	1.749340e+02
4.017600e+01	1.749624e+02
4.022600e+01	1.749539e+02
4.027600e+01	1.749453e+02
4.032600e+01	1.749514e+02
4.037600e+01	1.749854e+02
4.042600e+01	1.749450e+02
4.047600e+01	1.766229e+02
4.052600e+01	1.743993e+02
4.057700e+01	1.743504e+02
4.062600e+01	1.743700e+02
4.067700e+01	1.744398e+02
4.072600e+01	1.746342e+02
4.077700e+01	1.747594e+02
4.082700e+01	1.748365e+02
4.087700e+01	1.748846e+02
4.092700e+01	1.749057e+02
4.097700e+01	1.749394e+02
4.102700e+01	1.749305e+02
4.107700e+01	1.749183e+02
4.112800e+01	1.749297e+02
4.117700e+01	1.749585e+02
4.122800e+01	1.749548e+02
4.127800e+01	1.749300e+02
4.132700e+01	1.749653e+02
4.139000e+01	1.749687e+02
4.142800e+01	1.749602e+02
4.147800e+01	1.765854e+02
4.152800e+01	1.743773e+02
4.157800e+01	1.743568e+02
4.162900e+01	1.743825e+02
4.167900e+01	1.744649e+02
4.172800e+01	1.746445e+02
4.177800e+01	1.747869e+02
4.182900e+01	1.748554e+02
4.187900e+01	1.748740e+02
4.192900e+01	1.748982e+02
4.197900e+01	1.749412e+02
4.202900e+01	1.749272e+02
4.208000e+01	1.749370e+02
4.213000e+01	1.749285e+02
4.217900e+01	1.749601e+02
4.223000e+01	1.749645e+02
4.228000e+01	1.749547e+02
4.232900e+01	1.749601e+02
4.237900e+01	1.749775e+02
4.243000e+01	1.749752e+02
4.248000e+01	1.765664e+02
4.253000e+01	1.743704e+02
4.258000e+01	1.743616e+02
4.263000e+01	1.743755e+02
4.268000e+01	1.744809e+02
4.273000e+01	1.746711e+02
4.278000e+01	1.747826e+02
4.283100e+01	1.748440e+02
4.288100e+01	1.748795e+02
4.293000e+01	1.749006e+02
4.298100e+01	1.749233e+02
4.303000e+01	1.749205e+02
4.308200e+01	1.749270e+02
4.313200e+01	1.749430e+02
4.318200e+01	1.749416e+02
4.323100e+01	1.749449e+02
4.328200e+01	1.749600e+02
4.333100e+01	1.749831e+02
4.338200e+01	1.749652e+02
4.343200e+01	1.749785e+02
4.348200e+01	1.765477e+02
4.353200e+01	1.743756e+02
4.358200e+01	1.743625e+02
4.363300e+01	1.743711e+02
4.368200e+01	1.744826e+02
4.373200e+01	1.746708e+02
4.378300e+01	1.748160e+02
4.383300e+01	1.748499e+02
4.388300e+01	1.748890e+02
4.393300e+01	1.749007e+02
4.398300e+01	1.749187e+02
4.403200e+01	1.749215e+02
4.408300e+01	1.749461e+02
4.413300e+01	1.749602e+02
4.418300e+01	1.749827e+02
4.423300e+01	1.749448e+02
4.428400e+01	1.749627e+02
4.433400e+01	1.749572e+02
4.438400e+01	1.749672e+02
4.443300e+01	1.749770e+02
4.448300e+01	1.765553e+02
4.453400e+01	1.743680e+02
4.458400e+01	1.743761e+02
4.463300e+01	1.744052e+02
4.468400e+01	1.744628e+02
4.473400e+01	1.746771e+02
4.478400e+01	1.747995e+02
4.483500e+01	1.748337e+02
4.488400e+01	1.748887e+02
4.493400e+01	1.749096e+02
4.498400e+01	1.749381e+02
4.503500e+01	1.749435e+02
4.508400e+01	1.749225e+02
4.513600e+01	1.749658e+02
4.518500e+01	1.749758e+02
4.523500e+01	1.749893e+02
4.528500e+01	1.749636e+02
4.533500e+01	1.749768e+02
4.538500e+01	1.749751e+02
4.543600e+01	1.749578e+02
4.548500e+01	1.765111e+02
4.553500e+01	1.743677e+02
4.558500e+01	1.744035e+02
4.563500e+01	1.743792e+02
4.568600e+01	1.744675e+02
4.573600e+01	1.746415e+02
4.578600e+01	1.747717e+02
4.583600e+01	1.748490e+02
4.588700e+01	1.748853e+02
4.593700e+01	1.749155e+02
4.598700e+01	1.749077e+02
4.603600e+01	1.749344e+02
4.608600e+01	1.749500e+02
4.613700e+01	1.749577e+02
4.618700e+01	1.749615e+02
4.623700e+01	1.749782e+02
4.628800e+01	1.749692e+02
4.633800e+01	1.749863e+02
4.638700e+01	1.749748e+02
4.643800e+01	1.749724e+02
4.648800e+01	1.765263e+02
4.653800e+01	1.743942e+02
4.658800e+01	1.743832e+02
4.663700e+01	1.743938e+02
4.668800e+01	1.744762e+02
4.673700e+01	1.746760e+02
4.678800e+01	1.747987e+02
4.683800e+01	1.748576e+02
4.688800e+01	1.748883e+02
4.693800e+01	1.749132e+02
4.698800e+01	1.749479e+02
4.703800e+01	1.749595e+02
4.708800e+01	1.749652e+02
4.713900e+01	1.749534e+02
4.718900e+01	1.749692e+02
4.723900e+01	1.749634e+02
4.728900e+01	1.749718e+02
4.733900e+01	1.749731e+02
4.738900e+01	1.749980e+02
4.743900e+01	1.749807e+02
4.748900e+01	1.765799e+02
4.754000e+01	1.743747e+02
4.759000e+01	1.744119e+02
4.763900e+01	1.743919e+02
4.768900e+01	1.745036e+02
4.774000e+01	1.746778e+02
4.779000e+01	1.748076e+02
4.784000e+01	1.748749e+02
4.789000e+01	1.749020e+02
4.794000e+01	1.749264e+02
4.799000e+01	1.749426e+02
4.804000e+01	1.749425e+02
4.809000e+01	1.749697e+02
4.814100e+01	1.749494e+02
4.819100e+01	1.749753e+02
4.824100e+01	1.749758e+02
4.829100e+01	1.749818e+02
4.834100e+01	1.749810e+02
4.839100e+01	1.749717e+02
4.844100e+01	1.749680e+02
4.849100e+01	1.764818e+02
4.854200e+01	1.743936e+02
4.859100e+01	1.743951e+02
4.864200e+01	1.743941e+02
4.869200e+01	1.745175e+02
4.874100e+01	1.746705e+02
4.879100e+01	1.748073e+02
4.884200e+01	1.748562e+02
4.889400e+01	1.748965e+02
4.894200e+01	1.749171e+02
4.899200e+01	1.749512e+02
4.904200e+01	1.749466e+02
4.909200e+01	1.749540e+02
4.914300e+01	1.749596e+02
4.919300e+01	1.749794e+02
4.924300e+01	1.749732e+02
4.929300e+01	1.749789e+02
4.934200e+01	1.749785e+02
4.939200e+01	1.749634e+02
4.944300e+01	1.750612e+02
4.949300e+01	1.764019e+02
4.954300e+01	1.743803e+02
4.959400e+01	1.743723e+02
4.964300e+01	1.743897e+02
4.969400e+01	1.744825e+02
4.974300e+01	1.746811e+02
4.979400e+01	1.747916e+02
4.984300e+01	1.748453e+02
4.989400e+01	1.748486e+02
4.994400e+01	1.749055e+02
4.999400e+01	1.749293e+02
5.004600e+01	1.749509e+02
5.009400e+01	1.749451e+02
5.014500e+01	1.749226e+02
5.019400e+01	1.749519e+02
5.024500e+01	1.749655e+02
5.029500e+01	1.749745e+02
5.034800e+01	1.749597e+02
5.039500e+01	1.749742e+02
5.044500e+01	1.751614e+02
5.049600e+01	1.762280e+02
5.054500e+01	1.743646e+02
5.059500e+01	1.743717e+02
5.064500e+01	1.744072e+02
5.069500e+01	1.745297e+02
5.074500e+01	1.747151e+02
5.079500e+01	1.747954e+02
5.084500e+01	1.748568e+02
5.089600e+01	1.748906e+02
5.094600e+01	1.749161e+02
5.099600e+01	1.749491e+02
5.104600e+01	1.749414e+02
5.109600e+01	1.749568e+02
5.114600e+01	1.749720e+02
5.119600e+01	1.749798e+02
5.124600e+01	1.749827e+02
5.129600e+01	1.749482e+02
5.134600e+01	1.749904e+02
5.139700e+01	1.749667e+02
5.144600e+01	1.752564e+02
5.149700e+01	1.761066e+02
5.156000e+01	1.743701e+02
5.159700e+01	1.743755e+02
5.164700e+01	1.743927e+02
5.169700e+01	1.745119e+02
5.174800e+01	1.747043e+02
5.179700e+01	1.748038e+02
5.184700e+01	1.748748e+02
5.189700e+01	1.748838e+02
5.194900e+01	1.749143e+02
5.199900e+01	1.749437e+02
5.204800e+01	1.749466e+02
5.209800e+01	1.749808e+02
5.214800e+01	1.749700e+02
5.219900e+01	1.749583e+02
5.224900e+01	1.749734e+02
5.229900e+01	1.749612e+02
5.234900e+01	1.749788e+02
5.239800e+01	1.749809e+02
5.245000e+01	1.753407e+02
5.249900e+01	1.760562e+02
5.254900e+01	1.743560e+02
5.259800e+01	1.743761e+02
5.264900e+01	1.743795e+02
5.269900e+01	1.745480e+02
5.275300e+01	1.747068e+02
5.279900e+01	1.748199e+02
5.284900e+01	1.748522e+02
5.289900e+01	1.749036e+02
5.294900e+01	1.749229e+02
5.300000e+01	1.749379e+02
5.305000e+01	1.749671e+02
5.310000e+01	1.749546e+02
5.315000e+01	1.749435e+02
5.320000e+01	1.749729e+02
5.325100e+01	1.749785e+02
5.330100e+01	1.749588e+02
5.335000e+01	1.749738e+02
5.340000e+01	1.749888e+02
5.345100e+01	1.754132e+02
5.350100e+01	1.759572e+02
5.355100e+01	1.743753e+02
5.360000e+01	1.743903e+02
5.365000e+01	1.744143e+02
5.370100e+01	1.745268e+02
5.375100e+01	1.747088e+02
5.380100e+01	1.748176e+02
5.386200e+01	1.749003e+02
5.390200e+01	1.748982e+02
5.395100e+01	1.749093e+02
5.400200e+01	1.749294e+02
5.405100e+01	1.749686e+02
5.410200e+01	1.749424e+02
5.415200e+01	1.749598e+02
5.420200e+01	1.749719e+02
5.425200e+01	1.749839e+02
5.430200e+01	1.749802e+02
5.435400e+01	1.749806e+02
5.440200e+01	1.750025e+02
5.445200e+01	1.755131e+02
5.450300e+01	1.758384e+02
5.455300e+01	1.743682e+02
5.460200e+01	1.743758e+02
5.465400e+01	1.744040e+02
5.470300e+01	1.745355e+02
5.475300e+01	1.747344e+02
5.480300e+01	1.748259e+02
5.485300e+01	1.748895e+02
5.490400e+01	1.748998e+02
5.495600e+01	1.749302e+02
5.500300e+01	1.749475e+02
5.505400e+01	1.749448e+02
5.510300e+01	1.749629e+02
5.515400e+01	1.749780e+02
5.520400e+01	1.749797e+02
5.525300e+01	1.749911e+02
5.530400e+01	1.749719e+02
5.535400e+01	1.749927e+02
5.540400e+01	1.749778e+02
5.545400e+01	1.756783e+02
5.550400e+01	1.756675e+02
5.555400e+01	1.743733e+02
5.560500e+01	1.743804e+02
5.565500e+01	1.744115e+02
5.570500e+01	1.745749e+02
5.575500e+01	1.747290e+02
5.580500e+01	1.748340e+02
5.585500e+01	1.748819e+02
5.590500e+01	1.749292e+02
5.595500e+01	1.749245e+02
5.600500e+01	1.749532e+02
5.605600e+01	1.749704e+02
5.610600e+01	1.749756e+02
5.615600e+01	1.749781e+02
5.620600e+01	1.749987e+02
5.625600e+01	1.749817e+02
5.630600e+01	1.749982e+02
5.635600e+01	1.749723e+02
5.640600e+01	1.749973e+02
5.645600e+01	1.757955e+02
5.650600e+01	1.754911e+02
5.655600e+01	1.743883e+02
5.660600e+01	1.743877e+02
5.665600e+01	1.744349e+02
5.670600e+01	1.746012e+02
5.675600e+01	1.747482e+02
5.680700e+01	1.748457e+02
5.685700e+01	1.748960e+02
5.690700e+01	1.749194e+02
5.696000e+01	1.749435e+02
5.700900e+01	1.749619e+02
5.705800e+01	1.749897e+02
5.710700e+01	1.749885e+02
5.716300e+01	1.749946e+02
5.720800e+01	1.749767e+02
5.725800e+01	1.750078e+02
5.730700e+01	1.749939e+02
5.735800e+01	1.750001e+02
5.740800e+01	1.750058e+02
5.745800e+01	1.759480e+02
5.750800e+01	1.753646e+02
5.755800e+01	1.744006e+02
5.760800e+01	1.744073e+02
5.765900e+01	1.744620e+02
5.770800e+01	1.746076e+02
5.775800e+01	1.747722e+02
5.780800e+01	1.748797e+02
5.785800e+01	1.749102e+02
5.790800e+01	1.749437e+02
5.795800e+01	1.749413e+02
5.800900e+01	1.749759e+02
5.805900e+01	1.749857e+02
5.810900e+01	1.749721e+02
5.816000e+01	1.749916e+02
5.821000e+01	1.750185e+02
5.825900e+01	1.749974e+02
5.831000e+01	1.750207e+02
5.836000e+01	1.750203e+02
5.841000e+01	1.750415e+02
5.845900e+01	1.760530e+02
5.851000e+01	1.752681e+02
5.856000e+01	1.743893e+02
5.861300e+01	1.744326e+02
5.866000e+01	1.744622e+02
5.871100e+01	1.745868e+02
5.876100e+01	1.747688e+02
5.881000e+01	1.748595e+02
5.886000e+01	1.749232e+02
5.891000e+01	1.749375e+02
5.896100e+01	1.749575e+02
5.901100e+01	1.749570e+02
5.906100e+01	1.750067e+02
5.911100e+01	1.749892e+02
5.916200e+01	1.749989e+02
5.921200e+01	1.750052e+02
5.926100e+01	1.750267e+02
5.931100e+01	1.750114e+02
5.936500e+01	1.750128e+02
5.941300e+01	1.750335e+02
5.946200e+01	1.761466e+02
5.951200e+01	1.751649e+02
5.956200e+01	1.744006e+02
5.961200e+01	1.744166e+02
5.966200e+01	1.744592e+02
5.971200e+01	1.746244e+02
5.976200e+01	1.747905e+02
5.981200e+01	1.748844e+02
5.986200e+01	1.749283e+02
5.991200e+01	1.749520e+02
5.996200e+01	1.749595e+02
6.001300e+01	1.749855e+02
6.006300e+01	1.750145e+02
6.011300e+01	1.749999e+02
6.016500e+01	1.750185e+02
6.021300e+01	1.750349e+02
6.026300e+01	1.750058e+02
6.031300e+01	1.750099e+02
6.036500e+01	1.750143e+02
6.041400e+01	1.750222e+02
6.046300e+01	1.762360e+02
6.051300e+01	1.750867e+02
6.056400e+01	1.744278e+02
6.061400e+01	1.744225e+02
6.066400e+01	1.744622e+02
6.071400e+01	1.746534e+02
6.076400e+01	1.747940e+02
6.081400e+01	1.749052e+02
6.086600e+01	1.749401e+02
6.091400e+01	1.749571e+02
6.096500e+01	1.749785e+02
6.101500e+01	1.749866e+02
6.106500e+01	1.750165e+02
6.111400e+01	1.750019e+02
6.116500e+01	1.749941e+02
6.121500e+01	1.750447e+02
6.126500e+01	1.750281e+02
6.131500e+01	1.750249e+02
6.136500e+01	1.750179e+02
6.141500e+01	1.750353e+02
6.146600e+01	1.762984e+02
6.151600e+01	1.749878e+02
6.156600e+01	1.744123e+02
6.161600e+01	1.744282e+02
6.166600e+01	1.744637e+02
6.171500e+01	1.746708e+02
6.176500e+01	1.748054e+02
6.181600e+01	1.748977e+02
6.186600e+01	1.749328e+02
6.191600e+01	1.749462e+02
6.196700e+01	1.749753e+02
6.201700e+01	1.750002e+02
6.206700e+01	1.750208e+02
6.211600e+01	1.750044e+02
6.216700e+01	1.750080e+02
6.221700e+01	1.750352e+02
6.226700e+01	1.750165e+02
6.231700e+01	1.750270e+02
6.236800e+01	1.750158e+02
6.241700e+01	1.750406e+02
6.246700e+01	1.764288e+02
6.251700e+01	1.748585e+02
6.256700e+01	1.744271e+02
6.261700e+01	1.744221e+02
6.266800e+01	1.744863e+02
6.271800e+01	1.746405e+02
6.276700e+01	1.748073e+02
6.281700e+01	1.748629e+02
6.286800e+01	1.749065e+02
6.291800e+01	1.749544e+02
6.296900e+01	1.749670e+02
6.301800e+01	1.750013e+02
6.306900e+01	1.750093e+02
6.311800e+01	1.750095e+02
6.316900e+01	1.750149e+02
6.321900e+01	1.750301e+02
6.326900e+01	1.750111e+02
6.331900e+01	1.750426e+02
6.336900e+01	1.750369e+02
6.341900e+01	1.750343e+02
6.347000e+01	1.765004e+02
6.351900e+01	1.747623e+02
6.356900e+01	1.744143e+02
6.362000e+01	1.744489e+02
6.366900e+01	1.744745e+02
6.372000e+01	1.746402e+02
6.377000e+01	1.748004e+02
6.382000e+01	1.748680e+02
6.386900e+01	1.749386e+02
6.392000e+01	1.749526e+02
6.397000e+01	1.749864e+02
6.402000e+01	1.749745e+02
6.407100e+01	1.749838e+02
6.412100e+01	1.750058e+02
6.417100e+01	1.750317e+02
6.422200e+01	1.750159e+02
6.427100e+01	1.750407e+02
6.432200e+01	1.750136e+02
6.437400e+01	1.750309e+02
6.442100e+01	1.750323e+02
6.447100e+01	1.766163e+02
6.452200e+01	1.746419e+02
6.457200e+01	1.744433e+02
6.462100e+01	1.744461e+02
6.467100e+01	1.745213e+02
6.472200e+01	1.746909e+02
6.477100e+01	1.748203e+02
6.482100e+01	1.749123e+02
6.487200e+01	1.749437e+02
6.492200e+01	1.749707e+02
6.497200e+01	1.749728e+02
6.502200e+01	1.749976e+02
6.507200e+01	1.750090e+02
6.512200e+01	1.750294e+02
6.517200e+01	1.750171e+02
6.522300e+01	1.750188e+02
6.527300e+01	1.750383e+02
6.532200e+01	1.750484e+02
6.537500e+01	1.750543e+02
6.542300e+01	1.750525e+02
6.547300e+01	1.766375e+02
6.552200e+01	1.745521e+02
6.557300e+01	1.744085e+02
6.562400e+01	1.744442e+02
6.567400e+01	1.745169e+02
6.572300e+01	1.747212e+02
6.577300e+01	1.748499e+02
6.582400e+01	1.749265e+02
6.588100e+01	1.749593e+02
6.592500e+01	1.749761e+02
6.597400e+01	1.749986e+02
6.602400e+01	1.750131e+02
6.607400e+01	1.750331e+02
6.612400e+01	1.750092e+02
6.617500e+01	1.750254e+02
6.622500e+01	1.750363e+02
6.627400e+01	1.750455e+02
6.632400e+01	1.750507e+02
6.637400e+01	1.750504e+02
6.642500e+01	1.750368e+02
6.647500e+01	1.766985e+02
6.652500e+01	1.744867e+02
6.657500e+01	1.744048e+02
6.662600e+01	1.744521e+02
6.667500e+01	1.745207e+02
6.672600e+01	1.747018e+02
6.677500e+01	1.748435e+02
6.682500e+01	1.749130e+02
6.687500e+01	1.749595e+02
6.692500e+01	1.749528e+02
6.697800e+01	1.749822e+02
6.702600e+01	1.750062e+02
6.707600e+01	1.750225e+02
6.712600e+01	1.750272e+02
6.717600e+01	1.750164e+02
6.722700e+01	1.750329e+02
6.727700e+01	1.750298e+02
6.732600e+01	1.750381e+02
6.737700e+01	1.750395e+02
6.742700e+01	1.750449e+02
6.747700e+01	1.767111e+02
6.752700e+01	1.744547e+02
6.757700e+01	1.744128e+02
6.762700e+01	1.744273e+02
6.767700e+01	1.745128e+02
6.772700e+01	1.747014e+02
6.777700e+01	1.748406e+02
6.782900e+01	1.749143e+02
6.788200e+01	1.749559e+02
6.792800e+01	1.749817e+02
6.797800e+01	1.749878e+02
6.802700e+01	1.750029e+02
6.807800e+01	1.750103e+02
6.812800e+01	1.750221e+02
6.817800e+01	1.750079e+02
6.822800e+01	1.750088e+02
6.827800e+01	1.750347e+02
6.832800e+01	1.750384e+02
6.837800e+01	1.750103e+02
6.842900e+01	1.750267e+02
6.847900e+01	1.767199e+02
6.853000e+01	1.744518e+02
6.857900e+01	1.744075e+02
6.862900e+01	1.744162e+02
6.868000e+01	1.744922e+02
6.872900e+01	1.746883e+02
6.877900e+01	1.748116e+02
6.882900e+01	1.748794e+02
6.887900e+01	1.749464e+02
6.892900e+01	1.749560e+02
6.897900e+01	1.749637e+02
6.902900e+01	1.749784e+02
6.907900e+01	1.750166e+02
6.913000e+01	1.750051e+02
6.918000e+01	1.750073e+02
6.923100e+01	1.750045e+02
6.928000e+01	1.750291e+02
6.933000e+01	1.750195e+02
6.938000e+01	1.750288e+02
6.943100e+01	1.750239e+02
6.948100e+01	1.767423e+02
6.953100e+01	1.744500e+02
6.958200e+01	1.744310e+02
6.963100e+01	1.744223e+02
6.968100e+01	1.744925e+02
6.973100e+01	1.746841e+02
6.978100e+01	1.747915e+02
6.983100e+01	1.748903e+02
6.988100e+01	1.749283e+02
6.993200e+01	1.749487e+02
6.998100e+01	1.749733e+02
7.003200e+01	1.749745e+02
7.008100e+01	1.750131e+02
7.013200e+01	1.750285e+02
7.018200e+01	1.750038e+02
7.023200e+01	1.750155e+02
7.028200e+01	1.749969e+02
7.033200e+01	1.750366e+02
7.038200e+01	1.750268e+02
7.043200e+01	1.750325e+02
7.048300e+01	1.766866e+02
7.053200e+01	1.744267e+02
7.058300e+01	1.743808e+02
7.063300e+01	1.744285e+02
7.068300e+01	1.745168e+02
7.073300e+01	1.746791e+02
7.078200e+01	1.748205e+02
7.083300e+01	1.749007e+02
7.088500e+01	1.749407e+02
7.093300e+01	1.749653e+02
7.098300e+01	1.749638e+02
7.103300e+01	1.749689e+02
7.108300e+01	1.749845e+02
7.113400e+01	1.750009e+02
7.118300e+01	1.749970e+02
7.123300e+01	1.750047e+02
7.128400e+01	1.750233e+02
7.133400e+01	1.750115e+02
7.139300e+01	1.750317e+02
7.143400e+01	1.750115e+02
7.148400e+01	1.766682e+02
7.153400e+01	1.744136e+02
7.158400e+01	1.743909e+02
7.163400e+01	1.744243e+02
7.168500e+01	1.745357e+02
7.173500e+01	1.746667e+02
7.178500e+01	1.747968e+02
7.183500e+01	1.748747e+02
7.188400e+01	1.749254e+02
7.193500e+01	1.749282e+02
7.198500e+01	1.749479e+02
7.203500e+01	1.749731e+02
7.208500e+01	1.749686e+02
7.213500e+01	1.749916e+02
7.218500e+01	1.749941e+02
7.223600e+01	1.750111e+02
7.228500e+01	1.750229e+02
7.233600e+01	1.750048e+02
7.238600e+01	1.749934e+02
7.243900e+01	1.749902e+02
7.248600e+01	1.766232e+02
7.253600e+01	1.744069e+02
7.258600e+01	1.743824e+02
7.263600e+01	1.744181e+02
7.268700e+01	1.745059e+02
7.273700e+01	1.746768e+02
7.278600e+01	1.748052e+02
7.283700e+01	1.748976e+02
7.288700e+01	1.749244e+02
7.293600e+01	1.749326e+02
7.298700e+01	1.749607e+02
7.303700e+01	1.749592e+02
7.308800e+01	1.749807e+02
7.313700e+01	1.749858e+02
7.318700e+01	1.749925e+02
7.323700e+01	1.749946e+02
7.328800e+01	1.750064e+02
7.333800e+01	1.750106e+02
7.338800e+01	1.750134e+02
7.343900e+01	1.750149e+02
7.348900e+01	1.765674e+02
7.353900e+01	1.743719e+02
7.358800e+01	1.743848e+02
7.363800e+01	1.744114e+02
7.368800e+01	1.745043e+02
7.373900e+01	1.746898e+02
7.378800e+01	1.747877e+02
7.383900e+01	1.748760e+02
7.388900e+01	1.749239e+02
7.393900e+01	1.749527e+02
7.398900e+01	1.749414e+02
7.403900e+01	1.749658e+02
7.408900e+01	1.749637e+02
7.413900e+01	1.750036e+02
7.419000e+01	1.749857e+02
7.424000e+01	1.749811e+02
7.429000e+01	1.749862e+02
7.433900e+01	1.750252e+02
7.438900e+01	1.749949e+02
7.443900e+01	1.750151e+02
7.449000e+01	1.765626e+02
7.454000e+01	1.743852e+02
7.459100e+01	1.743801e+02
7.464000e+01	1.743917e+02
7.469100e+01	1.745014e+02
7.474000e+01	1.747102e+02
7.479100e+01	1.748086e+02
7.484100e+01	1.748797e+02
7.489100e+01	1.749263e+02
7.494000e+01	1.749448e+02
7.499100e+01	1.749620e+02
7.504000e+01	1.749649e+02
7.509100e+01	1.749940e+02
7.514100e+01	1.749811e+02
7.519100e+01	1.749758e+02
7.524100e+01	1.750029e+02
7.529200e+01	1.750143e+02
7.534200e+01	1.750060e+02
7.539200e+01	1.749818e+02
7.544200e+01	1.750211e+02
7.549100e+01	1.765491e+02
7.554100e+01	1.743859e+02
7.559200e+01	1.743688e+02
7.564200e+01	1.744214e+02
7.569200e+01	1.745160e+02
7.574200e+01	1.747064e+02
7.579300e+01	1.748075e+02
7.584200e+01	1.748869e+02
7.589200e+01	1.749210e+02
7.594200e+01	1.749561e+02
7.599200e+01	1.749390e+02
7.604200e+01	1.749658e+02
7.609300e+01	1.749694e+02
7.614300e+01	1.749735e+02
7.619400e+01	1.749919e+02
7.624400e+01	1.749848e+02
7.629300e+01	1.750003e+02
7.634300e+01	1.750045e+02
7.639500e+01	1.750007e+02
7.644300e+01	1.750482e+02
7.649400e+01	1.764848e+02
7.654400e+01	1.743759e+02
7.659400e+01	1.743644e+02
7.664400e+01	1.744071e+02
7.669400e+01	1.745282e+02
7.674400e+01	1.746803e+02
7.679400e+01	1.748251e+02
7.684400e+01	1.748682e+02
7.689400e+01	1.749244e+02
7.695300e+01	1.749396e+02
7.699500e+01	1.749386e+02
7.704500e+01	1.749716e+02
7.709500e+01	1.749694e+02
7.714500e+01	1.749740e+02
7.719400e+01	1.749822e+02
7.724500e+01	1.749914e+02
7.730700e+01	1.749896e+02
7.734500e+01	1.749979e+02
7.739500e+01	1.749874e+02
7.744500e+01	1.751729e+02
7.749600e+01	1.762867e+02
7.754500e+01	1.743713e+02
7.759600e+01	1.743591e+02
7.764500e+01	1.744027e+02
7.769500e+01	1.745227e+02
7.774600e+01	1.747475e+02
7.779600e+01	1.748089e+02
7.784600e+01	1.748853e+02
7.789700e+01	1.749155e+02
7.794600e+01	1.749232e+02
7.799600e+01	1.749452e+02
7.804600e+01	1.749554e+02
7.809600e+01	1.749725e+02
7.814600e+01	1.749896e+02
7.819700e+01	1.749750e+02
7.824600e+01	1.749846e+02
7.829700e+01	1.749921e+02
7.834800e+01	1.749794e+02
7.839800e+01	1.749768e+02
7.844700e+01	1.753087e+02
7.849800e+01	1.761496e+02
7.854700e+01	1.743612e+02
7.859900e+01	1.743596e+02
7.864800e+01	1.743888e+02
7.870300e+01	1.745286e+02
7.874700e+01	1.747000e+02
7.879800e+01	1.747960e+02
7.884800e+01	1.748604e+02
7.889800e+01	1.749020e+02
7.894800e+01	1.749289e+02
7.899800e+01	1.749310e+02
7.904800e+01	1.749333e+02
7.909800e+01	1.749572e+02
7.915000e+01	1.749534e+02
7.919800e+01	1.749624e+02
7.924800e+01	1.749698e+02
7.929900e+01	1.749745e+02
7.934900e+01	1.749830e+02
7.939900e+01	1.749601e+02
7.944900e+01	1.754072e+02
7.949900e+01	1.759727e+02
7.954900e+01	1.743660e+02
7.959900e+01	1.743672e+02
7.965000e+01	1.743969e+02
7.969900e+01	1.745369e+02
7.975000e+01	1.747038e+02
7.979900e+01	1.747962e+02
7.985000e+01	1.748552e+02
7.990000e+01	1.749151e+02
7.995000e+01	1.748886e+02
8.000000e+01	1.749372e+02
8.005100e+01	1.749393e+02
8.010000e+01	1.749527e+02
8.015000e+01	1.749568e+02
8.020000e+01	1.749505e+02
8.025000e+01	1.749437e+02
8.030000e+01	1.749834e+02
8.035100e+01	1.749618e+02
8.040100e+01	1.749629e+02
8.045100e+01	1.755184e+02
8.050100e+01	1.757459e+02
8.055100e+01	1.743507e+02
8.060100e+01	1.743564e+02
8.065100e+01	1.743873e+02
8.070400e+01	1.745278e+02
8.075100e+01	1.746958e+02
8.080100e+01	1.748030e+02
8.085200e+01	1.748528e+02
8.090200e+01	1.748858e+02
8.095200e+01	1.749156e+02
8.100100e+01	1.749235e+02
8.105200e+01	1.749294e+02
8.110200e+01	1.749350e+02
8.115200e+01	1.749471e+02
8.120200e+01	1.749496e+02
8.125200e+01	1.749559e+02
8.130300e+01	1.749608e+02
8.135300e+01	1.749541e+02
8.140300e+01	1.749538e+02
8.145300e+01	1.755732e+02
8.150300e+01	1.756731e+02
8.155300e+01	1.743300e+02
8.160400e+01	1.743361e+02
8.165400e+01	1.743682e+02
8.170300e+01	1.745046e+02
8.175300e+01	1.746806e+02
8.180300e+01	1.747634e+02
8.185300e+01	1.748371e+02
8.190400e+01	1.748700e+02
8.195400e+01	1.748932e+02
8.200400e+01	1.749060e+02
8.205700e+01	1.748991e+02
8.210400e+01	1.749453e+02
8.215400e+01	1.749499e+02
8.220400e+01	1.749402e+02
8.225500e+01	1.749417e+02
8.230400e+01	1.749501e+02
8.235400e+01	1.749407e+02
8.240400e+01	1.749419e+02
8.245500e+01	1.756464e+02
8.250500e+01	1.756629e+02
8.255500e+01	1.743089e+02
8.260500e+01	1.743291e+02
8.265500e+01	1.743613e+02
8.270500e+01	1.745080e+02
8.275500e+01	1.746850e+02
8.280600e+01	1.747753e+02
8.285500e+01	1.748493e+02
8.290500e+01	1.748658e+02
8.295500e+01	1.748823e+02
8.300500e+01	1.749024e+02
8.305500e+01	1.748939e+02
8.310600e+01	1.749274e+02
8.315600e+01	1.749200e+02
8.320600e+01	1.749320e+02
8.325600e+01	1.749295e+02
8.330600e+01	1.749456e+02
8.335700e+01	1.749476e+02
8.340600e+01	1.749428e+02
8.345700e+01	1.757336e+02
8.350600e+01	1.755126e+02
8.356000e+01	1.743151e+02
8.360700e+01	1.743303e+02
8.365800e+01	1.743569e+02
8.370700e+01	1.745226e+02
8.375700e+01	1.746781e+02
8.380800e+01	1.747719e+02
8.385700e+01	1.748422e+02
8.390700e+01	1.748778e+02
8.395800e+01	1.749005e+02
8.400800e+01	1.749071e+02
8.405700e+01	1.749196e+02
8.410800e+01	1.749401e+02
8.415800e+01	1.749042e+02
8.420700e+01	1.749471e+02
8.425800e+01	1.749456e+02
8.430800e+01	1.749366e+02
8.435800e+01	1.749525e+02
8.440900e+01	1.749455e+02
8.445900e+01	1.758412e+02
8.450900e+01	1.753677e+02
8.455900e+01	1.743306e+02
8.460900e+01	1.743307e+02
8.465800e+01	1.743729e+02
8.470900e+01	1.745117e+02
8.476000e+01	1.746689e+02
8.481000e+01	1.747786e+02
8.485900e+01	1.748362e+02
8.490900e+01	1.748828e+02
8.495900e+01	1.748788e+02
8.500900e+01	1.748893e+02
8.506000e+01	1.749188e+02
8.511000e+01	1.749163e+02
8.515900e+01	1.749320e+02
8.520900e+01	1.749277e+02
8.526000e+01	1.749178e+02
8.531000e+01	1.749571e+02
8.536100e+01	1.749182e+02
8.541100e+01	1.749471e+02
8.546000e+01	1.759587e+02
8.551000e+01	1.751761e+02
8.556000e+01	1.743070e+02
8.561100e+01	1.743021e+02
8.566100e+01	1.743628e+02
8.571100e+01	1.745098e+02
8.576100e+01	1.746810e+02
8.581100e+01	1.747613e+02
8.586100e+01	1.747912e+02
8.591100e+01	1.748607e+02
8.596100e+01	1.748688e+02
8.601100e+01	1.748677e+02
8.606200e+01	1.748833e+02
8.611100e+01	1.749230e+02
8.616200e+01	1.749065e+02
8.621200e+01	1.748936e+02
8.626100e+01	1.749228e+02
8.631200e+01	1.749286e+02
8.637100e+01	1.749285e+02
8.641400e+01	1.749263e+02
8.646400e+01	1.760279e+02
8.651300e+01	1.750080e+02
8.656200e+01	1.742990e+02
8.661200e+01	1.743125e+02
8.666200e+01	1.743530e+02
8.671200e+01	1.745362e+02
8.676300e+01	1.746858e+02
8.681300e+01	1.747601e+02
8.686300e+01	1.748144e+02
8.691300e+01	1.748627e+02
8.696300e+01	1.748857e+02
8.701300e+01	1.748749e+02
8.706300e+01	1.748792e+02
8.711400e+01	1.748918e+02
8.716400e+01	1.749030e+02
8.721600e+01	1.748874e+02
8.726300e+01	1.749102e+02
8.731400e+01	1.749065e+02
8.736400e+01	1.749077e+02
8.741400e+01	1.749072e+02
8.746400e+01	1.761153e+02
8.751500e+01	1.748928e+02
8.756400e+01	1.742776e+02
8.761400e+01	1.743115e+02
8.766400e+01	1.743359e+02
8.771500e+01	1.745225e+02
8.776600e+01	1.746892e+02
8.781400e+01	1.747360e+02
8.786400e+01	1.748030e+02
8.791500e+01	1.748217e+02
8.796400e+01	1.748448e+02
8.801500e+01	1.748583e+02
8.806500e+01	1.748556e+02
8.811500e+01	1.749024e+02
8.816500e+01	1.748840e+02
8.821500e+01	1.748882e+02
8.826600e+01	1.749060e+02
8.831600e+01	1.748923e+02
8.837000e+01	1.749069e+02
8.841600e+01	1.748975e+02
8.846600e+01	1.761698e+02
8.851600e+01	1.748227e+02
8.856600e+01	1.742585e+02
8.861700e+01	1.742788e+02
8.866800e+01	1.743144e+02
8.871600e+01	1.744934e+02
8.876600e+01	1.746557e+02
8.881700e+01	1.747179e+02
8.886700e+01	1.747854e+02
8.891700e+01	1.748122e+02
8.896700e+01	1.748328e+02
8.901700e+01	1.748497e+02
8.907300e+01	1.748499e+02
8.911700e+01	1.748535e+02
8.916800e+01	1.748671e+02
8.921800e+01	1.748638e+02
8.926800e+01	1.748688e+02
8.931700e+01	1.748989e+02
8.941200e+01	1.748784e+02
8.942000e+01	1.748633e+02
8.946900e+01	1.762222e+02
8.951800e+01	1.747492e+02
8.956800e+01	1.742505e+02
8.961800e+01	1.742709e+02
8.966800e+01	1.743037e+02
8.971800e+01	1.744756e+02
8.976800e+01	1.746397e+02
8.981900e+01	1.746987e+02
8.986900e+01	1.747794e+02
8.991900e+01	1.748139e+02
8.996900e+01	1.748454e+02
9.001900e+01	1.748122e+02
9.007400e+01	1.748443e+02
9.011800e+01	1.748533e+02
9.016900e+01	1.748522e+02
9.021900e+01	1.748625e+02
9.026900e+01	1.748683e+02
9.031900e+01	1.748589e+02
9.037100e+01	1.748694e+02
9.042000e+01	1.748663e+02
9.047000e+01	1.762847e+02
9.051900e+01	1.746749e+02
9.057000e+01	1.742238e+02
9.062000e+01	1.742582e+02
9.067000e+01	1.742874e+02
9.072000e+01	1.744798e+02
9.077000e+01	1.746123e+02
9.082000e+01	1.747035e+02
9.087000e+01	1.747647e+02
9.092100e+01	1.748071e+02
9.097100e+01	1.748019e+02
9.102100e+01	1.748025e+02
9.107100e+01	1.748189e+02
9.112100e+01	1.748343e+02
9.117100e+01	1.748519e+02
9.122400e+01	1.748421e+02
9.127100e+01	1.748452e+02
9.132200e+01	1.748608e+02
9.137300e+01	1.748640e+02
9.142200e+01	1.748583e+02
9.147200e+01	1.763633e+02
9.152200e+01	1.745487e+02
9.157100e+01	1.742315e+02
9.162200e+01	1.742373e+02
9.167100e+01	1.742970e+02
9.172200e+01	1.744659e+02
9.177200e+01	1.746146e+02
9.182300e+01	1.747021e+02
9.187300e+01	1.747510e+02
9.192200e+01	1.747618e+02
9.197300e+01	1.748179e+02
9.202400e+01	1.747859e+02
9.207300e+01	1.748324e+02
9.212200e+01	1.748258e+02
9.217900e+01	1.748356e+02
9.222400e+01	1.748298e+02
9.227300e+01	1.748288e+02
9.232400e+01	1.748449e+02
9.237300e+01	1.748480e+02
9.242300e+01	1.748459e+02
9.247300e+01	1.763608e+02
9.252300e+01	1.744059e+02
9.257400e+01	1.742253e+02
9.262400e+01	1.742530e+02
9.267400e+01	1.743274e+02
9.272800e+01	1.744948e+02
9.277400e+01	1.746283e+02
9.282400e+01	1.746773e+02
9.287500e+01	1.747552e+02
9.292500e+01	1.747726e+02
9.297500e+01	1.747914e+02
9.302500e+01	1.747867e+02
9.307500e+01	1.748237e+02
9.312500e+01	1.748116e+02
9.317500e+01	1.748286e+02
9.322400e+01	1.748278e+02
9.327500e+01	1.748380e+02
9.332500e+01	1.748374e+02
9.337500e+01	1.748481e+02
9.342500e+01	1.748551e+02
9.347500e+01	1.764615e+02
9.352500e+01	1.743354e+02
9.357600e+01	1.742200e+02
9.362600e+01	1.742279e+02
9.367700e+01	1.743104e+02
9.372600e+01	1.745019e+02
9.377600e+01	1.746310e+02
9.382600e+01	1.747116e+02
9.387600e+01	1.747270e+02
9.392700e+01	1.747808e+02
9.397600e+01	1.747560e+02
9.402700e+01	1.748156e+02
9.407600e+01	1.748136e+02
9.412700e+01	1.748044e+02
9.417700e+01	1.748260e+02
9.422700e+01	1.748436e+02
9.427700e+01	1.748297e+02
9.432700e+01	1.748456e+02
9.442000e+01	1.748333e+02
9.443000e+01	1.748476e+02
9.447700e+01	1.764636e+02
9.452700e+01	1.742782e+02
9.457700e+01	1.742199e+02
9.462700e+01	1.742463e+02
9.467700e+01	1.742939e+02
9.472700e+01	1.744921e+02
9.477800e+01	1.746341e+02
9.482700e+01	1.746920e+02
9.487800e+01	1.747404e+02
9.492800e+01	1.747691e+02
9.497800e+01	1.747639e+02
9.502800e+01	1.747732e+02
9.507800e+01	1.747879e+02
9.512800e+01	1.748107e+02
9.517800e+01	1.748168e+02
9.522800e+01	1.747971e+02
9.527800e+01	1.748253e+02
9.532800e+01	1.748257e+02
9.538000e+01	1.748154e+02
9.542900e+01	1.748092e+02
9.548000e+01	1.764499e+02
9.552900e+01	1.742444e+02
9.557900e+01	1.742214e+02
9.562900e+01	1.742174e+02
9.567900e+01	1.743068e+02
9.572900e+01	1.744817e+02
9.577900e+01	1.745904e+02
9.583000e+01	1.746937e+02
9.587900e+01	1.747182e+02
9.593000e+01	1.747561e+02
9.598000e+01	1.747679e+02
9.603500e+01	1.747779e+02
9.608100e+01	1.747749e+02
9.613100e+01	1.748086e+02
9.618100e+01	1.748072e+02
9.623100e+01	1.747989e+02
9.628100e+01	1.748180e+02
9.633100e+01	1.748087e+02
9.638100e+01	1.748135e+02
9.643100e+01	1.748009e+02
9.648000e+01	1.764390e+02
9.653100e+01	1.742119e+02
9.658100e+01	1.742013e+02
9.663300e+01	1.742091e+02
9.668300e+01	1.742693e+02
9.673200e+01	1.744734e+02
9.678100e+01	1.745919e+02
9.683200e+01	1.746593e+02
9.688200e+01	1.747168e+02
9.693200e+01	1.747388e+02
9.698200e+01	1.747572e+02
9.703200e+01	1.747524e+02
9.708200e+01	1.747724e+02
9.713200e+01	1.747646e+02
9.718300e+01	1.747988e+02
9.723200e+01	1.747945e+02
9.728300e+01	1.748076e+02
9.733300e+01	1.747943e+02
9.738300e+01	1.748213e+02
9.743300e+01	1.748033e+02
9.748300e+01	1.764246e+02
9.753300e+01	1.742266e+02
9.758300e+01	1.741892e+02
9.763300e+01	1.742182e+02
9.768300e+01	1.742672e+02
9.773300e+01	1.744704e+02
9.778300e+01	1.746052e+02
9.783400e+01	1.746713e+02
9.788300e+01	1.746976e+02
9.793300e+01	1.747197e+02
9.798400e+01	1.747411e+02
9.803400e+01	1.747423e+02
9.808400e+01	1.747537e+02
9.813400e+01	1.747720e+02
9.818400e+01	1.747706e+02
9.823400e+01	1.747813e+02
9.828400e+01	1.747948e+02
9.833500e+01	1.747968e+02
9.838800e+01	1.748047e+02
9.843500e+01	1.747887e+02
9.848500e+01	1.764470e+02
9.853400e+01	1.742203e+02
9.858400e+01	1.741797e+02
9.863500e+01	1.741976e+02
9.868500e+01	1.742695e+02
9.873500e+01	1.744417e+02
9.878500e+01	1.745773e+02
9.883600e+01	1.746530e+02
9.888600e+01	1.746777e+02
9.893600e+01	1.747264e+02
9.898600e+01	1.747330e+02
9.903600e+01	1.747617e+02
9.908600e+01	1.747621e+02
9.913600e+01	1.747589e+02
9.918600e+01	1.747709e+02
9.923600e+01	1.747784e+02
9.928600e+01	1.747856e+02
9.933600e+01	1.747957e+02
9.938800e+01	1.747964e+02
9.943600e+01	1.747833e+02
9.948600e+01	1.763882e+02
9.953700e+01	1.741987e+02
9.958600e+01	1.741641e+02
9.963700e+01	1.742098e+02
9.968700e+01	1.742583e+02
9.973700e+01	1.744063e+02
9.978700e+01	1.745323e+02
9.983700e+01	1.746262e+02
9.988700e+01	1.746603e+02
9.993800e+01	1.746915e+02
9.998700e+01	1.747280e+02
1.000370e+02	1.747067e+02
1.000870e+02	1.747314e+02
1.001370e+02	1.747489e+02
1.001880e+02	1.747559e+02
1.002380e+02	1.747628e+02
1.002880e+02	1.747644e+02
1.003380e+02	1.747588e+02
1.003890e+02	1.747751e+02
1.004380e+02	1.747577e+02
1.004900e+02	1.763955e+02
1.005390e+02	1.741712e+02
1.005890e+02	1.741876e+02
1.006390e+02	1.741811e+02
1.006890e+02	1.742932e+02
1.007390e+02	1.744990e+02
1.007890e+02	1.745902e+02
1.008390e+02	1.746429e+02
1.008900e+02	1.746776e+02
1.009390e+02	1.747132e+02
1.009890e+02	1.747195e+02
1.010400e+02	1.747343e+02
1.010890e+02	1.747277e+02
1.011400e+02	1.747405e+02
1.011910e+02	1.747551e+02
1.012440e+02	1.747407e+02
1.012900e+02	1.747495e+02
1.013400e+02	1.747745e+02
1.013900e+02	1.747927e+02
1.014400e+02	1.747782e+02
1.014900e+02	1.763468e+02
1.015410e+02	1.741659e+02
1.015900e+02	1.741511e+02
1.016400e+02	1.741632e+02
1.016910e+02	1.742904e+02
1.017410e+02	1.744807e+02
1.017910e+02	1.745810e+02
1.018410e+02	1.746335e+02
1.018940e+02	1.746926e+02
1.019410e+02	1.746903e+02
1.019920e+02	1.747269e+02
1.020420e+02	1.747200e+02
1.020910e+02	1.747099e+02
1.021420e+02	1.747433e+02
1.021910e+02	1.747566e+02
1.022420e+02	1.747629e+02
1.022920e+02	1.747644e+02
1.023420e+02	1.747631e+02
1.023930e+02	1.747662e+02
1.024420e+02	1.747603e+02
1.024930e+02	1.763318e+02
1.025420e+02	1.741447e+02
1.025920e+02	1.741513e+02
1.026420e+02	1.741567e+02
1.026920e+02	1.742695e+02
1.027420e+02	1.744717e+02
1.027930e+02	1.745746e+02
1.028420e+02	1.746432e+02
1.028930e+02	1.746488e+02
1.029440e+02	1.747077e+02
1.029930e+02	1.747256e+02
1.030430e+02	1.747161e+02
1.030940e+02	1.747328e+02
1.031430e+02	1.747363e+02
1.031930e+02	1.747624e+02
1.032430e+02	1.747315e+02
1.032930e+02	1.747511e+02
1.033440e+02	1.747265e+02
1.033940e+02	1.747534e+02
1.034430e+02	1.747810e+02
1.034940e+02	1.762294e+02
1.035440e+02	1.741348e+02
1.035940e+02	1.741531e+02
1.036440e+02	1.741499e+02
1.036940e+02	1.742578e+02
1.037440e+02	1.744525e+02
1.037950e+02	1.745744e+02
1.038440e+02	1.745938e+02
1.038970e+02	1.746480e+02
1.039450e+02	1.746783e+02
1.039950e+02	1.747229e+02
1.040450e+02	1.746945e+02
1.040960e+02	1.747150e+02
1.041450e+02	1.747319e+02
1.041950e+02	1.747258e+02
1.042450e+02	1.747367e+02
1.043020e+02	1.747337e+02
1.043450e+02	1.747308e+02
1.043950e+02	1.747698e+02
1.044450e+02	1.748707e+02
1.044970e+02	1.761640e+02
1.045460e+02	1.741294e+02
1.045980e+02	1.741339e+02
1.046460e+02	1.741537e+02
1.046970e+02	1.742413e+02
1.047470e+02	1.744058e+02
1.047970e+02	1.745297e+02
1.048460e+02	1.746127e+02
1.048970e+02	1.746338e+02
1.049460e+02	1.746534e+02
1.049970e+02	1.746684e+02
1.050480e+02	1.746845e+02
1.050970e+02	1.746981e+02
1.051480e+02	1.747193e+02
1.051980e+02	1.747211e+02
1.052470e+02	1.747247e+02
1.052970e+02	1.747134e+02
1.053470e+02	1.747124e+02
1.053980e+02	1.747447e+02
1.054480e+02	1.749762e+02
1.054980e+02	1.759852e+02
1.055470e+02	1.741200e+02
1.055980e+02	1.741087e+02
1.056480e+02	1.741332e+02
1.056980e+02	1.742660e+02
1.057480e+02	1.744344e+02
1.057990e+02	1.745695e+02
1.058490e+02	1.746216e+02
1.058990e+02	1.746389e+02
1.059490e+02	1.746598e+02
1.059990e+02	1.746655e+02
1.060490e+02	1.746747e+02
1.060990e+02	1.746732e+02
1.061490e+02	1.747106e+02
1.062000e+02	1.747088e+02
1.062490e+02	1.747005e+02
1.062990e+02	1.747211e+02
1.063490e+02	1.747118e+02
1.063990e+02	1.747212e+02
1.064490e+02	1.751225e+02
1.064990e+02	1.757716e+02
1.065490e+02	1.740977e+02
1.066000e+02	1.741043e+02
1.066500e+02	1.741403e+02
1.066990e+02	1.742463e+02
1.067500e+02	1.744280e+02
1.068000e+02	1.745304e+02
1.068510e+02	1.745915e+02
1.069010e+02	1.746116e+02
1.069500e+02	1.746466e+02
1.070020e+02	1.746592e+02
1.070510e+02	1.746492e+02
1.071010e+02	1.746921e+02
1.071510e+02	1.746553e+02
1.072010e+02	1.746922e+02
1.072510e+02	1.746790e+02
1.073010e+02	1.747104e+02
1.073510e+02	1.746888e+02
1.074020e+02	1.747144e+02
1.074520e+02	1.752433e+02
1.075010e+02	1.756145e+02
1.075520e+02	1.740999e+02
1.076010e+02	1.740888e+02
1.076520e+02	1.741043e+02
1.077010e+02	1.742248e+02
1.077520e+02	1.743985e+02
1.078020e+02	1.745247e+02
1.078520e+02	1.745841e+02
1.079020e+02	1.746097e+02
1.079530e+02	1.746277e+02
1.080020e+02	1.746474e+02
1.080520e+02	1.746501e+02
1.081030e+02	1.746561e+02
1.081530e+02	1.746667e+02
1.082030e+02	1.746967e+02
1.082530e+02	1.747003e+02
1.083030e+02	1.746663e+02
1.083560e+02	1.746770e+02
1.084030e+02	1.747009e+02
1.084530e+02	1.753709e+02
1.085030e+02	1.754486e+02
1.085540e+02	1.740820e+02
1.086040e+02	1.740714e+02
1.086540e+02	1.741056e+02
1.087040e+02	1.742491e+02
1.087540e+02	1.744129e+02
1.088040e+02	1.745248e+02
1.088540e+02	1.745568e+02
1.089040e+02	1.745928e+02
1.089540e+02	1.746192e+02
1.090040e+02	1.746464e+02
1.090550e+02	1.746332e+02
1.091040e+02	1.746498e+02
1.091540e+02	1.746756e+02
1.092050e+02	1.746621e+02
1.092550e+02	1.746679e+02
1.093050e+02	1.746687e+02
1.093550e+02	1.746897e+02
1.094050e+02	1.746787e+02
1.094560e+02	1.754301e+02
1.095050e+02	1.753261e+02
1.095560e+02	1.740596e+02
1.096060e+02	1.740776e+02
1.096560e+02	1.741146e+02
1.097060e+02	1.742406e+02
1.097560e+02	1.744141e+02
1.098050e+02	1.745168e+02
1.098560e+02	1.745672e+02
1.099050e+02	1.745914e+02
1.099560e+02	1.746065e+02
1.100090e+02	1.746375e+02
1.100560e+02	1.746352e+02
1.101070e+02	1.746461e+02
1.101560e+02	1.746629e+02
1.102060e+02	1.746631e+02
1.102560e+02	1.746705e+02
1.103060e+02	1.746723e+02
1.103570e+02	1.746533e+02
1.104070e+02	1.746819e+02
1.104570e+02	1.755220e+02
1.105070e+02	1.752339e+02
1.105570e+02	1.740700e+02
1.106070e+02	1.740732e+02
1.106570e+02	1.740965e+02
1.107080e+02	1.742342e+02
1.107580e+02	1.743973e+02
1.108070e+02	1.745096e+02
1.108580e+02	1.745685e+02
1.109080e+02	1.745941e+02
1.109580e+02	1.746043e+02
1.110080e+02	1.746462e+02
1.110580e+02	1.746428e+02
1.111080e+02	1.746409e+02
1.111610e+02	1.746592e+02
1.112090e+02	1.746799e+02
1.112580e+02	1.746642e+02
1.113080e+02	1.746619e+02
1.113630e+02	1.746639e+02
1.114090e+02	1.746868e+02
1.114590e+02	1.755865e+02
1.115090e+02	1.751474e+02
1.115590e+02	1.740492e+02
1.116090e+02	1.740716e+02
1.116590e+02	1.740941e+02
1.117100e+02	1.742363e+02
1.117600e+02	1.744131e+02
1.118090e+02	1.744948e+02
1.118600e+02	1.745657e+02
1.119090e+02	1.745831e+02
1.119600e+02	1.746064e+02
1.120110e+02	1.746162e+02
1.120610e+02	1.746419e+02
1.121110e+02	1.746477e+02
1.121610e+02	1.746471e+02
1.122100e+02	1.746599e+02
1.122610e+02	1.746666e+02
1.123110e+02	1.746583e+02
1.123690e+02	1.746628e+02
1.124100e+02	1.746821e+02
1.124600e+02	1.757019e+02
1.125110e+02	1.750481e+02
1.125610e+02	1.740668e+02
1.126110e+02	1.740809e+02
1.126610e+02	1.741100e+02
1.127110e+02	1.742235e+02
1.127650e+02	1.744060e+02
1.128120e+02	1.745141e+02
1.128610e+02	1.745386e+02
1.129120e+02	1.745814e+02
1.129620e+02	1.745892e+02
1.130130e+02	1.746137e+02
1.130620e+02	1.746587e+02
1.131120e+02	1.746182e+02
1.131630e+02	1.746438e+02
1.132130e+02	1.746530e+02
1.132630e+02	1.746583e+02
1.133120e+02	1.746497e+02
1.133630e+02	1.746437e+02
1.134140e+02	1.746612e+02
1.134630e+02	1.758096e+02
1.135130e+02	1.748426e+02
1.135630e+02	1.740608e+02
1.136130e+02	1.740571e+02
1.136630e+02	1.741297e+02
1.137140e+02	1.742404e+02
1.137640e+02	1.743917e+02
1.138130e+02	1.744858e+02
1.138630e+02	1.745502e+02
1.139140e+02	1.745896e+02
1.139640e+02	1.746060e+02
1.140140e+02	1.746322e+02
1.140640e+02	1.746427e+02
1.141140e+02	1.746130e+02
1.141640e+02	1.746432e+02
1.142170e+02	1.746212e+02
1.142640e+02	1.746421e+02
1.143210e+02	1.746447e+02
1.143650e+02	1.746540e+02
1.144150e+02	1.746576e+02
1.144640e+02	1.759187e+02
1.145150e+02	1.746910e+02
1.145650e+02	1.740437e+02
1.146150e+02	1.740611e+02
1.146650e+02	1.741025e+02
1.147150e+02	1.742591e+02
1.147650e+02	1.744113e+02
1.148150e+02	1.744963e+02
1.148680e+02	1.745561e+02
1.149170e+02	1.745570e+02
1.149660e+02	1.745913e+02
1.150160e+02	1.746037e+02
1.150650e+02	1.746296e+02
1.151200e+02	1.746316e+02
1.151660e+02	1.746411e+02
1.152170e+02	1.746516e+02
1.152660e+02	1.746339e+02
1.153200e+02	1.746348e+02
1.153780e+02	1.746444e+02
1.154160e+02	1.746640e+02
1.154670e+02	1.760258e+02
1.155160e+02	1.745215e+02
1.155670e+02	1.740395e+02
1.156170e+02	1.740717e+02
1.156670e+02	1.741200e+02
1.157170e+02	1.742792e+02
1.157670e+02	1.744110e+02
1.158170e+02	1.745090e+02
1.158680e+02	1.745642e+02
1.159170e+02	1.745654e+02
1.159680e+02	1.745965e+02
1.160170e+02	1.746083e+02
1.160670e+02	1.746037e+02
1.161170e+02	1.746206e+02
1.161680e+02	1.746304e+02
1.162180e+02	1.746433e+02
1.162680e+02	1.746389e+02
1.163180e+02	1.746259e+02
1.163690e+02	1.746549e+02
1.164180e+02	1.746686e+02
1.164690e+02	1.760796e+02
1.165180e+02	1.744395e+02
1.165680e+02	1.740460e+02
1.166190e+02	1.740634e+02
1.166690e+02	1.741046e+02
1.167190e+02	1.742585e+02
1.167690e+02	1.744125e+02
1.168190e+02	1.745194e+02
1.168690e+02	1.745643e+02
1.169190e+02	1.745736e+02
1.169690e+02	1.745956e+02
1.170190e+02	1.746110e+02
1.170700e+02	1.746226e+02
1.171190e+02	1.746195e+02
1.171690e+02	1.746253e+02
1.172200e+02	1.746642e+02
1.172700e+02	1.746424e+02
1.173200e+02	1.746287e+02
1.173710e+02	1.746480e+02
1.174200e+02	1.746547e+02
1.174710e+02	1.761752e+02
1.175200e+02	1.743630e+02
1.175700e+02	1.740422e+02
1.176200e+02	1.740496e+02
1.176700e+02	1.740906e+02
1.177200e+02	1.742139e+02
1.177710e+02	1.743726e+02
1.178210e+02	1.744589e+02
1.178710e+02	1.745351e+02
1.179210e+02	1.745535e+02
1.179710e+02	1.745548e+02
1.180210e+02	1.746124e+02
1.180710e+02	1.745888e+02
1.181220e+02	1.746153e+02
1.181710e+02	1.746082e+02
1.182220e+02	1.746370e+02
1.182710e+02	1.746402e+02
1.183220e+02	1.746263e+02
1.183740e+02	1.746454e+02
1.184220e+02	1.746529e+02
1.184710e+02	1.762155e+02
1.185220e+02	1.743025e+02
1.185720e+02	1.740379e+02
1.186220e+02	1.740769e+02
1.186730e+02	1.741066e+02
1.187220e+02	1.742956e+02
1.187730e+02	1.744428e+02
1.188230e+02	1.745122e+02
1.188730e+02	1.745652e+02
1.189250e+02	1.745683e+02
1.189730e+02	1.746060e+02
1.190230e+02	1.746156e+02
1.190730e+02	1.746521e+02
1.191240e+02	1.746155e+02
1.191740e+02	1.746263e+02
1.192230e+02	1.746539e+02
1.192740e+02	1.746470e+02
1.193240e+02	1.746469e+02
1.193740e+02	1.746502e+02
1.194230e+02	1.746576e+02
1.194740e+02	1.762699e+02
1.195240e+02	1.742690e+02
1.195750e+02	1.740505e+02
1.196240e+02	1.740687e+02
1.196740e+02	1.741282e+02
1.197250e+02	1.742830e+02
1.197740e+02	1.744292e+02
1.198240e+02	1.745294e+02
1.198750e+02	1.745501e+02
1.199250e+02	1.745724e+02
1.199750e+02	1.745898e+02
1.200250e+02	1.746054e+02
1.200760e+02	1.746225e+02
1.201260e+02	1.746206e+02
1.201750e+02	1.746195e+02
1.202250e+02	1.746633e+02
1.202760e+02	1.746541e+02
1.203260e+02	1.746503e+02
1.203760e+02	1.746440e+02
1.204260e+02	1.746715e+02
1.204760e+02	1.763120e+02
1.205250e+02	1.741994e+02
1.205750e+02	1.740509e+02
1.206260e+02	1.740781e+02
1.206760e+02	1.741303e+02
1.207260e+02	1.742964e+02
1.207760e+02	1.744344e+02
1.208270e+02	1.745295e+02
1.208760e+02	1.745571e+02
1.209260e+02	1.745763e+02
1.209760e+02	1.745941e+02
1.210300e+02	1.746082e+02
1.210770e+02	1.746221e+02
1.211280e+02	1.746405e+02
1.211770e+02	1.746276e+02
1.212290e+02	1.746671e+02
1.212780e+02	1.746286e+02
1.213280e+02	1.746534e+02
1.213770e+02	1.746531e+02
1.214270e+02	1.746649e+02
1.214780e+02	1.763223e+02
1.215270e+02	1.741335e+02
1.215780e+02	1.740489e+02
1.216280e+02	1.740569e+02
1.216780e+02	1.741390e+02
1.217280e+02	1.742977e+02
1.217780e+02	1.744380e+02
1.218290e+02	1.745161e+02
1.218790e+02	1.745550e+02
1.219280e+02	1.745796e+02
1.219780e+02	1.745946e+02
1.220290e+02	1.746118e+02
1.220790e+02	1.746263e+02
1.221290e+02	1.746085e+02
1.221790e+02	1.746391e+02
1.222290e+02	1.746482e+02
1.222790e+02	1.746506e+02
1.223290e+02	1.746363e+02
1.223790e+02	1.746475e+02
1.224290e+02	1.746641e+02
1.224790e+02	1.763244e+02
1.225300e+02	1.740908e+02
1.225790e+02	1.740668e+02
1.226290e+02	1.740859e+02
1.226810e+02	1.741274e+02
1.227300e+02	1.743097e+02
1.227810e+02	1.744487e+02
1.228300e+02	1.745158e+02
1.228800e+02	1.745521e+02
1.229300e+02	1.745853e+02
1.229810e+02	1.746102e+02
1.230310e+02	1.746135e+02
1.230810e+02	1.746304e+02
1.231300e+02	1.746212e+02
1.231810e+02	1.746330e+02
1.232310e+02	1.746438e+02
1.232810e+02	1.746193e+02
1.233310e+02	1.746512e+02
1.233810e+02	1.746494e+02
1.234320e+02	1.746408e+02
1.234810e+02	1.762800e+02
1.235320e+02	1.740679e+02
1.235820e+02	1.740463e+02
1.236310e+02	1.740815e+02
1.236810e+02	1.741496e+02
1.237330e+02	1.743106e+02
1.237810e+02	1.744507e+02
1.238320e+02	1.745296e+02
1.238820e+02	1.745441e+02
1.239320e+02	1.745769e+02
1.239830e+02	1.745953e+02
1.240320e+02	1.746208e+02
1.240820e+02	1.746130e+02
1.241330e+02	1.746215e+02
1.241830e+02	1.746273e+02
1.242330e+02	1.746296e+02
1.242820e+02	1.746150e+02
1.243340e+02	1.746408e+02
1.243830e+02	1.746473e+02
1.244330e+02	1.746331e+02
1.244830e+02	1.762224e+02
1.245340e+02	1.740453e+02
1.245830e+02	1.740236e+02
1.246330e+02	1.740609e+02
1.246840e+02	1.741509e+02
1.247340e+02	1.743153e+02
1.247840e+02	1.744410e+02
1.248340e+02	1.745138e+02
1.248840e+02	1.745558e+02
1.249340e+02	1.745431e+02
1.249850e+02	1.745824e+02
1.250350e+02	1.746028e+02
1.250840e+02	1.746125e+02
1.251350e+02	1.746143e+02
1.251850e+02	1.746175e+02
1.252340e+02	1.746323e+02
1.252850e+02	1.746163e+02
1.253350e+02	1.746302e+02
1.253870e+02	1.746212e+02
1.254360e+02	1.746144e+02
1.254850e+02	1.762714e+02
1.255350e+02	1.740429e+02
1.255860e+02	1.740246e+02
1.256360e+02	1.740608e+02
1.256860e+02	1.741230e+02
1.257360e+02	1.743011e+02
1.257860e+02	1.744269e+02
1.258360e+02	1.745002e+02
1.258860e+02	1.745480e+02
1.259360e+02	1.745673e+02
1.259860e+02	1.745793e+02
1.260360e+02	1.745944e+02
1.260860e+02	1.746071e+02
1.261360e+02	1.746074e+02
1.261920e+02	1.746119e+02
1.262370e+02	1.746170e+02
1.262870e+02	1.745971e+02
1.263370e+02	1.745922e+02
1.263870e+02	1.746150e+02
1.264370e+02	1.746319e+02
1.264870e+02	1.762579e+02
1.265370e+02	1.740507e+02
1.265870e+02	1.740204e+02
1.266370e+02	1.740304e+02
1.266870e+02	1.741137e+02
1.267370e+02	1.743080e+02
1.267880e+02	1.744196e+02
1.268380e+02	1.744988e+02
1.268880e+02	1.745307e+02
1.269380e+02	1.745684e+02
1.269880e+02	1.745632e+02
1.270380e+02	1.745989e+02
1.270880e+02	1.745992e+02
1.271380e+02	1.745939e+02
1.271890e+02	1.746047e+02
1.272380e+02	1.746334e+02
1.272880e+02	1.746087e+02
1.273410e+02	1.745978e+02
1.273890e+02	1.746203e+02
1.274400e+02	1.746361e+02
1.274890e+02	1.761884e+02
1.275390e+02	1.740190e+02
1.275880e+02	1.740061e+02
1.276390e+02	1.740316e+02
1.276890e+02	1.741394e+02
1.277400e+02	1.743045e+02
1.277900e+02	1.744362e+02
1.278400e+02	1.745012e+02
1.278900e+02	1.745330e+02
1.279400e+02	1.745546e+02
1.279900e+02	1.745575e+02
1.280430e+02	1.745696e+02
1.280900e+02	1.745880e+02
1.281410e+02	1.745816e+02
1.281900e+02	1.746003e+02
1.282410e+02	1.746177e+02
1.282900e+02	1.745984e+02
1.283410e+02	1.746015e+02
1.284350e+02	1.746174e+02
1.284450e+02	1.746236e+02
1.284910e+02	1.761491e+02
1.285420e+02	1.740361e+02
1.285980e+02	1.740063e+02
1.286420e+02	1.740305e+02
1.286910e+02	1.741061e+02
1.287410e+02	1.742982e+02
1.287910e+02	1.744181e+02
1.288410e+02	1.744755e+02
1.288920e+02	1.745127e+02
1.289410e+02	1.745227e+02
1.289920e+02	1.745639e+02
1.290420e+02	1.745614e+02
1.290920e+02	1.745886e+02
1.291410e+02	1.745739e+02
1.291920e+02	1.745666e+02
1.292420e+02	1.745939e+02
1.292930e+02	1.745964e+02
1.293420e+02	1.745958e+02
1.293920e+02	1.746125e+02
1.294430e+02	1.746094e+02
1.294930e+02	1.761553e+02
1.295420e+02	1.740045e+02
1.295930e+02	1.740053e+02
1.296430e+02	1.740194e+02
1.296930e+02	1.741680e+02
1.297430e+02	1.742854e+02
1.297930e+02	1.744091e+02
1.298430e+02	1.744753e+02
1.298940e+02	1.744994e+02
1.299440e+02	1.745524e+02
1.299940e+02	1.745517e+02
1.300440e+02	1.745771e+02
1.300950e+02	1.745725e+02
1.301440e+02	1.745796e+02
1.301940e+02	1.745878e+02
1.302440e+02	1.745882e+02
1.302940e+02	1.746203e+02
1.303440e+02	1.745982e+02
1.303950e+02	1.745945e+02
1.304440e+02	1.746109e+02
1.304950e+02	1.761153e+02
1.305450e+02	1.739882e+02
1.305950e+02	1.740158e+02
1.306450e+02	1.740511e+02
1.306960e+02	1.741488e+02
1.307460e+02	1.743073e+02
1.307950e+02	1.744423e+02
1.308450e+02	1.744901e+02
1.308950e+02	1.745232e+02
1.309460e+02	1.745285e+02
1.309950e+02	1.745576e+02
1.310460e+02	1.745665e+02
1.310960e+02	1.745666e+02
1.311460e+02	1.745679e+02
1.311960e+02	1.745814e+02
1.312460e+02	1.745873e+02
1.312960e+02	1.746053e+02
1.313460e+02	1.745839e+02
1.313960e+02	1.745822e+02
1.314460e+02	1.747341e+02
1.314970e+02	1.759948e+02
1.315470e+02	1.739851e+02
1.315970e+02	1.740028e+02
1.316470e+02	1.740338e+02
1.316970e+02	1.741434e+02
1.317470e+02	1.743132e+02
1.317970e+02	1.743921e+02
1.318480e+02	1.744780e+02
1.318970e+02	1.745074e+02
1.319480e+02	1.745321e+02
1.319980e+02	1.745492e+02
1.320480e+02	1.745637e+02
1.320970e+02	1.745645e+02
1.321470e+02	1.745892e+02
1.321980e+02	1.746014e+02
1.322480e+02	1.745794e+02
1.322980e+02	1.746105e+02
1.323480e+02	1.745980e+02
1.323990e+02	1.745977e+02
1.324480e+02	1.748403e+02
1.324980e+02	1.758244e+02
1.325490e+02	1.740196e+02
1.325980e+02	1.740195e+02
1.326490e+02	1.740652e+02
1.326980e+02	1.741527e+02
1.327480e+02	1.743235e+02
1.327980e+02	1.744516e+02
1.328490e+02	1.744734e+02
1.328990e+02	1.745289e+02
1.329490e+02	1.745281e+02
1.330000e+02	1.745440e+02
1.330490e+02	1.745893e+02
1.330990e+02	1.745764e+02
1.331510e+02	1.745739e+02
1.332000e+02	1.745891e+02
1.332500e+02	1.745775e+02
1.333000e+02	1.746201e+02
1.333500e+02	1.745940e+02
1.334000e+02	1.746078e+02
1.334500e+02	1.749036e+02
1.335000e+02	1.758056e+02
1.335510e+02	1.740208e+02
1.336010e+02	1.740120e+02
1.336510e+02	1.740475e+02
1.337020e+02	1.741534e+02
1.337510e+02	1.742974e+02
1.338010e+02	1.744491e+02
1.338510e+02	1.744843e+02
1.339010e+02	1.745110e+02
1.339510e+02	1.745131e+02
1.340010e+02	1.745486e+02
1.340960e+02	1.745670e+02
1.341040e+02	1.745495e+02
1.341510e+02	1.745917e+02
1.342020e+02	1.745830e+02
1.342520e+02	1.746176e+02
1.343020e+02	1.746146e+02
1.343520e+02	1.745759e+02
1.344030e+02	1.745949e+02
1.344520e+02	1.750009e+02
1.345020e+02	1.756814e+02
1.345520e+02	1.740027e+02
1.346020e+02	1.739976e+02
1.346580e+02	1.740384e+02
1.347020e+02	1.741371e+02
1.347530e+02	1.743224e+02
1.348020e+02	1.744183e+02
1.348530e+02	1.744888e+02
1.349030e+02	1.745314e+02
1.349530e+02	1.745322e+02
1.350040e+02	1.745697e+02
1.350530e+02	1.745797e+02
1.351030e+02	1.745847e+02
1.351530e+02	1.745722e+02
1.352040e+02	1.745793e+02
1.352540e+02	1.745926e+02
1.353040e+02	1.746016e+02
1.353560e+02	1.746241e+02
1.354040e+02	1.746053e+02
1.354530e+02	1.750975e+02
1.355040e+02	1.755469e+02
1.355550e+02	1.740214e+02
1.356040e+02	1.740024e+02
1.356540e+02	1.740391e+02
1.357090e+02	1.741348e+02
1.357560e+02	1.742896e+02
1.358050e+02	1.744168e+02
1.358540e+02	1.744703e+02
1.359050e+02	1.745099e+02
1.359550e+02	1.745243e+02
1.360050e+02	1.745640e+02
1.360560e+02	1.745888e+02
1.361050e+02	1.745805e+02
1.361550e+02	1.745762e+02
1.362050e+02	1.745780e+02
1.362560e+02	1.745837e+02
1.363050e+02	1.746210e+02
1.363550e+02	1.746034e+02
1.364050e+02	1.745851e+02
1.364560e+02	1.752620e+02
1.365060e+02	1.753722e+02
1.365550e+02	1.740110e+02
1.366060e+02	1.740239e+02
1.366560e+02	1.740469e+02
1.367060e+02	1.741633e+02
1.367570e+02	1.743575e+02
1.368060e+02	1.744377e+02
1.368570e+02	1.745172e+02
1.369060e+02	1.745270e+02
1.369570e+02	1.745681e+02
1.370070e+02	1.745720e+02
1.370570e+02	1.745940e+02
1.371070e+02	1.745794e+02
1.371570e+02	1.746025e+02
1.372070e+02	1.745904e+02
1.372580e+02	1.746104e+02
1.373070e+02	1.745966e+02
1.373580e+02	1.746077e+02
1.374080e+02	1.746033e+02
1.374570e+02	1.754155e+02
1.375080e+02	1.752274e+02
1.375580e+02	1.740179e+02
1.376080e+02	1.740344e+02
1.376580e+02	1.740596e+02
1.377110e+02	1.742135e+02
1.377580e+02	1.743598e+02
1.378080e+02	1.744782e+02
1.378580e+02	1.745023e+02
1.379090e+02	1.745574e+02
1.379590e+02	1.745616e+02
1.380090e+02	1.745687e+02
1.380590e+02	1.745868e+02
1.381080e+02	1.745993e+02
1.381590e+02	1.746058e+02
1.382090e+02	1.746170e+02
1.382590e+02	1.746259e+02
1.383100e+02	1.746292e+02
1.383610e+02	1.746215e+02
1.384150e+02	1.746302e+02
1.384600e+02	1.755584e+02
1.385090e+02	1.750886e+02
1.385600e+02	1.740352e+02
1.386090e+02	1.740284e+02
1.386600e+02	1.740895e+02
1.387100e+02	1.742186e+02
1.387610e+02	1.743946e+02
1.388100e+02	1.744851e+02
1.388600e+02	1.745207e+02
1.389130e+02	1.745585e+02
1.389600e+02	1.745644e+02
1.390110e+02	1.745572e+02
1.390610e+02	1.745977e+02
1.391110e+02	1.746082e+02
1.391610e+02	1.746279e+02
