0.000000e+00	1.071060e+06
5.000000e-02	1.080934e+06
1.000000e-01	1.077975e+06
1.500000e-01	1.075672e+06
2.010000e-01	1.061368e+06
2.510000e-01	1.068716e+06
3.010000e-01	1.068146e+06
3.500000e-01	1.072001e+06
4.000000e-01	1.071868e+06
4.510000e-01	1.069246e+06
5.010000e-01	1.076536e+06
5.510000e-01	1.067869e+06
6.010000e-01	1.071880e+06
6.520000e-01	1.072835e+06
7.020000e-01	1.078097e+06
7.510000e-01	1.073625e+06
8.020000e-01	1.073148e+06
8.520000e-01	1.078617e+06
9.020000e-01	1.079366e+06
9.520000e-01	1.075677e+06
1.002000e+00	1.077791e+06
1.052000e+00	1.073368e+06
1.102000e+00	1.081997e+06
1.152000e+00	1.077366e+06
1.203000e+00	1.057864e+06
1.252000e+00	1.068672e+06
1.303000e+00	1.062449e+06
1.353000e+00	1.069990e+06
1.403000e+00	1.066815e+06
1.453000e+00	1.072964e+06
1.504000e+00	1.073888e+06
1.553000e+00	1.073300e+06
1.603000e+00	1.072711e+06
1.653000e+00	1.073709e+06
1.703000e+00	1.076178e+06
1.753000e+00	1.073718e+06
1.803000e+00	1.069398e+06
1.854000e+00	1.080951e+06
1.904000e+00	1.072007e+06
1.954000e+00	1.079742e+06
2.004000e+00	1.077303e+06
2.054000e+00	1.081782e+06
2.104000e+00	1.077651e+06
2.154000e+00	1.080152e+06
2.204000e+00	1.064927e+06
2.294000e+00	1.066244e+06
2.305000e+00	1.075712e+06
2.355000e+00	1.067700e+06
2.405000e+00	1.073186e+06
2.454000e+00	1.071355e+06
2.505000e+00	1.071057e+06
2.555000e+00	1.084779e+06
2.605000e+00	1.078358e+06
2.655000e+00	1.080499e+06
2.706000e+00	1.076471e+06
2.755000e+00	1.074758e+06
2.806000e+00	1.075603e+06
2.855000e+00	1.077481e+06
2.906000e+00	1.082905e+06
2.956000e+00	1.073712e+06
3.006000e+00	1.074073e+06
3.056000e+00	1.081357e+06
3.175000e+00	1.077681e+06
3.351000e+00	1.086594e+06
3.364000e+00	1.062397e+06
3.407000e+00	1.071270e+06
3.456000e+00	1.073676e+06
3.508000e+00	1.076037e+06
3.558000e+00	1.071273e+06
3.608000e+00	1.075669e+06
3.657000e+00	1.076102e+06
3.707000e+00	1.078603e+06
3.757000e+00	1.080324e+06
3.807000e+00	1.075213e+06
3.857000e+00	1.076988e+06
3.907000e+00	1.077925e+06
3.958000e+00	1.073233e+06
4.008000e+00	1.084173e+06
4.058000e+00	1.076945e+06
4.108000e+00	1.081356e+06
4.158000e+00	1.068707e+06
4.208000e+00	1.060700e+06
4.258000e+00	1.064723e+06
4.308000e+00	1.073079e+06
4.358000e+00	1.069745e+06
4.409000e+00	1.070269e+06
4.458000e+00	1.070986e+06
4.509000e+00	1.070256e+06
4.559000e+00	1.070989e+06
4.609000e+00	1.071403e+06
4.659000e+00	1.079144e+06
4.709000e+00	1.074766e+06
4.759000e+00	1.073103e+06
4.809000e+00	1.068257e+06
4.859000e+00	1.077637e+06
4.909000e+00	1.078863e+06
4.959000e+00	1.077738e+06
5.009000e+00	1.078333e+06
5.059000e+00	1.078210e+06
5.109000e+00	1.079856e+06
5.159000e+00	1.080061e+06
5.210000e+00	1.064961e+06
5.260000e+00	1.068847e+06
5.310000e+00	1.066788e+06
5.360000e+00	1.060618e+06
5.411000e+00	1.065428e+06
5.460000e+00	1.074048e+06
5.510000e+00	1.078285e+06
5.560000e+00	1.071804e+06
5.610000e+00	1.072820e+06
5.660000e+00	1.073102e+06
5.710000e+00	1.076234e+06
5.760000e+00	1.072577e+06
5.811000e+00	1.076684e+06
5.861000e+00	1.075060e+06
5.911000e+00	1.077127e+06
5.961000e+00	1.071094e+06
6.011000e+00	1.075156e+06
6.061000e+00	1.079281e+06
6.132000e+00	1.075241e+06
6.207000e+00	1.075918e+06
6.214000e+00	1.059823e+06
6.262000e+00	1.062605e+06
6.311000e+00	1.070051e+06
6.362000e+00	1.070029e+06
6.412000e+00	1.068924e+06
6.462000e+00	1.070633e+06
6.513000e+00	1.066423e+06
6.562000e+00	1.068459e+06
6.612000e+00	1.066292e+06
6.663000e+00	1.076584e+06
6.712000e+00	1.072853e+06
6.762000e+00	1.075329e+06
6.813000e+00	1.069728e+06
6.863000e+00	1.078815e+06
6.913000e+00	1.075720e+06
6.963000e+00	1.080276e+06
7.014000e+00	1.069698e+06
7.063000e+00	1.076785e+06
7.113000e+00	1.074537e+06
7.164000e+00	1.075300e+06
7.214000e+00	1.058483e+06
7.264000e+00	1.061183e+06
7.314000e+00	1.066836e+06
7.364000e+00	1.074716e+06
7.413000e+00	1.072090e+06
7.464000e+00	1.068560e+06
7.514000e+00	1.070798e+06
7.564000e+00	1.068215e+06
7.614000e+00	1.071485e+06
7.664000e+00	1.066746e+06
7.714000e+00	1.072177e+06
7.765000e+00	1.064950e+06
7.814000e+00	1.072045e+06
7.865000e+00	1.070815e+06
7.915000e+00	1.071053e+06
7.965000e+00	1.070621e+06
8.015000e+00	1.074108e+06
8.065000e+00	1.077942e+06
8.115000e+00	1.077773e+06
8.165000e+00	1.074210e+06
8.216000e+00	1.058792e+06
8.265000e+00	1.060071e+06
8.316000e+00	1.068161e+06
8.366000e+00	1.062860e+06
8.416000e+00	1.062603e+06
8.466000e+00	1.068604e+06
8.516000e+00	1.061666e+06
8.566000e+00	1.070670e+06
8.616000e+00	1.070630e+06
8.667000e+00	1.074872e+06
8.717000e+00	1.071104e+06
8.766000e+00	1.068955e+06
8.816000e+00	1.071255e+06
8.866000e+00	1.072078e+06
8.917000e+00	1.076116e+06
8.967000e+00	1.064263e+06
9.018000e+00	1.065211e+06
9.087000e+00	1.072216e+06
9.117000e+00	1.072596e+06
9.167000e+00	1.075510e+06
9.217000e+00	1.055007e+06
9.267000e+00	1.063137e+06
9.318000e+00	1.061759e+06
9.368000e+00	1.062519e+06
9.418000e+00	1.063880e+06
9.468000e+00	1.065648e+06
9.518000e+00	1.070063e+06
9.568000e+00	1.061103e+06
9.618000e+00	1.063554e+06
9.668000e+00	1.064861e+06
9.719000e+00	1.070294e+06
9.769000e+00	1.069563e+06
9.818000e+00	1.067543e+06
9.869000e+00	1.072469e+06
9.919000e+00	1.066224e+06
9.969000e+00	1.070159e+06
1.001900e+01	1.069251e+06
1.006900e+01	1.077366e+06
1.011900e+01	1.073235e+06
1.016900e+01	1.060507e+06
1.021900e+01	1.044756e+06
1.026900e+01	1.056426e+06
1.031900e+01	1.078602e+06
1.037000e+01	1.066267e+06
1.042000e+01	1.061713e+06
1.047000e+01	1.062734e+06
1.052000e+01	1.060177e+06
1.056900e+01	1.062882e+06
1.061900e+01	1.066581e+06
1.066900e+01	1.066862e+06
1.072000e+01	1.071043e+06
1.077000e+01	1.054205e+06
1.090900e+01	1.067516e+06
1.091700e+01	1.061423e+06
1.097100e+01	1.068819e+06
1.102100e+01	1.063534e+06
1.107100e+01	1.063726e+06
1.112100e+01	1.068249e+06
1.117100e+01	1.073537e+06
1.122100e+01	1.049173e+06
1.127100e+01	1.056434e+06
1.132100e+01	1.053591e+06
1.137100e+01	1.053199e+06
1.142200e+01	1.058359e+06
1.147200e+01	1.062351e+06
1.152100e+01	1.062807e+06
1.157100e+01	1.064927e+06
1.162200e+01	1.056498e+06
1.167200e+01	1.063284e+06
1.172300e+01	1.061190e+06
1.177200e+01	1.069727e+06
1.182200e+01	1.067406e+06
1.187200e+01	1.065599e+06
1.192300e+01	1.062923e+06
1.197200e+01	1.059155e+06
1.202200e+01	1.067023e+06
1.207200e+01	1.066932e+06
1.212300e+01	1.071942e+06
1.217300e+01	1.067712e+06
1.222300e+01	1.045674e+06
1.227300e+01	1.049988e+06
1.232300e+01	1.057147e+06
1.237300e+01	1.059912e+06
1.242300e+01	1.056913e+06
1.247300e+01	1.057730e+06
1.252300e+01	1.057173e+06
1.257300e+01	1.051943e+06
1.262400e+01	1.063849e+06
1.267300e+01	1.059019e+06
1.272400e+01	1.065498e+06
1.277400e+01	1.056182e+06
1.282400e+01	1.061777e+06
1.287400e+01	1.064063e+06
1.292400e+01	1.061073e+06
1.297400e+01	1.065926e+06
1.302400e+01	1.062934e+06
1.307400e+01	1.064180e+06
1.312400e+01	1.063599e+06
1.317400e+01	1.059976e+06
1.322400e+01	1.046595e+06
1.327400e+01	1.052963e+06
1.332500e+01	1.050212e+06
1.337500e+01	1.052651e+06
1.342600e+01	1.051223e+06
1.347600e+01	1.058261e+06
1.352500e+01	1.055763e+06
1.357600e+01	1.058301e+06
1.362500e+01	1.054865e+06
1.367500e+01	1.059912e+06
1.372600e+01	1.053410e+06
1.377500e+01	1.057790e+06
1.382600e+01	1.057586e+06
1.387600e+01	1.060722e+06
1.392600e+01	1.066790e+06
1.397600e+01	1.061806e+06
1.402600e+01	1.061562e+06
1.407600e+01	1.063007e+06
1.412700e+01	1.065665e+06
1.417600e+01	1.058233e+06
1.422600e+01	1.040387e+06
1.427600e+01	1.046524e+06
1.432700e+01	1.051052e+06
1.437700e+01	1.050107e+06
1.443200e+01	1.053627e+06
1.447800e+01	1.051070e+06
1.452800e+01	1.056076e+06
1.457700e+01	1.049389e+06
1.462700e+01	1.056654e+06
1.467700e+01	1.054816e+06
1.472800e+01	1.055338e+06
1.477700e+01	1.052014e+06
1.482800e+01	1.053655e+06
1.487800e+01	1.058118e+06
1.492800e+01	1.055370e+06
1.497800e+01	1.054030e+06
1.502800e+01	1.056772e+06
1.507800e+01	1.056587e+06
1.512800e+01	1.059781e+06
1.517800e+01	1.059317e+06
1.522900e+01	1.036258e+06
1.527800e+01	1.046641e+06
1.532900e+01	1.043324e+06
1.537800e+01	1.048911e+06
1.543000e+01	1.042349e+06
1.547900e+01	1.054530e+06
1.552900e+01	1.047694e+06
1.558000e+01	1.051687e+06
1.563000e+01	1.049512e+06
1.567900e+01	1.047150e+06
1.572900e+01	1.056232e+06
1.578000e+01	1.053249e+06
1.583000e+01	1.057242e+06
1.588000e+01	1.053168e+06
1.593000e+01	1.049699e+06
1.598000e+01	1.053862e+06
1.603000e+01	1.053600e+06
1.608000e+01	1.055624e+06
1.613000e+01	1.049021e+06
1.618000e+01	1.053154e+06
1.623000e+01	1.032925e+06
1.628000e+01	1.041518e+06
1.633100e+01	1.050326e+06
1.638100e+01	1.046271e+06
1.643100e+01	1.046090e+06
1.648100e+01	1.049520e+06
1.653100e+01	1.041393e+06
1.658100e+01	1.051177e+06
1.663100e+01	1.047079e+06
1.668100e+01	1.053431e+06
1.673100e+01	1.053097e+06
1.678100e+01	1.043053e+06
1.683200e+01	1.054254e+06
1.688100e+01	1.051620e+06
1.693200e+01	1.057519e+06
1.698200e+01	1.055154e+06
1.703300e+01	1.048751e+06
1.708200e+01	1.054543e+06
1.713200e+01	1.051909e+06
1.718300e+01	1.060068e+06
1.723200e+01	1.035346e+06
1.728200e+01	1.040467e+06
1.733200e+01	1.042216e+06
1.738200e+01	1.030970e+06
1.743300e+01	1.049361e+06
1.748200e+01	1.040977e+06
1.753300e+01	1.048461e+06
1.758300e+01	1.046660e+06
1.763300e+01	1.047592e+06
1.768300e+01	1.047744e+06
1.773400e+01	1.050097e+06
1.778300e+01	1.048562e+06
1.783300e+01	1.051749e+06
1.788300e+01	1.047464e+06
1.793300e+01	1.046588e+06
1.798400e+01	1.044112e+06
1.803400e+01	1.053435e+06
1.808400e+01	1.053774e+06
1.813400e+01	1.048834e+06
1.818400e+01	1.056249e+06
1.823500e+01	1.027532e+06
1.828500e+01	1.043929e+06
1.833500e+01	1.041631e+06
1.838400e+01	1.043281e+06
1.843500e+01	1.043497e+06
1.848500e+01	1.040420e+06
1.853500e+01	1.041965e+06
1.858500e+01	1.037333e+06
1.863500e+01	1.043512e+06
1.868500e+01	1.048768e+06
1.873600e+01	1.044844e+06
1.878600e+01	1.046756e+06
1.883600e+01	1.043784e+06
1.888600e+01	1.048308e+06
1.893500e+01	1.051879e+06
1.898600e+01	1.046609e+06
1.903600e+01	1.047317e+06
1.908600e+01	1.046215e+06
1.913600e+01	1.042395e+06
1.918600e+01	1.051323e+06
1.923600e+01	1.027754e+06
1.928600e+01	1.037697e+06
1.933600e+01	1.037339e+06
1.938600e+01	1.034590e+06
1.943600e+01	1.041082e+06
1.948700e+01	1.042222e+06
1.953700e+01	1.045775e+06
1.958600e+01	1.040521e+06
1.963700e+01	1.041930e+06
1.968600e+01	1.039988e+06
1.973700e+01	1.043125e+06
1.978700e+01	1.039281e+06
1.983700e+01	1.042219e+06
1.988700e+01	1.044772e+06
1.993700e+01	1.042764e+06
1.998800e+01	1.046747e+06
2.003800e+01	1.043301e+06
2.008800e+01	1.050608e+06
2.013800e+01	1.048161e+06
2.018800e+01	1.047525e+06
2.023800e+01	1.031179e+06
2.028800e+01	1.033883e+06
2.033800e+01	1.035613e+06
2.038800e+01	1.038570e+06
2.043800e+01	1.033109e+06
2.048800e+01	1.041843e+06
2.053800e+01	1.034426e+06
2.058900e+01	1.041516e+06
2.063800e+01	1.040139e+06
2.068900e+01	1.041482e+06
2.073900e+01	1.044328e+06
2.078900e+01	1.037893e+06
2.083900e+01	1.043531e+06
2.088900e+01	1.040685e+06
2.093900e+01	1.041434e+06
2.099000e+01	1.043345e+06
2.104000e+01	1.037456e+06
2.108900e+01	1.041795e+06
2.114000e+01	1.043597e+06
2.119000e+01	1.044133e+06
2.124000e+01	1.035562e+06
2.129000e+01	1.030219e+06
2.134100e+01	1.037116e+06
2.139000e+01	1.030893e+06
2.144000e+01	1.037447e+06
2.149000e+01	1.041950e+06
2.154000e+01	1.037962e+06
2.159100e+01	1.038915e+06
2.164100e+01	1.033305e+06
2.169100e+01	1.040267e+06
2.174000e+01	1.039302e+06
2.179100e+01	1.044752e+06
2.184100e+01	1.040341e+06
2.189100e+01	1.040777e+06
2.194100e+01	1.041163e+06
2.199100e+01	1.041706e+06
2.204200e+01	1.041550e+06
2.209100e+01	1.042633e+06
2.214100e+01	1.037842e+06
2.219200e+01	1.038955e+06
2.224100e+01	1.026506e+06
2.229100e+01	1.028535e+06
2.234200e+01	1.033798e+06
2.239100e+01	1.035192e+06
2.244300e+01	1.036632e+06
2.249200e+01	1.032010e+06
2.254200e+01	1.035382e+06
2.259200e+01	1.032187e+06
2.264300e+01	1.037540e+06
2.269300e+01	1.040964e+06
2.274300e+01	1.035754e+06
2.279300e+01	1.038579e+06
2.284300e+01	1.037022e+06
2.289300e+01	1.038282e+06
2.294300e+01	1.045767e+06
2.299400e+01	1.037528e+06
2.304300e+01	1.041020e+06
2.309300e+01	1.038365e+06
2.314300e+01	1.039341e+06
2.319400e+01	1.043209e+06
2.324400e+01	1.027248e+06
2.329400e+01	1.029664e+06
2.334400e+01	1.023753e+06
2.339400e+01	1.025495e+06
2.344400e+01	1.032980e+06
2.349400e+01	1.035987e+06
2.354500e+01	1.034739e+06
2.359400e+01	1.034009e+06
2.364400e+01	1.028866e+06
2.369400e+01	1.036984e+06
2.374500e+01	1.034513e+06
2.379500e+01	1.039769e+06
2.384500e+01	1.043725e+06
2.389500e+01	1.038115e+06
2.394500e+01	1.036300e+06
2.399500e+01	1.035562e+06
2.404500e+01	1.040471e+06
2.409400e+01	1.038089e+06
2.414500e+01	1.041150e+06
2.419500e+01	1.034280e+06
2.424500e+01	1.023674e+06
2.429600e+01	1.030838e+06
2.434600e+01	1.031908e+06
2.439600e+01	1.034794e+06
2.444600e+01	1.031248e+06
2.449600e+01	1.029558e+06
2.454600e+01	1.029744e+06
2.459600e+01	1.028510e+06
2.464600e+01	1.036082e+06
2.469600e+01	1.039513e+06
2.474700e+01	1.035566e+06
2.479700e+01	1.037120e+06
2.484700e+01	1.033678e+06
2.489700e+01	1.041016e+06
2.494700e+01	1.038114e+06
2.499600e+01	1.038590e+06
2.504700e+01	1.035568e+06
2.509700e+01	1.038147e+06
2.514800e+01	1.036133e+06
2.519800e+01	1.032190e+06
2.524700e+01	1.026996e+06
2.529800e+01	1.028625e+06
2.534800e+01	1.027821e+06
2.539700e+01	1.031540e+06
2.544800e+01	1.026793e+06
2.549800e+01	1.034935e+06
2.554800e+01	1.035803e+06
2.559800e+01	1.029476e+06
2.564800e+01	1.033085e+06
2.569800e+01	1.029834e+06
2.574900e+01	1.031749e+06
2.579800e+01	1.035030e+06
2.584900e+01	1.034978e+06
2.589900e+01	1.036189e+06
2.594800e+01	1.035018e+06
2.599900e+01	1.033258e+06
2.604800e+01	1.036201e+06
2.609900e+01	1.039919e+06
2.614800e+01	1.041413e+06
2.619900e+01	1.032029e+06
2.624900e+01	1.022580e+06
2.629900e+01	1.023432e+06
2.634900e+01	1.027748e+06
2.640000e+01	1.029397e+06
2.645000e+01	1.028547e+06
2.650000e+01	1.028333e+06
2.655000e+01	1.029829e+06
2.660000e+01	1.034803e+06
2.665000e+01	1.032361e+06
2.670000e+01	1.037513e+06
2.675000e+01	1.032609e+06
2.680000e+01	1.033255e+06
2.685100e+01	1.032504e+06
2.690000e+01	1.033470e+06
2.695000e+01	1.034645e+06
2.700000e+01	1.035723e+06
2.705000e+01	1.031808e+06
2.710000e+01	1.035176e+06
2.715100e+01	1.030842e+06
2.720100e+01	1.039516e+06
2.725100e+01	1.023054e+06
2.730100e+01	1.027230e+06
2.735100e+01	1.024670e+06
2.740200e+01	1.022709e+06
2.745100e+01	1.030862e+06
2.750100e+01	1.025944e+06
2.755200e+01	1.030238e+06
2.760200e+01	1.029697e+06
2.765200e+01	1.026862e+06
2.770200e+01	1.028941e+06
2.775200e+01	1.032048e+06
2.780200e+01	1.030498e+06
2.785300e+01	1.037419e+06
2.790200e+01	1.030134e+06
2.795300e+01	1.037883e+06
2.800200e+01	1.031597e+06
2.805300e+01	1.032412e+06
2.810200e+01	1.033142e+06
2.815300e+01	1.031501e+06
2.820300e+01	1.029953e+06
2.825300e+01	1.020566e+06
2.847700e+01	1.022257e+06
2.853900e+01	1.028396e+06
2.854800e+01	1.027884e+06
2.855700e+01	1.029514e+06
2.860400e+01	1.028350e+06
2.865300e+01	1.030887e+06
2.870400e+01	1.032220e+06
2.875400e+01	1.028000e+06
2.880400e+01	1.029740e+06
2.885400e+01	1.027702e+06
2.890400e+01	1.035936e+06
2.895400e+01	1.031760e+06
2.900400e+01	1.033631e+06
2.905400e+01	1.030444e+06
2.910500e+01	1.033474e+06
2.915500e+01	1.035665e+06
2.920500e+01	1.032709e+06
2.925500e+01	1.021069e+06
2.930500e+01	1.024139e+06
2.935500e+01	1.021599e+06
2.940500e+01	1.024469e+06
2.945600e+01	1.026533e+06
2.950600e+01	1.027758e+06
2.955600e+01	1.033563e+06
2.960500e+01	1.027741e+06
2.965500e+01	1.027787e+06
2.970600e+01	1.028521e+06
2.975500e+01	1.033898e+06
2.980500e+01	1.030189e+06
2.985600e+01	1.032805e+06
2.990600e+01	1.027698e+06
2.995600e+01	1.030562e+06
3.000600e+01	1.032245e+06
3.005700e+01	1.029867e+06
3.010600e+01	1.036945e+06
3.015700e+01	1.033443e+06
3.020700e+01	1.029262e+06
3.025700e+01	1.016687e+06
3.030600e+01	1.023147e+06
3.035700e+01	1.029245e+06
3.040700e+01	1.028986e+06
3.045700e+01	1.024520e+06
3.050700e+01	1.026928e+06
3.055800e+01	1.019658e+06
3.060700e+01	1.031697e+06
3.065800e+01	1.024733e+06
3.070700e+01	1.029969e+06
3.075700e+01	1.032812e+06
3.080700e+01	1.024520e+06
3.085800e+01	1.029285e+06
3.090800e+01	1.028758e+06
3.095800e+01	1.038589e+06
3.100800e+01	1.035164e+06
3.105800e+01	1.028875e+06
3.110800e+01	1.024547e+06
3.115800e+01	1.030048e+06
3.120800e+01	1.030404e+06
3.125900e+01	1.028084e+06
3.130900e+01	1.018655e+06
3.135900e+01	1.025794e+06
3.142900e+01	1.019651e+06
3.145900e+01	1.028388e+06
3.150900e+01	1.026358e+06
3.155900e+01	1.027013e+06
3.160900e+01	1.031635e+06
3.165900e+01	1.026166e+06
3.170900e+01	1.026100e+06
3.176000e+01	1.029026e+06
3.180900e+01	1.027862e+06
3.185900e+01	1.034123e+06
3.190900e+01	1.030965e+06
3.196000e+01	1.030336e+06
3.201000e+01	1.033819e+06
3.206000e+01	1.026600e+06
3.211000e+01	1.034859e+06
3.216000e+01	1.030455e+06
3.221000e+01	1.029178e+06
3.226100e+01	1.016832e+06
3.232100e+01	1.021277e+06
3.236100e+01	1.025008e+06
3.241100e+01	1.028168e+06
3.246000e+01	1.025784e+06
3.251100e+01	1.026002e+06
3.256100e+01	1.024843e+06
3.261100e+01	1.028892e+06
3.266100e+01	1.029954e+06
3.271100e+01	1.032043e+06
3.276100e+01	1.030242e+06
3.281200e+01	1.027963e+06
3.286100e+01	1.029089e+06
3.291100e+01	1.027547e+06
3.296200e+01	1.028821e+06
3.301100e+01	1.030029e+06
3.306200e+01	1.033416e+06
3.311200e+01	1.028491e+06
3.316200e+01	1.035953e+06
3.321200e+01	1.024484e+06
3.326300e+01	1.024670e+06
3.331300e+01	1.027078e+06
3.336300e+01	1.027058e+06
3.341300e+01	1.025087e+06
3.346300e+01	1.021355e+06
3.351300e+01	1.029648e+06
3.356300e+01	1.028041e+06
3.361300e+01	1.029903e+06
3.366300e+01	1.028176e+06
3.371300e+01	1.028800e+06
3.376300e+01	1.031364e+06
3.381400e+01	1.033893e+06
3.386400e+01	1.030225e+06
3.391400e+01	1.035879e+06
3.396400e+01	1.029811e+06
3.401400e+01	1.029528e+06
3.406400e+01	1.032894e+06
3.411400e+01	1.029147e+06
3.416500e+01	1.028445e+06
3.421400e+01	1.026541e+06
3.426400e+01	1.019151e+06
3.431400e+01	1.027343e+06
3.436400e+01	1.027583e+06
3.441400e+01	1.023139e+06
3.450000e+01	1.039899e+06
3.451500e+01	1.029064e+06
3.456500e+01	1.035873e+06
3.461500e+01	1.027785e+06
3.466500e+01	1.030335e+06
3.471500e+01	1.028116e+06
3.476500e+01	1.029745e+06
3.481500e+01	1.028468e+06
3.486500e+01	1.028380e+06
3.491600e+01	1.034065e+06
3.496500e+01	1.037218e+06
3.501500e+01	1.030626e+06
3.506600e+01	1.033859e+06
3.511500e+01	1.029660e+06
3.516600e+01	1.035612e+06
3.521600e+01	1.030268e+06
3.526600e+01	1.020748e+06
3.531600e+01	1.025072e+06
3.536700e+01	1.020325e+06
3.541700e+01	1.026344e+06
3.546700e+01	1.024938e+06
3.551600e+01	1.031935e+06
3.556700e+01	1.030594e+06
3.561700e+01	1.033145e+06
3.566600e+01	1.028410e+06
3.571600e+01	1.031911e+06
3.576700e+01	1.032917e+06
3.581700e+01	1.033383e+06
3.586700e+01	1.031703e+06
3.591700e+01	1.029666e+06
3.596800e+01	1.034054e+06
3.601800e+01	1.031817e+06
3.606700e+01	1.033124e+06
3.611700e+01	1.034669e+06
3.616800e+01	1.034955e+06
3.621800e+01	1.028410e+06
3.626800e+01	1.024294e+06
3.631800e+01	1.024972e+06
3.636800e+01	1.034315e+06
3.642400e+01	1.029854e+06
3.646900e+01	1.030437e+06
3.651800e+01	1.024666e+06
3.656800e+01	1.028283e+06
3.661800e+01	1.031502e+06
3.666900e+01	1.029879e+06
3.671900e+01	1.034524e+06
3.676900e+01	1.034882e+06
3.681900e+01	1.030576e+06
3.686900e+01	1.032223e+06
3.691900e+01	1.031446e+06
3.696900e+01	1.036797e+06
3.701900e+01	1.034644e+06
3.706900e+01	1.033937e+06
3.711900e+01	1.028538e+06
3.717000e+01	1.031548e+06
3.722000e+01	1.032883e+06
3.727000e+01	1.025314e+06
3.732000e+01	1.030398e+06
3.737000e+01	1.024334e+06
3.742000e+01	1.038813e+06
3.747000e+01	1.032587e+06
3.752000e+01	1.029885e+06
3.757000e+01	1.038535e+06
3.777100e+01	1.029479e+06
3.777900e+01	1.031258e+06
3.782100e+01	1.036628e+06
3.788200e+01	1.036635e+06
3.792100e+01	1.031631e+06
3.797100e+01	1.036468e+06
3.802100e+01	1.032293e+06
3.807100e+01	1.036193e+06
3.812200e+01	1.036441e+06
3.817200e+01	1.040781e+06
3.822100e+01	1.027998e+06
3.827200e+01	1.024510e+06
3.832100e+01	1.025107e+06
3.837200e+01	1.031187e+06
3.842200e+01	1.031716e+06
3.847200e+01	1.030962e+06
3.852200e+01	1.032014e+06
3.857300e+01	1.030950e+06
3.862200e+01	1.031587e+06
3.867200e+01	1.032397e+06
3.872200e+01	1.040963e+06
3.877300e+01	1.034250e+06
3.882300e+01	1.033388e+06
3.887300e+01	1.028917e+06
3.892300e+01	1.035195e+06
3.899700e+01	1.038661e+06
3.902300e+01	1.038346e+06
3.907400e+01	1.032546e+06
3.912400e+01	1.040114e+06
3.917400e+01	1.042301e+06
3.922300e+01	1.026193e+06
3.927300e+01	1.028020e+06
3.932400e+01	1.027287e+06
3.937400e+01	1.032405e+06
3.942400e+01	1.031203e+06
3.947400e+01	1.029116e+06
3.952300e+01	1.031899e+06
3.957400e+01	1.037453e+06
3.962400e+01	1.033171e+06
3.967400e+01	1.034100e+06
3.972500e+01	1.035864e+06
3.977500e+01	1.040410e+06
3.982500e+01	1.035077e+06
3.987500e+01	1.036477e+06
3.992500e+01	1.033744e+06
3.997500e+01	1.040049e+06
4.002500e+01	1.035724e+06
4.007500e+01	1.029670e+06
4.012500e+01	1.039449e+06
4.017500e+01	1.041141e+06
4.022500e+01	1.027570e+06
4.027600e+01	1.026616e+06
4.032600e+01	1.027469e+06
4.037600e+01	1.035627e+06
4.042600e+01	1.035276e+06
4.047600e+01	1.030955e+06
4.052600e+01	1.035915e+06
4.057500e+01	1.030805e+06
4.062500e+01	1.039713e+06
4.067600e+01	1.034698e+06
4.072600e+01	1.037408e+06
4.077700e+01	1.037559e+06
4.082600e+01	1.036688e+06
4.087700e+01	1.038560e+06
4.092600e+01	1.037299e+06
4.097600e+01	1.043044e+06
4.102700e+01	1.045284e+06
4.107700e+01	1.033613e+06
4.112700e+01	1.039564e+06
4.117700e+01	1.039472e+06
4.122700e+01	1.031322e+06
4.127800e+01	1.035623e+06
4.132800e+01	1.022815e+06
4.137800e+01	1.033493e+06
4.142700e+01	1.025619e+06
4.147700e+01	1.036282e+06
4.152800e+01	1.034030e+06
4.157700e+01	1.040290e+06
4.162800e+01	1.033119e+06
4.167800e+01	1.035582e+06
4.172800e+01	1.037246e+06
4.177800e+01	1.038590e+06
4.182900e+01	1.039758e+06
4.187900e+01	1.037760e+06
4.192900e+01	1.032210e+06
4.197900e+01	1.039354e+06
4.202900e+01	1.039439e+06
4.207900e+01	1.041155e+06
4.212900e+01	1.041199e+06
4.217900e+01	1.039505e+06
4.222900e+01	1.034587e+06
4.228000e+01	1.028452e+06
4.233000e+01	1.037087e+06
4.237900e+01	1.036201e+06
4.242900e+01	1.038186e+06
4.248000e+01	1.032396e+06
4.252900e+01	1.031454e+06
4.257900e+01	1.034027e+06
4.263000e+01	1.035774e+06
4.268000e+01	1.037834e+06
4.272900e+01	1.042513e+06
4.278000e+01	1.037652e+06
4.283000e+01	1.039008e+06
4.288100e+01	1.036771e+06
4.293000e+01	1.043433e+06
4.298100e+01	1.046314e+06
4.303000e+01	1.040209e+06
4.308100e+01	1.040011e+06
4.313100e+01	1.034646e+06
4.318100e+01	1.037671e+06
4.323100e+01	1.032390e+06
4.328100e+01	1.032775e+06
4.333100e+01	1.037434e+06
4.338100e+01	1.033256e+06
4.343100e+01	1.030832e+06
4.348200e+01	1.038738e+06
4.353200e+01	1.040603e+06
4.358200e+01	1.045502e+06
4.363200e+01	1.039591e+06
4.368200e+01	1.033171e+06
4.373200e+01	1.034226e+06
4.378200e+01	1.040257e+06
4.383200e+01	1.043173e+06
4.388300e+01	1.040743e+06
4.393300e+01	1.042035e+06
4.398300e+01	1.040117e+06
4.403300e+01	1.041682e+06
4.408300e+01	1.041138e+06
4.413300e+01	1.047695e+06
4.418200e+01	1.041947e+06
4.423300e+01	1.033429e+06
4.428300e+01	1.028506e+06
4.433300e+01	1.036022e+06
4.438400e+01	1.033878e+06
4.443400e+01	1.038969e+06
4.448300e+01	1.035653e+06
4.453400e+01	1.036117e+06
4.458400e+01	1.039518e+06
4.463400e+01	1.037798e+06
4.468400e+01	1.041962e+06
4.473400e+01	1.042810e+06
4.478400e+01	1.044982e+06
4.483400e+01	1.035088e+06
4.488400e+01	1.036925e+06
4.493400e+01	1.040631e+06
4.498400e+01	1.046984e+06
4.503400e+01	1.042820e+06
4.508400e+01	1.039260e+06
4.513400e+01	1.037363e+06
4.518500e+01	1.042713e+06
4.523500e+01	1.032738e+06
4.528500e+01	1.036131e+06
4.533500e+01	1.036119e+06
4.538500e+01	1.035645e+06
4.543500e+01	1.039525e+06
4.548600e+01	1.035459e+06
4.553600e+01	1.035342e+06
4.558600e+01	1.043563e+06
4.563500e+01	1.040084e+06
4.568600e+01	1.035612e+06
4.573600e+01	1.038684e+06
4.578600e+01	1.040558e+06
4.583600e+01	1.045252e+06
4.588600e+01	1.042222e+06
4.593600e+01	1.042734e+06
4.598600e+01	1.041021e+06
4.603700e+01	1.042418e+06
4.608700e+01	1.041414e+06
4.613700e+01	1.037863e+06
4.618700e+01	1.043057e+06
4.623700e+01	1.031308e+06
4.628600e+01	1.028875e+06
4.633700e+01	1.034722e+06
4.638700e+01	1.039089e+06
4.643700e+01	1.040003e+06
4.648700e+01	1.037904e+06
4.653700e+01	1.032400e+06
4.658800e+01	1.039739e+06
4.663700e+01	1.038806e+06
4.668700e+01	1.040450e+06
4.673700e+01	1.042222e+06
4.678800e+01	1.040662e+06
4.683800e+01	1.040601e+06
4.688800e+01	1.042597e+06
4.693800e+01	1.044537e+06
4.698800e+01	1.045817e+06
4.703800e+01	1.042596e+06
4.708800e+01	1.040947e+06
4.713800e+01	1.044358e+06
4.718900e+01	1.042144e+06
4.723800e+01	1.039003e+06
4.728800e+01	1.031003e+06
4.733900e+01	1.032853e+06
4.738900e+01	1.035537e+06
4.743900e+01	1.036096e+06
4.748900e+01	1.036370e+06
4.753900e+01	1.043499e+06
4.759000e+01	1.040119e+06
4.763900e+01	1.041342e+06
4.768900e+01	1.035684e+06
4.773900e+01	1.041723e+06
4.779000e+01	1.041991e+06
4.783900e+01	1.044702e+06
4.789000e+01	1.043226e+06
4.794000e+01	1.039096e+06
4.799000e+01	1.042214e+06
4.804000e+01	1.040783e+06
4.809100e+01	1.043738e+06
4.814000e+01	1.045792e+06
4.819100e+01	1.044884e+06
4.824000e+01	1.024884e+06
4.829100e+01	1.032317e+06
4.834100e+01	1.037318e+06
4.839100e+01	1.036704e+06
4.844000e+01	1.036711e+06
4.849000e+01	1.031609e+06
4.854100e+01	1.033980e+06
4.859100e+01	1.037410e+06
4.864100e+01	1.036939e+06
4.869100e+01	1.038832e+06
4.874100e+01	1.043145e+06
4.879200e+01	1.039132e+06
4.884100e+01	1.039331e+06
4.889200e+01	1.036888e+06
4.894200e+01	1.047038e+06
4.899200e+01	1.044157e+06
4.904200e+01	1.040992e+06
4.909200e+01	1.037106e+06
4.914200e+01	1.042624e+06
4.919200e+01	1.042666e+06
4.924200e+01	1.027822e+06
4.929200e+01	1.030913e+06
4.934200e+01	1.038105e+06
4.939300e+01	1.039057e+06
4.944300e+01	1.034670e+06
4.949300e+01	1.039579e+06
4.954300e+01	1.038883e+06
4.959300e+01	1.044123e+06
4.964300e+01	1.037605e+06
4.969300e+01	1.030275e+06
4.974300e+01	1.036714e+06
4.979300e+01	1.045505e+06
4.984400e+01	1.041110e+06
4.989400e+01	1.044946e+06
4.994400e+01	1.038236e+06
4.999400e+01	1.044020e+06
5.004300e+01	1.038551e+06
5.009400e+01	1.043281e+06
5.014300e+01	1.043851e+06
5.019400e+01	1.040934e+06
5.024400e+01	1.027045e+06
5.029400e+01	1.024709e+06
5.034400e+01	1.031521e+06
5.039400e+01	1.036537e+06
5.044500e+01	1.036796e+06
5.049500e+01	1.033948e+06
5.054400e+01	1.035596e+06
5.059500e+01	1.036723e+06
5.064400e+01	1.038400e+06
5.069600e+01	1.038857e+06
5.074500e+01	1.040336e+06
5.079600e+01	1.043772e+06
5.084500e+01	1.038553e+06
5.089600e+01	1.034448e+06
5.094500e+01	1.036992e+06
5.099500e+01	1.041767e+06
5.104500e+01	1.046609e+06
5.109500e+01	1.038834e+06
5.114500e+01	1.041892e+06
5.119600e+01	1.032031e+06
5.124600e+01	1.029376e+06
5.129600e+01	1.035652e+06
5.134600e+01	1.031674e+06
5.139600e+01	1.036070e+06
5.144600e+01	1.031551e+06
5.149600e+01	1.033090e+06
5.154600e+01	1.037762e+06
5.159700e+01	1.038633e+06
5.164700e+01	1.035430e+06
5.169700e+01	1.037499e+06
5.174700e+01	1.035354e+06
5.179700e+01	1.044251e+06
5.184700e+01	1.036295e+06
5.189800e+01	1.045361e+06
5.194700e+01	1.036248e+06
5.199800e+01	1.041164e+06
5.204800e+01	1.039186e+06
5.209800e+01	1.038455e+06
5.214700e+01	1.040214e+06
5.219800e+01	1.030246e+06
5.224800e+01	1.031385e+06
5.229700e+01	1.030490e+06
5.234800e+01	1.029322e+06
5.239800e+01	1.035491e+06
5.244900e+01	1.034399e+06
5.249900e+01	1.033994e+06
5.254800e+01	1.040554e+06
5.259900e+01	1.032331e+06
5.264900e+01	1.040904e+06
5.269900e+01	1.032239e+06
5.274900e+01	1.042850e+06
5.279900e+01	1.037449e+06
5.284900e+01	1.038032e+06
5.289900e+01	1.039402e+06
5.295000e+01	1.038049e+06
5.300000e+01	1.041304e+06
5.305000e+01	1.040021e+06
5.309900e+01	1.041106e+06
5.314900e+01	1.039346e+06
5.319900e+01	1.030043e+06
5.324900e+01	1.024653e+06
5.330000e+01	1.027065e+06
5.335000e+01	1.029761e+06
5.340000e+01	1.032689e+06
5.345000e+01	1.028220e+06
5.350000e+01	1.030537e+06
5.355000e+01	1.036680e+06
5.360100e+01	1.037693e+06
5.365000e+01	1.036441e+06
5.370000e+01	1.033356e+06
5.375100e+01	1.036446e+06
5.380100e+01	1.039920e+06
5.385000e+01	1.039032e+06
5.390100e+01	1.036120e+06
5.395100e+01	1.041021e+06
5.400100e+01	1.040768e+06
5.405100e+01	1.037636e+06
5.410100e+01	1.039175e+06
5.415100e+01	1.040931e+06
5.420100e+01	1.026538e+06
5.425100e+01	1.026150e+06
5.430100e+01	1.026602e+06
5.435100e+01	1.030237e+06
5.440200e+01	1.035260e+06
5.445100e+01	1.040862e+06
5.450200e+01	1.030310e+06
5.455200e+01	1.034361e+06
5.460200e+01	1.035964e+06
5.465200e+01	1.037288e+06
5.470200e+01	1.033846e+06
5.475200e+01	1.037436e+06
5.480300e+01	1.038731e+06
5.485200e+01	1.035707e+06
5.490300e+01	1.034233e+06
5.495300e+01	1.038374e+06
5.500300e+01	1.044297e+06
5.505200e+01	1.039372e+06
5.510300e+01	1.032856e+06
5.515400e+01	1.035774e+06
5.520400e+01	1.025159e+06
5.525400e+01	1.029164e+06
5.530400e+01	1.030960e+06
5.535300e+01	1.032152e+06
5.540400e+01	1.033561e+06
5.545400e+01	1.028897e+06
5.550400e+01	1.032466e+06
5.555400e+01	1.035772e+06
5.560400e+01	1.037877e+06
5.565500e+01	1.030559e+06
5.570500e+01	1.026067e+06
5.575500e+01	1.033381e+06
5.580500e+01	1.033623e+06
5.585500e+01	1.040137e+06
5.590500e+01	1.038724e+06
5.595500e+01	1.036783e+06
5.600500e+01	1.036528e+06
5.605500e+01	1.037173e+06
5.610500e+01	1.036841e+06
5.615500e+01	1.039771e+06
5.620500e+01	1.030425e+06
5.625500e+01	1.031812e+06
5.630500e+01	1.023966e+06
5.635500e+01	1.028247e+06
5.640600e+01	1.030763e+06
5.645600e+01	1.030936e+06
5.650600e+01	1.033020e+06
5.655600e+01	1.031748e+06
5.660600e+01	1.033840e+06
5.665600e+01	1.030383e+06
5.670600e+01	1.036648e+06
5.675600e+01	1.032911e+06
5.680600e+01	1.037797e+06
5.685700e+01	1.031006e+06
5.690700e+01	1.030065e+06
5.695700e+01	1.034549e+06
5.700700e+01	1.034158e+06
5.705600e+01	1.036567e+06
5.710700e+01	1.034745e+06
5.715700e+01	1.035627e+06
5.720700e+01	1.022368e+06
5.725800e+01	1.022289e+06
5.730800e+01	1.031501e+06
5.735800e+01	1.027293e+06
5.740800e+01	1.027329e+06
5.745800e+01	1.026431e+06
5.750800e+01	1.025023e+06
5.755800e+01	1.031048e+06
5.760800e+01	1.028928e+06
5.765800e+01	1.032081e+06
5.770700e+01	1.029772e+06
5.775800e+01	1.034501e+06
5.780800e+01	1.029741e+06
5.785900e+01	1.035296e+06
5.790900e+01	1.038921e+06
5.795800e+01	1.034238e+06
5.800800e+01	1.034706e+06
5.805900e+01	1.026475e+06
5.810900e+01	1.030178e+06
5.815900e+01	1.034337e+06
5.820900e+01	1.022729e+06
5.825900e+01	1.020232e+06
5.830900e+01	1.022156e+06
5.835900e+01	1.025471e+06
5.840900e+01	1.028430e+06
5.846000e+01	1.040908e+06
5.850900e+01	1.029528e+06
5.856000e+01	1.032874e+06
5.861000e+01	1.030427e+06
5.866000e+01	1.028750e+06
5.871000e+01	1.027167e+06
5.876000e+01	1.033669e+06
5.881000e+01	1.028831e+06
5.886000e+01	1.031119e+06
5.891100e+01	1.026151e+06
5.896000e+01	1.036417e+06
5.901100e+01	1.031743e+06
5.906100e+01	1.036591e+06
5.911100e+01	1.030478e+06
5.916100e+01	1.036353e+06
5.921100e+01	1.020029e+06
5.926100e+01	1.014543e+06
5.931200e+01	1.017678e+06
5.936100e+01	1.026031e+06
5.941200e+01	1.024348e+06
5.946100e+01	1.025918e+06
5.951100e+01	1.020158e+06
5.956200e+01	1.028727e+06
5.961200e+01	1.031859e+06
5.966200e+01	1.026881e+06
5.971200e+01	1.030813e+06
5.976200e+01	1.024370e+06
5.981200e+01	1.035173e+06
5.986200e+01	1.026210e+06
5.991300e+01	1.029611e+06
5.996200e+01	1.030258e+06
6.001300e+01	1.031221e+06
6.006300e+01	1.029894e+06
6.011300e+01	1.030779e+06
6.016300e+01	1.031154e+06
6.021300e+01	1.024642e+06
6.026300e+01	1.012203e+06
6.031300e+01	1.022635e+06
6.036300e+01	1.021015e+06
6.041400e+01	1.027598e+06
6.046300e+01	1.024704e+06
6.051300e+01	1.019033e+06
6.056400e+01	1.024490e+06
6.061300e+01	1.024318e+06
6.066300e+01	1.027378e+06
6.071400e+01	1.027689e+06
6.076300e+01	1.030152e+06
6.081400e+01	1.028100e+06
6.086400e+01	1.027902e+06
6.091400e+01	1.024929e+06
6.096300e+01	1.033133e+06
6.101400e+01	1.030117e+06
6.106400e+01	1.033798e+06
6.111500e+01	1.022512e+06
6.116400e+01	1.029602e+06
6.121500e+01	1.014464e+06
6.126500e+01	1.018725e+06
6.131500e+01	1.024403e+06
6.136500e+01	1.023160e+06
6.141500e+01	1.022134e+06
6.146600e+01	1.019036e+06
6.151600e+01	1.020980e+06
6.156500e+01	1.023787e+06
6.161600e+01	1.025371e+06
6.166600e+01	1.021496e+06
6.171600e+01	1.019553e+06
6.176500e+01	1.020160e+06
6.181600e+01	1.031782e+06
6.186600e+01	1.024566e+06
6.191600e+01	1.031231e+06
6.196600e+01	1.025151e+06
6.201700e+01	1.024961e+06
6.206600e+01	1.025786e+06
6.211700e+01	1.026311e+06
6.216600e+01	1.030449e+06
6.221700e+01	1.010561e+06
6.226600e+01	1.011744e+06
6.231700e+01	1.013989e+06
6.236700e+01	1.018770e+06
6.241700e+01	1.018349e+06
6.246700e+01	1.024886e+06
6.251700e+01	1.020988e+06
6.256700e+01	1.025990e+06
6.261800e+01	1.018373e+06
6.266800e+01	1.024110e+06
6.271700e+01	1.022646e+06
6.276800e+01	1.028474e+06
6.281800e+01	1.025226e+06
6.286800e+01	1.018267e+06
6.291800e+01	1.017788e+06
6.296800e+01	1.023025e+06
6.301800e+01	1.028636e+06
6.306800e+01	1.026733e+06
6.311800e+01	1.027014e+06
6.316800e+01	1.024976e+06
6.321800e+01	1.014158e+06
6.326800e+01	1.010620e+06
6.331800e+01	1.017257e+06
6.336900e+01	1.016849e+06
6.341800e+01	1.018536e+06
6.346900e+01	1.012889e+06
6.352000e+01	1.014741e+06
6.356900e+01	1.020392e+06
6.361900e+01	1.021278e+06
6.366900e+01	1.020914e+06
6.372000e+01	1.021446e+06
6.376900e+01	1.019244e+06
6.382000e+01	1.027638e+06
6.387000e+01	1.018992e+06
6.391900e+01	1.026188e+06
6.397000e+01	1.026682e+06
6.402100e+01	1.020223e+06
6.407000e+01	1.019987e+06
6.412100e+01	1.017067e+06
6.417000e+01	1.028761e+06
6.422000e+01	1.007880e+06
6.427000e+01	1.010870e+06
6.432000e+01	1.009659e+06
6.437000e+01	1.012238e+06
6.442000e+01	1.018583e+06
6.447000e+01	1.016728e+06
6.452100e+01	1.013617e+06
6.457100e+01	1.020804e+06
6.462100e+01	1.013429e+06
6.467200e+01	1.017188e+06
6.472100e+01	1.012353e+06
6.477100e+01	1.020631e+06
6.482100e+01	1.021971e+06
6.487200e+01	1.016790e+06
6.492200e+01	1.018085e+06
6.497200e+01	1.015686e+06
6.502200e+01	1.023290e+06
6.507200e+01	1.021838e+06
6.512200e+01	1.020877e+06
6.517200e+01	1.019179e+06
6.522200e+01	1.001184e+06
6.527200e+01	1.001841e+06
6.532300e+01	1.008316e+06
6.537200e+01	1.010507e+06
6.542200e+01	1.013380e+06
6.547300e+01	1.009328e+06
6.552300e+01	1.011270e+06
6.557200e+01	1.014844e+06
6.562300e+01	1.014717e+06
6.567300e+01	1.015366e+06
6.572300e+01	1.015622e+06
6.577300e+01	1.017769e+06
6.582300e+01	1.018836e+06
6.587400e+01	1.018935e+06
6.592300e+01	1.018996e+06
6.597400e+01	1.017696e+06
6.602400e+01	1.019158e+06
6.607400e+01	1.015024e+06
6.612400e+01	1.019543e+06
6.617400e+01	1.022780e+06
6.622400e+01	1.000810e+06
6.627400e+01	1.006766e+06
6.632400e+01	1.006580e+06
6.637400e+01	1.009859e+06
6.642400e+01	1.013927e+06
6.647400e+01	1.009459e+06
6.652400e+01	1.010388e+06
6.657400e+01	1.009136e+06
6.662500e+01	1.015371e+06
6.667500e+01	1.012489e+06
6.672500e+01	1.016647e+06
6.677500e+01	1.014732e+06
6.682500e+01	1.012996e+06
6.687500e+01	1.015560e+06
6.692500e+01	1.013275e+06
6.697600e+01	1.019401e+06
6.702500e+01	1.019115e+06
6.707600e+01	1.012262e+06
6.712600e+01	1.014726e+06
6.717600e+01	1.018206e+06
6.722600e+01	9.955990e+05
6.727600e+01	1.009802e+06
6.732600e+01	1.008085e+06
6.737600e+01	1.010454e+06
6.742600e+01	1.006604e+06
6.747600e+01	1.022277e+06
6.752600e+01	1.010019e+06
6.757600e+01	1.015079e+06
6.762600e+01	1.007529e+06
6.767700e+01	1.009049e+06
6.772700e+01	1.007292e+06
6.777700e+01	1.015074e+06
6.782700e+01	1.008988e+06
6.787700e+01	1.016102e+06
6.792700e+01	1.014106e+06
6.797700e+01	1.012527e+06
6.802800e+01	1.016339e+06
6.807700e+01	1.009684e+06
6.812800e+01	1.016009e+06
6.817800e+01	1.014665e+06
6.822700e+01	9.958930e+05
6.827800e+01	9.975650e+05
6.832800e+01	1.001005e+06
6.837800e+01	1.006700e+06
6.842800e+01	1.007810e+06
6.847800e+01	1.005997e+06
6.852800e+01	1.009113e+06
6.857800e+01	1.006972e+06
6.862800e+01	1.010905e+06
6.867800e+01	1.004916e+06
6.872800e+01	1.010075e+06
6.877900e+01	1.013878e+06
6.882900e+01	1.009989e+06
6.887900e+01	1.005415e+06
6.892900e+01	1.003045e+06
6.897900e+01	1.010838e+06
6.902900e+01	1.012572e+06
6.907900e+01	1.013044e+06
6.912900e+01	1.008225e+06
6.917900e+01	1.014349e+06
6.923000e+01	9.918080e+05
6.928000e+01	1.001771e+06
6.933000e+01	1.005003e+06
6.938000e+01	1.003387e+06
6.942900e+01	1.003963e+06
6.948000e+01	9.997480e+05
6.953000e+01	9.995930e+05
6.958000e+01	1.009151e+06
6.963100e+01	1.009528e+06
6.968000e+01	1.005812e+06
6.973100e+01	1.004818e+06
6.978100e+01	1.007940e+06
6.983100e+01	1.012648e+06
6.988100e+01	1.008996e+06
6.993000e+01	1.012508e+06
6.998100e+01	1.008638e+06
7.003100e+01	1.006575e+06
7.008200e+01	1.004352e+06
7.013200e+01	1.004326e+06
7.018100e+01	1.015577e+06
7.023200e+01	9.920510e+05
7.028200e+01	9.987600e+05
7.033100e+01	1.001823e+06
7.038100e+01	1.000003e+06
7.043200e+01	1.004285e+06
7.048200e+01	1.006773e+06
7.053200e+01	1.003772e+06
7.058200e+01	1.005597e+06
7.063300e+01	9.991710e+05
7.068300e+01	1.001217e+06
7.073300e+01	1.004030e+06
7.078200e+01	1.004308e+06
7.083200e+01	1.004886e+06
7.088200e+01	1.005577e+06
7.093300e+01	1.004460e+06
7.098300e+01	1.004470e+06
7.103400e+01	1.010785e+06
7.108300e+01	1.010243e+06
7.113300e+01	1.006559e+06
7.118400e+01	1.012519e+06
7.123300e+01	9.846970e+05
7.128400e+01	9.945710e+05
7.133400e+01	9.981440e+05
7.138400e+01	9.981950e+05
7.143400e+01	9.998700e+05
7.148300e+01	1.000567e+06
7.153400e+01	1.000292e+06
7.158400e+01	1.004675e+06
7.163500e+01	1.006401e+06
7.168400e+01	1.005430e+06
7.173400e+01	1.002140e+06
7.178400e+01	1.005294e+06
7.183400e+01	1.000598e+06
7.188500e+01	1.001058e+06
7.193500e+01	1.007950e+06
7.198500e+01	1.001681e+06
7.203500e+01	1.007575e+06
7.208500e+01	1.000030e+06
7.213500e+01	1.007494e+06
7.218500e+01	1.009433e+06
7.223500e+01	9.904470e+05
7.228500e+01	9.964090e+05
7.233500e+01	9.978820e+05
7.238500e+01	1.002158e+06
7.243600e+01	9.921060e+05
7.248600e+01	9.983110e+05
7.253600e+01	9.976450e+05
7.258600e+01	1.002742e+06
7.263500e+01	9.971340e+05
7.268600e+01	1.001154e+06
7.273600e+01	1.001043e+06
7.278600e+01	1.005932e+06
7.283600e+01	1.004827e+06
7.288600e+01	1.004053e+06
7.293600e+01	1.001071e+06
7.298700e+01	1.004413e+06
7.303700e+01	1.004436e+06
7.308700e+01	1.004117e+06
7.313700e+01	1.004740e+06
7.318700e+01	1.007959e+06
7.323700e+01	9.890280e+05
7.328700e+01	9.924690e+05
7.333700e+01	9.955270e+05
7.338800e+01	1.001581e+06
7.343700e+01	9.946510e+05
7.348700e+01	9.977160e+05
7.353700e+01	9.984680e+05
7.358800e+01	1.001622e+06
7.363800e+01	9.981150e+05
7.368800e+01	9.939880e+05
7.373800e+01	1.001855e+06
7.378900e+01	1.001733e+06
7.383800e+01	1.004127e+06
7.388900e+01	1.000152e+06
7.393900e+01	1.001308e+06
7.398800e+01	1.003743e+06
7.403800e+01	9.993120e+05
7.408900e+01	1.003335e+06
7.413900e+01	9.989670e+05
7.418900e+01	1.007708e+06
7.423800e+01	9.934700e+05
7.428900e+01	9.887060e+05
7.433900e+01	9.961940e+05
7.438900e+01	9.950740e+05
7.443900e+01	1.001027e+06
7.448900e+01	9.997880e+05
7.454000e+01	9.956270e+05
7.459000e+01	1.000046e+06
7.464000e+01	9.990600e+05
7.468900e+01	1.001039e+06
7.474000e+01	9.963560e+05
7.479000e+01	1.002513e+06
7.484100e+01	9.993180e+05
7.489100e+01	1.000322e+06
7.494100e+01	9.957450e+05
7.499000e+01	1.010122e+06
7.504100e+01	1.008572e+06
7.509000e+01	1.006272e+06
7.514100e+01	1.003623e+06
7.519000e+01	1.001084e+06
7.524100e+01	9.893000e+05
7.529000e+01	9.906530e+05
7.534100e+01	9.915390e+05
7.539100e+01	9.971770e+05
7.544100e+01	9.957610e+05
7.549200e+01	9.897550e+05
7.554200e+01	9.966610e+05
7.559200e+01	9.949100e+05
7.564200e+01	1.000364e+06
7.569100e+01	9.994660e+05
7.574200e+01	9.993040e+05
7.579200e+01	9.981310e+05
7.584200e+01	9.994180e+05
7.589200e+01	1.004546e+06
7.594200e+01	9.990280e+05
7.599200e+01	1.001613e+06
7.604200e+01	9.990870e+05
7.609200e+01	9.966320e+05
7.614200e+01	9.993640e+05
7.619200e+01	1.001754e+06
7.624300e+01	9.927960e+05
7.629300e+01	9.949550e+05
7.634300e+01	9.911670e+05
7.639300e+01	9.948300e+05
7.644300e+01	9.932160e+05
7.649300e+01	9.986240e+05
7.654300e+01	9.960610e+05
7.659300e+01	9.954890e+05
7.664400e+01	9.974700e+05
7.669300e+01	9.897670e+05
7.674400e+01	9.991100e+05
7.679300e+01	9.975460e+05
7.684400e+01	1.014283e+06
7.689400e+01	1.000778e+06
7.694400e+01	9.999150e+05
7.699400e+01	9.984420e+05
7.704400e+01	1.000404e+06
7.709400e+01	1.003246e+06
7.714500e+01	1.002658e+06
7.719500e+01	9.981670e+05
7.724500e+01	9.879030e+05
7.729500e+01	9.877560e+05
7.734500e+01	9.925130e+05
7.739500e+01	9.963870e+05
7.744500e+01	9.966200e+05
7.749500e+01	9.975690e+05
7.754500e+01	9.929470e+05
7.759500e+01	1.000368e+06
7.764600e+01	9.980230e+05
7.769600e+01	1.001770e+06
7.774600e+01	9.991350e+05
7.779500e+01	9.964430e+05
7.784600e+01	9.965600e+05
7.789600e+01	9.979480e+05
7.794600e+01	1.000318e+06
7.799600e+01	1.003322e+06
7.804700e+01	9.988300e+05
7.809700e+01	9.997500e+05
7.814600e+01	9.983520e+05
7.819600e+01	1.003327e+06
7.824600e+01	9.930590e+05
7.829600e+01	9.928940e+05
7.834700e+01	9.930020e+05
7.839700e+01	9.923220e+05
7.844700e+01	9.939320e+05
7.849600e+01	9.919560e+05
7.854800e+01	9.965820e+05
7.859700e+01	9.963360e+05
7.864700e+01	1.000196e+06
7.869700e+01	9.932360e+05
7.874800e+01	1.000639e+06
7.879800e+01	9.971130e+05
7.884700e+01	1.004958e+06
7.889800e+01	9.983240e+05
7.894800e+01	1.000812e+06
7.899800e+01	1.003554e+06
7.904800e+01	1.001081e+06
7.909800e+01	9.956910e+05
7.914800e+01	1.001293e+06
7.919900e+01	9.986800e+05
7.924900e+01	9.920800e+05
7.929800e+01	9.916090e+05
7.934900e+01	9.951150e+05
7.939900e+01	9.997680e+05
7.944800e+01	9.960030e+05
7.949800e+01	9.964920e+05
7.954900e+01	9.929730e+05
7.959900e+01	1.005071e+06
7.965000e+01	9.947760e+05
7.969900e+01	9.965330e+05
7.974900e+01	9.949090e+05
7.979900e+01	9.980910e+05
7.985000e+01	1.002473e+06
7.989900e+01	9.997560e+05
7.995000e+01	9.974060e+05
8.000000e+01	1.001275e+06
8.005000e+01	1.001890e+06
8.010000e+01	1.002629e+06
8.015100e+01	1.001949e+06
8.020100e+01	1.002255e+06
8.025100e+01	9.952030e+05
8.030100e+01	9.878870e+05
8.035100e+01	9.965920e+05
8.040100e+01	9.919860e+05
8.045100e+01	1.002682e+06
8.050100e+01	9.985170e+05
8.055100e+01	9.967490e+05
8.060100e+01	9.973160e+05
8.065100e+01	9.970260e+05
8.070100e+01	1.000877e+06
8.075100e+01	1.001686e+06
8.080200e+01	9.987310e+05
8.085200e+01	1.000490e+06
8.090200e+01	9.990700e+05
8.095200e+01	9.979790e+05
8.100100e+01	1.002564e+06
8.105200e+01	1.000652e+06
8.110200e+01	1.002670e+06
8.115100e+01	9.987380e+05
8.120100e+01	1.002962e+06
8.125200e+01	9.896410e+05
8.130200e+01	9.976650e+05
8.135300e+01	9.938910e+05
8.140200e+01	9.996830e+05
8.145200e+01	9.982990e+05
8.150200e+01	9.971810e+05
8.155300e+01	9.938010e+05
8.160300e+01	9.988150e+05
8.165300e+01	1.003799e+06
8.170300e+01	1.001072e+06
8.175300e+01	1.003682e+06
8.180300e+01	9.977160e+05
8.185300e+01	1.003998e+06
8.190300e+01	1.003477e+06
8.195400e+01	1.003847e+06
8.200400e+01	1.003685e+06
8.205300e+01	1.000621e+06
8.210400e+01	9.952060e+05
8.215400e+01	1.004787e+06
8.220400e+01	1.000322e+06
8.225400e+01	9.940520e+05
8.230500e+01	1.001374e+06
8.235400e+01	9.947790e+05
8.240400e+01	9.959490e+05
8.245500e+01	9.946670e+05
8.250400e+01	1.000738e+06
8.255400e+01	9.980800e+05
8.260500e+01	9.972280e+05
8.265500e+01	9.982690e+05
8.270500e+01	9.938990e+05
8.275500e+01	9.999700e+05
8.280500e+01	1.001579e+06
8.285500e+01	1.003022e+06
8.290500e+01	1.003161e+06
8.295500e+01	9.983030e+05
8.300500e+01	1.002268e+06
8.305600e+01	1.004176e+06
8.310600e+01	1.006913e+06
8.315500e+01	1.004350e+06
8.320600e+01	1.000601e+06
8.325600e+01	9.847660e+05
8.330600e+01	9.897860e+05
8.335600e+01	9.969740e+05
8.340600e+01	1.000655e+06
8.345600e+01	9.984400e+05
8.350600e+01	9.980100e+05
8.355600e+01	9.972870e+05
8.360700e+01	1.000897e+06
8.365700e+01	1.005041e+06
8.370700e+01	9.986300e+05
8.375700e+01	1.005329e+06
8.380700e+01	1.000265e+06
8.385700e+01	9.951670e+05
8.390700e+01	9.990650e+05
8.395700e+01	1.005899e+06
8.400700e+01	1.003867e+06
8.405800e+01	1.004075e+06
8.410700e+01	1.002474e+06
8.415700e+01	1.002575e+06
8.420800e+01	1.001300e+06
8.425800e+01	9.935620e+05
8.430700e+01	9.983740e+05
8.435800e+01	9.973440e+05
8.440800e+01	9.958200e+05
8.445800e+01	9.927110e+05
8.450900e+01	9.945830e+05
8.455900e+01	1.000670e+06
8.460800e+01	1.003354e+06
8.465900e+01	1.000776e+06
8.470900e+01	1.003115e+06
8.475900e+01	9.956620e+05
8.480900e+01	1.006791e+06
8.485900e+01	1.006858e+06
8.490900e+01	1.005177e+06
8.495900e+01	1.001931e+06
8.501000e+01	9.982330e+05
8.506000e+01	1.004240e+06
8.510900e+01	1.000869e+06
8.516000e+01	1.003144e+06
8.520900e+01	9.973920e+05
8.526000e+01	9.908230e+05
8.531000e+01	9.969260e+05
8.536000e+01	9.982400e+05
8.541000e+01	9.988140e+05
8.546000e+01	1.005071e+06
8.551000e+01	9.915400e+05
8.556000e+01	1.002596e+06
8.561000e+01	9.952520e+05
8.566100e+01	9.984170e+05
8.571100e+01	9.999170e+05
8.576100e+01	9.989170e+05
8.581100e+01	1.002883e+06
8.586100e+01	9.990910e+05
8.591100e+01	1.004929e+06
8.596100e+01	1.001869e+06
8.601100e+01	1.005224e+06
8.606100e+01	1.005807e+06
8.611100e+01	1.002115e+06
8.616200e+01	9.991790e+05
8.621100e+01	1.001054e+06
8.626100e+01	9.933890e+05
8.631200e+01	1.001560e+06
8.636200e+01	9.922160e+05
8.641200e+01	1.000236e+06
8.646200e+01	9.969000e+05
8.651200e+01	1.006469e+06
8.656200e+01	9.985980e+05
8.661200e+01	1.002105e+06
8.666200e+01	1.001752e+06
8.671300e+01	9.979370e+05
8.676300e+01	1.005632e+06
8.681300e+01	1.001301e+06
8.686300e+01	1.001750e+06
8.691300e+01	1.001757e+06
8.696300e+01	1.001746e+06
8.701300e+01	1.001854e+06
8.706300e+01	1.003743e+06
8.711300e+01	1.003448e+06
8.716300e+01	1.004553e+06
8.721300e+01	9.959440e+05
8.726300e+01	9.982430e+05
8.731300e+01	9.951190e+05
8.736400e+01	1.001252e+06
8.741400e+01	9.984750e+05
8.746400e+01	1.000706e+06
8.751400e+01	1.000979e+06
8.756400e+01	9.997880e+05
8.761400e+01	1.000533e+06
8.766400e+01	1.004916e+06
8.771400e+01	1.005636e+06
8.776400e+01	1.003578e+06
8.781400e+01	1.005911e+06
8.786500e+01	1.001406e+06
8.791500e+01	1.004651e+06
8.796500e+01	1.007091e+06
8.801500e+01	1.000163e+06
8.806500e+01	1.001312e+06
8.811500e+01	1.003396e+06
8.816500e+01	1.003717e+06
8.821500e+01	9.949860e+05
8.826500e+01	9.960790e+05
8.831600e+01	1.002699e+06
8.836500e+01	9.969620e+05
8.841600e+01	9.963690e+05
8.846600e+01	9.994360e+05
8.851600e+01	9.965710e+05
8.856600e+01	1.007471e+06
8.861600e+01	1.002328e+06
8.866600e+01	1.002454e+06
8.871600e+01	1.000265e+06
8.876700e+01	1.004074e+06
8.881600e+01	1.007891e+06
8.886700e+01	1.006926e+06
8.891600e+01	1.003722e+06
8.896700e+01	1.007390e+06
8.901700e+01	1.004034e+06
8.906700e+01	1.007061e+06
8.911700e+01	1.004282e+06
8.916600e+01	1.013276e+06
8.921700e+01	9.972020e+05
8.926700e+01	9.954880e+05
8.931700e+01	9.985950e+05
8.936700e+01	9.971080e+05
8.941700e+01	1.005205e+06
8.946700e+01	1.000176e+06
8.951700e+01	1.005616e+06
8.956800e+01	1.001893e+06
8.961700e+01	1.003399e+06
8.966800e+01	1.006349e+06
8.971700e+01	1.004305e+06
8.976800e+01	1.004263e+06
8.981800e+01	1.006521e+06
8.986800e+01	1.000673e+06
8.991900e+01	1.006948e+06
8.996900e+01	1.003651e+06
9.001900e+01	1.008462e+06
9.006900e+01	1.010719e+06
9.011900e+01	1.004523e+06
9.017000e+01	1.004206e+06
9.021900e+01	9.929930e+05
9.026900e+01	1.002913e+06
9.031900e+01	1.003523e+06
9.037000e+01	1.001838e+06
9.041900e+01	9.924760e+05
9.046900e+01	1.001768e+06
9.052000e+01	9.988610e+05
9.056900e+01	1.007004e+06
9.062000e+01	1.005035e+06
9.067000e+01	1.003948e+06
9.072000e+01	1.006479e+06
9.077100e+01	1.002158e+06
9.082000e+01	1.008173e+06
9.087000e+01	1.008414e+06
9.092000e+01	1.008051e+06
9.097100e+01	1.002816e+06
9.102000e+01	1.005904e+06
9.107100e+01	1.004466e+06
9.112000e+01	1.008657e+06
9.117000e+01	1.006947e+06
9.122100e+01	9.924700e+05
9.127000e+01	9.969440e+05
9.132000e+01	1.002317e+06
9.137200e+01	9.997590e+05
9.142100e+01	1.006080e+06
9.147100e+01	1.006414e+06
9.152200e+01	1.003228e+06
9.157200e+01	1.004311e+06
9.162100e+01	9.972270e+05
9.167200e+01	1.002013e+06
9.172200e+01	1.005565e+06
9.177100e+01	1.005825e+06
9.182200e+01	1.005451e+06
9.187200e+01	1.003156e+06
9.192200e+01	1.007979e+06
9.197200e+01	1.005506e+06
9.202200e+01	1.011083e+06
9.207300e+01	1.008344e+06
9.212300e+01	1.008865e+06
9.217300e+01	1.006376e+06
9.222200e+01	9.896890e+05
9.227300e+01	1.001799e+06
9.232200e+01	1.002300e+06
9.237300e+01	1.002351e+06
9.242300e+01	9.998680e+05
9.247300e+01	1.002458e+06
9.252300e+01	1.006128e+06
9.257300e+01	1.003717e+06
9.262300e+01	1.007576e+06
9.267300e+01	1.006311e+06
9.272400e+01	1.007841e+06
9.277400e+01	1.004707e+06
9.282300e+01	1.002154e+06
9.287400e+01	1.004831e+06
9.292400e+01	1.009901e+06
9.297400e+01	1.004688e+06
9.302300e+01	1.007136e+06
9.307400e+01	1.005288e+06
9.312400e+01	1.010942e+06
9.317400e+01	1.016316e+06
9.322400e+01	9.917820e+05
9.327500e+01	9.998270e+05
9.332500e+01	1.002518e+06
9.337500e+01	1.004244e+06
9.342500e+01	1.003411e+06
9.347500e+01	1.005520e+06
9.352500e+01	1.003190e+06
9.357500e+01	1.004817e+06
9.362500e+01	1.003689e+06
9.367500e+01	1.007837e+06
9.372500e+01	1.004644e+06
9.377600e+01	1.010226e+06
9.382600e+01	1.002068e+06
9.387600e+01	1.013350e+06
9.392600e+01	1.008144e+06
9.397600e+01	1.013456e+06
9.402600e+01	1.008708e+06
9.407600e+01	1.004346e+06
9.412600e+01	1.008154e+06
9.417600e+01	1.007022e+06
9.422600e+01	9.920810e+05
9.427700e+01	1.000826e+06
9.432600e+01	1.003555e+06
9.437700e+01	1.003652e+06
9.442700e+01	1.002742e+06
9.447600e+01	1.007942e+06
9.452600e+01	1.008488e+06
9.457700e+01	1.011988e+06
9.462700e+01	1.011446e+06
9.467700e+01	1.002547e+06
9.472800e+01	1.011551e+06
9.477700e+01	1.002123e+06
9.482700e+01	1.012665e+06
9.487700e+01	1.007240e+06
9.492800e+01	1.010128e+06
9.497800e+01	1.008261e+06
9.502800e+01	1.008032e+06
9.507800e+01	1.011335e+06
9.512800e+01	1.012076e+06
9.517800e+01	1.008411e+06
9.522900e+01	9.898580e+05
9.527900e+01	9.969780e+05
9.532900e+01	9.995700e+05
9.537900e+01	1.003328e+06
9.542900e+01	1.001536e+06
9.547900e+01	1.007707e+06
9.552800e+01	1.004035e+06
9.557900e+01	1.003550e+06
9.562900e+01	1.004065e+06
9.567900e+01	1.006137e+06
9.572900e+01	1.009067e+06
9.578000e+01	1.006918e+06
9.583000e+01	1.006496e+06
9.588000e+01	1.004141e+06
9.593000e+01	1.006763e+06
9.598000e+01	1.007008e+06
9.602900e+01	1.008586e+06
9.608000e+01	1.013943e+06
9.613000e+01	1.008126e+06
9.618000e+01	1.006942e+06
9.623000e+01	9.903460e+05
9.628000e+01	9.997820e+05
9.633100e+01	1.009098e+06
9.638100e+01	1.001181e+06
9.643000e+01	1.000198e+06
9.648100e+01	1.000209e+06
9.653100e+01	1.003307e+06
9.658100e+01	1.008059e+06
9.663100e+01	1.010007e+06
9.668100e+01	1.009894e+06
9.673100e+01	1.005849e+06
9.678100e+01	1.007807e+06
9.683100e+01	1.009011e+06
9.688100e+01	1.012751e+06
9.693100e+01	1.011064e+06
9.698100e+01	1.007474e+06
9.703200e+01	1.002915e+06
9.708200e+01	1.009264e+06
9.713200e+01	1.010460e+06
9.718200e+01	1.013100e+06
9.723200e+01	9.882960e+05
9.728200e+01	9.994910e+05
9.733200e+01	1.001420e+06
9.738300e+01	1.004941e+06
9.743300e+01	1.003873e+06
9.748200e+01	1.010686e+06
9.753300e+01	1.017471e+06
9.758300e+01	1.005831e+06
9.763300e+01	1.000457e+06
9.768300e+01	1.003928e+06
9.773300e+01	1.011462e+06
9.778300e+01	1.007467e+06
9.783300e+01	1.011887e+06
9.788300e+01	1.003168e+06
9.793300e+01	1.011473e+06
9.798400e+01	1.007197e+06
9.803300e+01	1.012356e+06
9.808400e+01	1.013294e+06
9.813300e+01	1.010570e+06
9.818400e+01	1.011382e+06
9.823400e+01	9.885840e+05
9.828400e+01	1.000697e+06
9.833400e+01	1.004465e+06
9.838400e+01	1.005542e+06
9.843400e+01	1.005091e+06
9.848400e+01	1.003354e+06
9.853400e+01	1.009574e+06
9.858400e+01	1.002623e+06
9.863400e+01	1.009790e+06
9.868500e+01	1.011811e+06
9.873400e+01	1.006376e+06
9.878500e+01	1.004563e+06
9.883500e+01	1.006837e+06
9.888600e+01	1.009276e+06
9.893500e+01	1.012172e+06
9.898500e+01	1.010247e+06
9.903500e+01	1.006059e+06
9.908500e+01	1.009398e+06
9.913600e+01	1.012789e+06
9.918600e+01	1.008366e+06
9.923600e+01	9.998150e+05
9.928600e+01	9.954790e+05
9.933600e+01	1.002492e+06
9.938600e+01	1.001247e+06
9.943600e+01	1.005163e+06
9.948600e+01	1.005531e+06
9.953600e+01	1.005134e+06
9.958700e+01	1.002905e+06
9.963700e+01	1.004525e+06
9.968700e+01	1.008395e+06
9.973600e+01	1.010888e+06
9.978600e+01	1.005831e+06
9.983600e+01	1.011076e+06
9.988700e+01	1.005275e+06
9.993700e+01	1.004675e+06
9.998700e+01	1.009435e+06
1.000370e+02	1.005666e+06
1.000870e+02	1.010500e+06
1.001380e+02	1.007104e+06
1.001870e+02	9.992620e+05
1.002370e+02	9.965100e+05
1.002880e+02	1.004089e+06
1.003380e+02	1.004824e+06
1.003880e+02	1.001545e+06
1.004380e+02	1.003443e+06
1.004880e+02	1.007490e+06
1.005380e+02	1.003704e+06
1.005880e+02	1.010198e+06
1.006390e+02	9.997640e+05
1.006890e+02	1.010867e+06
1.007390e+02	1.003972e+06
1.007890e+02	1.004947e+06
1.008390e+02	1.008332e+06
1.008890e+02	1.007803e+06
1.009390e+02	1.009127e+06
1.009890e+02	1.006771e+06
1.010390e+02	1.005860e+06
1.010900e+02	1.011210e+06
1.011390e+02	1.009018e+06
1.011890e+02	1.001637e+06
1.012400e+02	9.957330e+05
1.012900e+02	9.997320e+05
1.013390e+02	1.004963e+06
1.013890e+02	9.957480e+05
1.014400e+02	1.005972e+06
1.014900e+02	1.005568e+06
1.015400e+02	1.005901e+06
1.015910e+02	1.003960e+06
1.016400e+02	9.998600e+05
1.016910e+02	1.011184e+06
1.017400e+02	1.006823e+06
1.017900e+02	1.008670e+06
1.018400e+02	1.004264e+06
1.018910e+02	1.016617e+06
1.019410e+02	1.013587e+06
1.019910e+02	1.007666e+06
1.020410e+02	1.011583e+06
1.020910e+02	1.011421e+06
1.021410e+02	1.009823e+06
1.021910e+02	1.000849e+06
1.022410e+02	9.941390e+05
1.022920e+02	1.002559e+06
1.023420e+02	1.002574e+06
1.023910e+02	9.988380e+05
1.024420e+02	9.958780e+05
1.024920e+02	9.970640e+05
1.025420e+02	1.004235e+06
1.025920e+02	1.005091e+06
1.026420e+02	1.005468e+06
1.026920e+02	1.005646e+06
1.027430e+02	1.005576e+06
1.027930e+02	1.002969e+06
1.028430e+02	1.007303e+06
1.028930e+02	1.007480e+06
1.029420e+02	1.011147e+06
1.029930e+02	1.008234e+06
1.030430e+02	1.003725e+06
1.030930e+02	1.003037e+06
1.031430e+02	1.008311e+06
1.031940e+02	9.988270e+05
1.032440e+02	1.000899e+06
1.032930e+02	9.988900e+05
1.033430e+02	9.980150e+05
1.033930e+02	9.998370e+05
1.034440e+02	1.002527e+06
1.034930e+02	1.010216e+06
1.035440e+02	1.001730e+06
1.035940e+02	1.002395e+06
1.036440e+02	9.979680e+05
1.036940e+02	1.002893e+06
1.037440e+02	1.006189e+06
1.037950e+02	1.004723e+06
1.038450e+02	1.005292e+06
1.038950e+02	1.003663e+06
1.039450e+02	1.004378e+06
1.039950e+02	1.005813e+06
1.040450e+02	1.008137e+06
1.040950e+02	1.010824e+06
1.041460e+02	1.003543e+06
1.041960e+02	1.004979e+06
1.042450e+02	9.901530e+05
1.042950e+02	9.998430e+05
1.043450e+02	1.003642e+06
1.043950e+02	9.972610e+05
1.044450e+02	1.000803e+06
1.044960e+02	9.997480e+05
1.045460e+02	1.000051e+06
1.045960e+02	1.003093e+06
1.046450e+02	1.001772e+06
1.046950e+02	1.007598e+06
1.047460e+02	1.002391e+06
1.047970e+02	9.985810e+05
1.048460e+02	1.000806e+06
1.048960e+02	1.000709e+06
1.049470e+02	1.008483e+06
1.049960e+02	1.003773e+06
1.050460e+02	1.005253e+06
1.050970e+02	1.006909e+06
1.051470e+02	1.003507e+06
1.051970e+02	1.003534e+06
1.052470e+02	9.924510e+05
1.052970e+02	1.000028e+06
1.053470e+02	9.955700e+05
1.053970e+02	9.920490e+05
1.054470e+02	9.975580e+05
1.054980e+02	1.002356e+06
1.055470e+02	1.001125e+06
1.055970e+02	9.990430e+05
1.056480e+02	9.970800e+05
1.056980e+02	1.005840e+06
1.057480e+02	1.001875e+06
1.057980e+02	1.005867e+06
1.058480e+02	1.000204e+06
1.058990e+02	1.004484e+06
1.059480e+02	1.004449e+06
1.059980e+02	9.972970e+05
1.060480e+02	1.003417e+06
1.060980e+02	9.985100e+05
1.061490e+02	1.004481e+06
1.061990e+02	9.968890e+05
1.062480e+02	9.847340e+05
1.062980e+02	9.952990e+05
1.063490e+02	9.950370e+05
1.064000e+02	9.942950e+05
1.064490e+02	9.963060e+05
1.065000e+02	9.942890e+05
1.065490e+02	1.000094e+06
1.066000e+02	9.912370e+05
1.066500e+02	9.999050e+05
1.067000e+02	9.982550e+05
1.067500e+02	9.982830e+05
1.068000e+02	9.948150e+05
1.068500e+02	9.972520e+05
1.069010e+02	1.002836e+06
1.069500e+02	1.002960e+06
1.070000e+02	9.994530e+05
1.070510e+02	9.978870e+05
1.071010e+02	1.002744e+06
1.071510e+02	1.001113e+06
1.072000e+02	9.978930e+05
1.072500e+02	9.811140e+05
1.073010e+02	9.898040e+05
1.073510e+02	9.916570e+05
1.074010e+02	9.934900e+05
1.074510e+02	9.928670e+05
1.075020e+02	9.977500e+05
1.075510e+02	9.959860e+05
1.076020e+02	9.932350e+05
1.076510e+02	9.949240e+05
1.077010e+02	9.957720e+05
1.077520e+02	9.997920e+05
1.078020e+02	9.967050e+05
1.078520e+02	9.962610e+05
1.079020e+02	9.966160e+05
1.079520e+02	9.996760e+05
1.080020e+02	9.975890e+05
1.080520e+02	9.973710e+05
1.081030e+02	1.003834e+06
1.081530e+02	9.999500e+05
1.082020e+02	9.965420e+05
1.082520e+02	9.862470e+05
1.083030e+02	9.861800e+05
1.083530e+02	9.941040e+05
1.084030e+02	9.865550e+05
1.084530e+02	9.881310e+05
1.085040e+02	9.910160e+05
1.085530e+02	9.884350e+05
1.086030e+02	9.948600e+05
1.086530e+02	9.945170e+05
1.087040e+02	9.986550e+05
1.087530e+02	9.920220e+05
1.088040e+02	9.965090e+05
1.088540e+02	9.974820e+05
1.089040e+02	9.961270e+05
1.089540e+02	9.972670e+05
1.090050e+02	9.946370e+05
1.090540e+02	9.911210e+05
1.091050e+02	9.983500e+05
1.091540e+02	9.919520e+05
1.092040e+02	9.966170e+05
1.092540e+02	9.842600e+05
1.093040e+02	9.865260e+05
1.093550e+02	9.881100e+05
1.094050e+02	9.857950e+05
1.094550e+02	1.003163e+06
1.095050e+02	9.943090e+05
1.095550e+02	9.945810e+05
1.096050e+02	9.861390e+05
1.096550e+02	9.886790e+05
1.097050e+02	9.917270e+05
1.097550e+02	9.940840e+05
1.098050e+02	9.901580e+05
1.098550e+02	9.979510e+05
1.099060e+02	9.874860e+05
1.099560e+02	9.983020e+05
1.100060e+02	9.914540e+05
1.100560e+02	9.989360e+05
1.101060e+02	9.975710e+05
1.101560e+02	9.918280e+05
1.102060e+02	9.931030e+05
1.102560e+02	9.764080e+05
1.103060e+02	9.933010e+05
1.103560e+02	9.870840e+05
1.104070e+02	9.881500e+05
1.104570e+02	9.866790e+05
1.105060e+02	9.874550e+05
1.105570e+02	9.887690e+05
1.106060e+02	9.871550e+05
1.106570e+02	9.894100e+05
1.107070e+02	9.964550e+05
1.107570e+02	9.864380e+05
1.108070e+02	9.863110e+05
1.108580e+02	9.840630e+05
1.109070e+02	9.933310e+05
1.109570e+02	9.947840e+05
1.110080e+02	9.897390e+05
1.110580e+02	9.963450e+05
1.111080e+02	9.921600e+05
1.111580e+02	9.963020e+05
1.112090e+02	9.865700e+05
1.112590e+02	9.830030e+05
1.113090e+02	9.820230e+05
1.113590e+02	9.849610e+05
1.114090e+02	9.796090e+05
1.114590e+02	9.856790e+05
1.115090e+02	9.861380e+05
1.115590e+02	9.907940e+05
1.116090e+02	9.847600e+05
1.116590e+02	9.887390e+05
1.117090e+02	9.899460e+05
1.117590e+02	9.918610e+05
1.118090e+02	9.880220e+05
1.118590e+02	9.942470e+05
1.119100e+02	9.896610e+05
1.119600e+02	9.877730e+05
1.120100e+02	9.868860e+05
1.120590e+02	9.818840e+05
1.121100e+02	9.963420e+05
1.121600e+02	9.892590e+05
1.122100e+02	9.854050e+05
1.122600e+02	9.773510e+05
1.123100e+02	9.832580e+05
1.123600e+02	9.853220e+05
1.124110e+02	9.847450e+05
1.124610e+02	9.879520e+05
1.125110e+02	9.855280e+05
1.125610e+02	9.804040e+05
1.126110e+02	9.839490e+05
1.126610e+02	9.817470e+05
1.127100e+02	9.908280e+05
1.127610e+02	9.854710e+05
1.128120e+02	9.858130e+05
1.128610e+02	9.884420e+05
1.129110e+02	9.857000e+05
1.129620e+02	9.899870e+05
1.130120e+02	9.910410e+05
1.130620e+02	9.899340e+05
1.131110e+02	9.896360e+05
1.131620e+02	9.868610e+05
1.132120e+02	9.816750e+05
1.132620e+02	9.745170e+05
1.133120e+02	9.809170e+05
1.133620e+02	9.834720e+05
1.134120e+02	9.797110e+05
1.134630e+02	9.827740e+05
1.135130e+02	9.806790e+05
1.135620e+02	9.845220e+05
1.136130e+02	9.862750e+05
1.136630e+02	9.833260e+05
1.137130e+02	9.861840e+05
1.137630e+02	9.836480e+05
1.138130e+02	9.854280e+05
1.138630e+02	9.878490e+05
1.139130e+02	9.876370e+05
1.139630e+02	9.868870e+05
1.140130e+02	9.870110e+05
1.140630e+02	9.901730e+05
1.141130e+02	9.905850e+05
1.141640e+02	9.887620e+05
1.142140e+02	9.781950e+05
1.142630e+02	9.742970e+05
1.143140e+02	9.817380e+05
1.143640e+02	9.791730e+05
1.144140e+02	9.765030e+05
1.144640e+02	9.778400e+05
1.145150e+02	9.768690e+05
1.145640e+02	9.823970e+05
1.146140e+02	9.808890e+05
1.146640e+02	9.874100e+05
1.147140e+02	9.847080e+05
1.147650e+02	9.851220e+05
1.148150e+02	9.810040e+05
1.148650e+02	9.855580e+05
1.149150e+02	9.871530e+05
1.149650e+02	9.864160e+05
1.150160e+02	9.803940e+05
1.150660e+02	9.870610e+05
1.151150e+02	9.836290e+05
1.151650e+02	9.885830e+05
1.152160e+02	9.780180e+05
1.152650e+02	9.774000e+05
1.153160e+02	9.808930e+05
1.153660e+02	9.762600e+05
1.154160e+02	9.787870e+05
1.154660e+02	9.797380e+05
1.155160e+02	9.845770e+05
1.155660e+02	9.787450e+05
1.156160e+02	9.769760e+05
1.156670e+02	9.762080e+05
1.157170e+02	9.852540e+05
1.157660e+02	9.829190e+05
1.158170e+02	9.827280e+05
1.158670e+02	9.835090e+05
1.159170e+02	9.884970e+05
1.159670e+02	9.806780e+05
1.160170e+02	9.837440e+05
1.160670e+02	9.892780e+05
1.161180e+02	9.888380e+05
1.161670e+02	9.882930e+05
1.162170e+02	9.696150e+05
1.162680e+02	9.736440e+05
1.163170e+02	9.765790e+05
1.163680e+02	9.790230e+05
1.164180e+02	9.789440e+05
1.164680e+02	9.797710e+05
1.165180e+02	9.784700e+05
1.165680e+02	9.771020e+05
1.166180e+02	9.791250e+05
1.166690e+02	9.853750e+05
1.167190e+02	9.840520e+05
1.167690e+02	9.827960e+05
1.168190e+02	9.753500e+05
1.168690e+02	9.812270e+05
1.169190e+02	9.860090e+05
1.169690e+02	9.870960e+05
1.170190e+02	9.813350e+05
1.170690e+02	9.834540e+05
1.171190e+02	9.810700e+05
1.171690e+02	9.873690e+05
1.172200e+02	9.776740e+05
1.172700e+02	9.757760e+05
1.173200e+02	9.789510e+05
1.173700e+02	9.752660e+05
1.174190e+02	9.742550e+05
1.174700e+02	9.780360e+05
1.175200e+02	9.829010e+05
1.175700e+02	9.825910e+05
1.176200e+02	9.813290e+05
1.176700e+02	9.813520e+05
1.177200e+02	9.777940e+05
1.177700e+02	9.854380e+05
1.178210e+02	9.839670e+05
1.178710e+02	9.810400e+05
1.179200e+02	9.873520e+05
1.179700e+02	9.759980e+05
1.180210e+02	9.766340e+05
1.180710e+02	9.823680e+05
1.181210e+02	9.843080e+05
1.181710e+02	9.886890e+05
1.182210e+02	9.719510e+05
1.182710e+02	9.747490e+05
1.183220e+02	9.717820e+05
1.183720e+02	9.780040e+05
1.184210e+02	9.802300e+05
1.184720e+02	9.790090e+05
1.185220e+02	9.783920e+05
1.185720e+02	9.748830e+05
1.186220e+02	9.771460e+05
1.186720e+02	9.806450e+05
1.187220e+02	9.823360e+05
1.187720e+02	9.797210e+05
1.188220e+02	9.810750e+05
1.188730e+02	9.811440e+05
1.189230e+02	9.848280e+05
1.189730e+02	9.842540e+05
1.190230e+02	9.872940e+05
1.190730e+02	9.816880e+05
1.191230e+02	9.864750e+05
1.191730e+02	9.781030e+05
1.192230e+02	9.762690e+05
1.192730e+02	9.727260e+05
1.193240e+02	9.762510e+05
1.193730e+02	9.762660e+05
1.194230e+02	9.716970e+05
1.194740e+02	9.793000e+05
1.195240e+02	9.770390e+05
1.195740e+02	9.775050e+05
1.196240e+02	9.782440e+05
1.196740e+02	9.805150e+05
1.197240e+02	9.780200e+05
1.197750e+02	9.794260e+05
1.198240e+02	9.793710e+05
1.198740e+02	9.858380e+05
1.199240e+02	9.824450e+05
1.199740e+02	9.825500e+05
1.200250e+02	9.792650e+05
1.200750e+02	9.833730e+05
1.201250e+02	9.849480e+05
1.201750e+02	9.862800e+05
1.202260e+02	9.701690e+05
1.202750e+02	9.741500e+05
1.203250e+02	9.759050e+05
1.203750e+02	9.735500e+05
1.204250e+02	9.737550e+05
1.204760e+02	9.787700e+05
1.205260e+02	9.800350e+05
1.205760e+02	9.744830e+05
1.206260e+02	9.781410e+05
1.206750e+02	9.763020e+05
1.207260e+02	9.837280e+05
1.207760e+02	9.794170e+05
1.208260e+02	9.816980e+05
1.208760e+02	9.789170e+05
1.209260e+02	9.806080e+05
1.209770e+02	9.794750e+05
1.210260e+02	9.796810e+05
1.210760e+02	9.798150e+05
1.211260e+02	9.823980e+05
1.211770e+02	9.842600e+05
1.212270e+02	9.680480e+05
1.212770e+02	9.704750e+05
1.213280e+02	9.775980e+05
1.213770e+02	9.814590e+05
1.214270e+02	9.774070e+05
1.214770e+02	9.747590e+05
1.215270e+02	9.782040e+05
1.215780e+02	9.746320e+05
1.216270e+02	9.690250e+05
1.216780e+02	9.772760e+05
1.217280e+02	9.725220e+05
1.217780e+02	9.828790e+05
1.218280e+02	9.791230e+05
1.218780e+02	9.806160e+05
1.219280e+02	9.808850e+05
1.219780e+02	9.797460e+05
1.220280e+02	9.776160e+05
1.220790e+02	9.800600e+05
1.221290e+02	9.820570e+05
1.221780e+02	9.850490e+05
1.222290e+02	9.605420e+05
1.222790e+02	9.683390e+05
1.223290e+02	9.718240e+05
1.223790e+02	9.729510e+05
1.224300e+02	9.755960e+05
1.224800e+02	9.734760e+05
1.225300e+02	9.764980e+05
1.225800e+02	9.764900e+05
1.226300e+02	9.784500e+05
1.226800e+02	9.779610e+05
1.227290e+02	9.777480e+05
1.227790e+02	9.756230e+05
1.228300e+02	9.704990e+05
1.228800e+02	9.714520e+05
1.229300e+02	9.776830e+05
1.229800e+02	9.804090e+05
1.230310e+02	9.775680e+05
1.230800e+02	9.769980e+05
1.231310e+02	9.784170e+05
1.231810e+02	9.811550e+05
1.232310e+02	9.706720e+05
1.232800e+02	9.725050e+05
1.233310e+02	9.700630e+05
1.233810e+02	9.691260e+05
1.234310e+02	9.665250e+05
1.234810e+02	9.733610e+05
1.235310e+02	9.747290e+05
1.235810e+02	9.752380e+05
1.236310e+02	9.739230e+05
1.236810e+02	9.715910e+05
1.237320e+02	9.751060e+05
1.237810e+02	9.746520e+05
1.238320e+02	9.793040e+05
1.238810e+02	9.767710e+05
1.239310e+02	9.777550e+05
1.239820e+02	9.719110e+05
1.240330e+02	9.725560e+05
1.240820e+02	9.767570e+05
1.241320e+02	9.810080e+05
1.241830e+02	9.733150e+05
1.242320e+02	9.724700e+05
1.242830e+02	9.670110e+05
1.243330e+02	9.734100e+05
1.243820e+02	9.710860e+05
1.244330e+02	9.750130e+05
1.244840e+02	9.758770e+05
1.245330e+02	9.720050e+05
1.245830e+02	9.742330e+05
1.246330e+02	9.717980e+05
1.246830e+02	9.794220e+05
1.247340e+02	9.773430e+05
1.247830e+02	9.756640e+05
1.248340e+02	9.763850e+05
1.248830e+02	9.787650e+05
1.249330e+02	9.731810e+05
1.249830e+02	9.816990e+05
1.250340e+02	9.756160e+05
1.250840e+02	9.794110e+05
1.251340e+02	9.753170e+05
1.251840e+02	9.669860e+05
1.252350e+02	9.625770e+05
1.252850e+02	9.713350e+05
1.253350e+02	9.736220e+05
1.253850e+02	9.714110e+05
1.254340e+02	9.672690e+05
1.254850e+02	9.716880e+05
1.255350e+02	9.743420e+05
1.255850e+02	9.758620e+05
1.256350e+02	9.741430e+05
1.256850e+02	9.707020e+05
1.257360e+02	9.785090e+05
1.257850e+02	9.689710e+05
1.258360e+02	9.761880e+05
1.258860e+02	9.723230e+05
1.259360e+02	9.775790e+05
1.259860e+02	9.754040e+05
1.260360e+02	9.741960e+05
1.260860e+02	9.785850e+05
1.261360e+02	9.782820e+05
1.261860e+02	9.770010e+05
1.262360e+02	9.672870e+05
1.262860e+02	9.686730e+05
1.263360e+02	9.733080e+05
1.263870e+02	9.646720e+05
1.264370e+02	9.685290e+05
1.264870e+02	9.711970e+05
1.265370e+02	9.723770e+05
1.265870e+02	9.710170e+05
1.266370e+02	9.708100e+05
1.266870e+02	9.758450e+05
1.267380e+02	9.763520e+05
1.267870e+02	9.773370e+05
1.268370e+02	9.712940e+05
1.268880e+02	9.772850e+05
1.269380e+02	9.768200e+05
1.269880e+02	9.791730e+05
1.270380e+02	9.729160e+05
1.270880e+02	9.738200e+05
1.271380e+02	9.749970e+05
1.271880e+02	9.744990e+05
1.272380e+02	9.668920e+05
1.272880e+02	9.705700e+05
1.273380e+02	9.695810e+05
1.273880e+02	9.709320e+05
1.274380e+02	9.701070e+05
1.274890e+02	9.733190e+05
1.275390e+02	9.744180e+05
1.275880e+02	9.847640e+05
1.276390e+02	9.708380e+05
1.276880e+02	9.713990e+05
1.277390e+02	9.764590e+05
1.277890e+02	9.741390e+05
1.278390e+02	9.746910e+05
1.278900e+02	9.760390e+05
1.279390e+02	9.732010e+05
1.279890e+02	9.757050e+05
1.280390e+02	9.768650e+05
1.280900e+02	9.759660e+05
1.281400e+02	9.790820e+05
1.281900e+02	9.729500e+05
1.282410e+02	9.615300e+05
1.282910e+02	9.679950e+05
1.283400e+02	9.699770e+05
1.283900e+02	9.725470e+05
1.284400e+02	9.720700e+05
1.284900e+02	9.742730e+05
1.285410e+02	9.713170e+05
1.285910e+02	9.703360e+05
1.286410e+02	9.731640e+05
1.286900e+02	9.750470e+05
1.287410e+02	9.739340e+05
1.287910e+02	9.721980e+05
1.288410e+02	9.674630e+05
1.288910e+02	9.759160e+05
1.289420e+02	9.749130e+05
1.289910e+02	9.757770e+05
1.290410e+02	9.777160e+05
1.290910e+02	9.734290e+05
1.291410e+02	9.745040e+05
1.291910e+02	9.704190e+05
1.292420e+02	9.630430e+05
1.292920e+02	9.683170e+05
1.293420e+02	9.666830e+05
1.293920e+02	9.628000e+05
1.294420e+02	9.668290e+05
1.294920e+02	9.700920e+05
1.295420e+02	9.715630e+05
1.295920e+02	9.710500e+05
1.296430e+02	9.719340e+05
1.296930e+02	9.679710e+05
1.297430e+02	9.718750e+05
1.297930e+02	9.731310e+05
1.298430e+02	9.714090e+05
1.298930e+02	9.751640e+05
1.299430e+02	9.678680e+05
1.299940e+02	9.694450e+05
1.300440e+02	9.632130e+05
1.300940e+02	9.741360e+05
1.301440e+02	9.751010e+05
1.301940e+02	9.711290e+05
1.302430e+02	9.571810e+05
1.302940e+02	9.603050e+05
1.303440e+02	9.690410e+05
1.303940e+02	9.681470e+05
1.304440e+02	9.683140e+05
1.304940e+02	9.653940e+05
1.305450e+02	9.668920e+05
1.305940e+02	9.664250e+05
1.306450e+02	9.674130e+05
1.306950e+02	9.712890e+05
1.307450e+02	9.700870e+05
1.307950e+02	9.665840e+05
1.308450e+02	9.670260e+05
1.308950e+02	9.674830e+05
1.309450e+02	9.740470e+05
1.309950e+02	9.715050e+05
1.310450e+02	9.720770e+05
1.310950e+02	9.704470e+05
1.311460e+02	9.686860e+05
1.311960e+02	9.667570e+05
1.312460e+02	9.542760e+05
1.312960e+02	9.653480e+05
1.313460e+02	9.681570e+05
1.313960e+02	9.663280e+05
1.314460e+02	9.649500e+05
1.314960e+02	9.662690e+05
1.315460e+02	9.689510e+05
1.315960e+02	9.750480e+05
1.316470e+02	9.660450e+05
1.316960e+02	9.729790e+05
1.317460e+02	9.704550e+05
1.317970e+02	9.683130e+05
1.318470e+02	9.723200e+05
1.318970e+02	9.706160e+05
1.319470e+02	9.763630e+05
1.319970e+02	9.717550e+05
1.320470e+02	9.719450e+05
1.320970e+02	9.695920e+05
1.321470e+02	9.813220e+05
1.321970e+02	9.760540e+05
1.322470e+02	9.598820e+05
1.322980e+02	9.651990e+05
1.323480e+02	9.646290e+05
1.323980e+02	9.650040e+05
1.324470e+02	9.673820e+05
1.324980e+02	9.665690e+05
1.325490e+02	9.702240e+05
1.325980e+02	9.657240e+05
1.326490e+02	9.793960e+05
1.326980e+02	9.728050e+05
1.327480e+02	9.753590e+05
1.327990e+02	9.718260e+05
1.328490e+02	9.700730e+05
1.328990e+02	9.711910e+05
1.329490e+02	9.743540e+05
1.329990e+02	9.703200e+05
1.330490e+02	9.765240e+05
1.330990e+02	9.708100e+05
1.331490e+02	9.728730e+05
1.331990e+02	9.701440e+05
1.332490e+02	9.642620e+05
1.332990e+02	9.701320e+05
1.333500e+02	9.688520e+05
1.334000e+02	9.710020e+05
1.334500e+02	9.633570e+05
1.335000e+02	9.709730e+05
1.335500e+02	9.685510e+05
1.336000e+02	9.657180e+05
1.336500e+02	9.688690e+05
1.337000e+02	9.710630e+05
1.337500e+02	9.703160e+05
1.338000e+02	9.733700e+05
1.338510e+02	9.738460e+05
1.339010e+02	9.753040e+05
1.339510e+02	9.715970e+05
1.340000e+02	9.769990e+05
1.340510e+02	9.711870e+05
1.341010e+02	9.771720e+05
1.341510e+02	9.742020e+05
1.342010e+02	9.640740e+05
1.342510e+02	9.641390e+05
1.343010e+02	9.638330e+05
1.343520e+02	9.707370e+05
1.344020e+02	9.693390e+05
1.344520e+02	9.710160e+05
1.345010e+02	9.705450e+05
1.345520e+02	9.726810e+05
1.346020e+02	9.675670e+05
1.346520e+02	9.750000e+05
1.347020e+02	9.738500e+05
1.347520e+02	9.761880e+05
1.348020e+02	9.689380e+05
1.348520e+02	9.676990e+05
1.349020e+02	9.729600e+05
1.349520e+02	9.760260e+05
1.350020e+02	9.767320e+05
1.350530e+02	9.732730e+05
1.351030e+02	9.747410e+05
1.351530e+02	9.751240e+05
1.352030e+02	9.665350e+05
1.352530e+02	9.673810e+05
1.353030e+02	9.712470e+05
1.353530e+02	9.723930e+05
1.354030e+02	9.669570e+05
1.354540e+02	9.669610e+05
1.355040e+02	9.715320e+05
1.355540e+02	9.749480e+05
1.356040e+02	9.756360e+05
1.356540e+02	9.717230e+05
1.357040e+02	9.733030e+05
1.357540e+02	9.730980e+05
1.358040e+02	9.764150e+05
1.358540e+02	9.767180e+05
1.359040e+02	9.753000e+05
1.359540e+02	9.738460e+05
1.360050e+02	9.710520e+05
1.360540e+02	9.749160e+05
1.361050e+02	9.775280e+05
1.361540e+02	9.793930e+05
1.362040e+02	9.708280e+05
1.362550e+02	9.686120e+05
1.363050e+02	9.677580e+05
1.363550e+02	9.717800e+05
1.364050e+02	9.741150e+05
1.364560e+02	9.746620e+05
1.365060e+02	9.736950e+05
1.365560e+02	9.698370e+05
1.366050e+02	9.723440e+05
1.366560e+02	9.720460e+05
1.367060e+02	9.793410e+05
1.367550e+02	9.787430e+05
1.368060e+02	9.758570e+05
1.368570e+02	9.778220e+05
1.369060e+02	9.724150e+05
1.369560e+02	9.795230e+05
1.370070e+02	9.806030e+05
1.370570e+02	9.736620e+05
1.371060e+02	9.802560e+05
1.371570e+02	9.691120e+05
1.372070e+02	9.639150e+05
1.372570e+02	9.655720e+05
1.373070e+02	9.738830e+05
1.373570e+02	9.721850e+05
1.374070e+02	9.749620e+05
1.374580e+02	9.710550e+05
1.375070e+02	9.737820e+05
1.375580e+02	9.756950e+05
1.376070e+02	9.775510e+05
1.376580e+02	9.770990e+05
1.377080e+02	9.737870e+05
1.377580e+02	9.714710e+05
1.378080e+02	9.725730e+05
1.378580e+02	9.794760e+05
1.379080e+02	9.774100e+05
1.379590e+02	9.809900e+05
1.380090e+02	9.769270e+05
1.380580e+02	9.765520e+05
1.381080e+02	9.793070e+05
1.381580e+02	9.841180e+05
1.382080e+02	9.707460e+05
1.382590e+02	9.683120e+05
1.383090e+02	9.694880e+05
1.383590e+02	9.668150e+05
1.384090e+02	9.726070e+05
1.384590e+02	9.712290e+05
1.385090e+02	9.767480e+05
1.385600e+02	9.744710e+05
1.386090e+02	9.743840e+05
1.386600e+02	9.764710e+05
1.387090e+02	9.783610e+05
1.387590e+02	9.798530e+05
1.388090e+02	9.808930e+05
1.388600e+02	9.766640e+05
1.389100e+02	9.810900e+05
1.389600e+02	9.747960e+05
1.390100e+02	9.795760e+05
1.390610e+02	9.805800e+05
1.391100e+02	9.778090e+05
1.391610e+02	9.803100e+05
1.392110e+02	9.676300e+05
1.392610e+02	9.725570e+05
1.393110e+02	9.754920e+05
1.393610e+02	9.772910e+05
1.394110e+02	9.751670e+05
1.394620e+02	9.757430e+05
1.395110e+02	9.790400e+05
1.395620e+02	9.770630e+05
1.396120e+02	9.735040e+05
1.396610e+02	9.760310e+05
1.397120e+02	9.780220e+05
1.397620e+02	9.859690e+05
1.398120e+02	9.776870e+05
1.398620e+02	9.804780e+05
1.399120e+02	9.774530e+05
1.399630e+02	9.795730e+05
1.400120e+02	9.837860e+05
1.400620e+02	9.781410e+05
1.401130e+02	9.830800e+05
1.401620e+02	9.828190e+05
1.402120e+02	9.677630e+05
1.402620e+02	9.719870e+05
1.403120e+02	9.719440e+05
1.403620e+02	9.772180e+05
1.404120e+02	9.800700e+05
1.404620e+02	9.747600e+05
1.405130e+02	9.786520e+05
1.405630e+02	9.783310e+05
1.406130e+02	9.795810e+05
1.406630e+02	9.768900e+05
1.407130e+02	9.804700e+05
1.407630e+02	9.805810e+05
1.408130e+02	9.753540e+05
1.408640e+02	9.813670e+05
1.409140e+02	9.776480e+05
1.409640e+02	9.833980e+05
1.410140e+02	9.863330e+05
1.410640e+02	9.797020e+05
1.411140e+02	9.794330e+05
1.411640e+02	9.826230e+05
1.412140e+02	9.800030e+05
1.412640e+02	9.816830e+05
1.413140e+02	9.806080e+05
1.413650e+02	9.838730e+05
1.414150e+02	9.795710e+05
1.414650e+02	9.817810e+05
1.415140e+02	9.836980e+05
1.415650e+02	9.837820e+05
1.416150e+02	9.890740e+05
1.416650e+02	9.776980e+05
1.417160e+02	9.822200e+05
1.417650e+02	9.834420e+05
1.418160e+02	9.854610e+05
1.418660e+02	9.853620e+05
1.419150e+02	9.820820e+05
1.419660e+02	9.778400e+05
1.420160e+02	9.820270e+05
1.420660e+02	9.809910e+05
1.421160e+02	9.862240e+05
1.421660e+02	9.827260e+05
1.422160e+02	9.894560e+05
1.422660e+02	9.801040e+05
1.423160e+02	9.857990e+05
1.423670e+02	9.838610e+05
1.424170e+02	9.848440e+05
1.424660e+02	9.882430e+05
1.425170e+02	9.819650e+05
1.425670e+02	9.843540e+05
1.426170e+02	9.810540e+05
1.426670e+02	9.828840e+05
1.427170e+02	9.850460e+05
1.427670e+02	9.852040e+05
1.428180e+02	9.870970e+05
1.428680e+02	9.837550e+05
1.429170e+02	9.850650e+05
1.429670e+02	9.860870e+05
1.430180e+02	9.859930e+05
1.430670e+02	9.897650e+05
1.431170e+02	9.800920e+05
1.431680e+02	9.809590e+05
1.432190e+02	9.790240e+05
1.432690e+02	9.853770e+05
1.433180e+02	9.864890e+05
1.433690e+02	9.831060e+05
1.434180e+02	9.836700e+05
1.434680e+02	9.834640e+05
1.435180e+02	9.855820e+05
1.435690e+02	9.878180e+05
1.436190e+02	9.867500e+05
1.436690e+02	9.848850e+05
1.437190e+02	9.850000e+05
1.437690e+02	9.782230e+05
1.438190e+02	9.855260e+05
1.438700e+02	9.823840e+05
1.439190e+02	9.865480e+05
1.439690e+02	9.830770e+05
1.440190e+02	9.821250e+05
1.440700e+02	9.829920e+05
1.441200e+02	9.865300e+05
1.441700e+02	9.883420e+05
1.442200e+02	9.884350e+05
1.442700e+02	9.818170e+05
1.443200e+02	9.824230e+05
1.443700e+02	9.811540e+05
1.444200e+02	9.818660e+05
1.444700e+02	9.852690e+05
1.445200e+02	9.847990e+05
1.445700e+02	9.841310e+05
1.446210e+02	9.834920e+05
1.446710e+02	9.856470e+05
1.447210e+02	9.847080e+05
1.447710e+02	9.894300e+05
1.448210e+02	9.834820e+05
1.448710e+02	9.848010e+05
1.449210e+02	9.858900e+05
1.449710e+02	9.847910e+05
1.450210e+02	9.844600e+05
1.450720e+02	9.834820e+05
1.451210e+02	9.829600e+05
1.451720e+02	9.856650e+05
1.452210e+02	9.845520e+05
1.452720e+02	9.843520e+05
1.453220e+02	9.865160e+05
1.453720e+02	9.880640e+05
1.454220e+02	9.847640e+05
1.454730e+02	9.815290e+05
1.455220e+02	9.814460e+05
1.455720e+02	9.820720e+05
1.456230e+02	9.825870e+05
1.456720e+02	9.818780e+05
1.457230e+02	9.830400e+05
1.457730e+02	9.928590e+05
1.458230e+02	9.877240e+05
1.458730e+02	9.860050e+05
1.459230e+02	9.856990e+05
1.459730e+02	9.859260e+05
1.460230e+02	9.802220e+05
1.460730e+02	9.824370e+05
1.461230e+02	9.820120e+05
1.461740e+02	9.831240e+05
1.462230e+02	9.807550e+05
1.462740e+02	9.815080e+05
1.463240e+02	9.804570e+05
1.463740e+02	9.853470e+05
1.464240e+02	9.859540e+05
1.464740e+02	9.829120e+05
1.465240e+02	9.836820e+05
1.465750e+02	9.861810e+05
1.466240e+02	9.833260e+05
1.466750e+02	9.865100e+05
1.467250e+02	9.823990e+05
1.467750e+02	9.797970e+05
1.468250e+02	9.829140e+05
1.468750e+02	9.781020e+05
1.469250e+02	9.824300e+05
1.469750e+02	9.839240e+05
1.470250e+02	9.855730e+05
1.470750e+02	9.865150e+05
1.471250e+02	9.825790e+05
1.471750e+02	9.796850e+05
1.472260e+02	9.877890e+05
1.472750e+02	9.811640e+05
1.473260e+02	9.875070e+05
1.473760e+02	9.772310e+05
1.474260e+02	9.824270e+05
1.474760e+02	9.764970e+05
1.475260e+02	9.808620e+05
1.475760e+02	9.887750e+05
1.476260e+02	9.855140e+05
1.476760e+02	9.819180e+05
1.477260e+02	9.819640e+05
1.477770e+02	9.807260e+05
1.478270e+02	9.891130e+05
1.478770e+02	9.850060e+05
1.479270e+02	9.824450e+05
1.479770e+02	9.819200e+05
1.480270e+02	9.776090e+05
1.480770e+02	9.861540e+05
1.481270e+02	9.803580e+05
1.481780e+02	9.936380e+05
1.482270e+02	9.934880e+05
1.482780e+02	9.854420e+05
1.483280e+02	9.846280e+05
1.483780e+02	9.842480e+05
1.484280e+02	9.845230e+05
1.484780e+02	9.872750e+05
1.485270e+02	9.834860e+05
1.485780e+02	9.808140e+05
1.486270e+02	9.806490e+05
1.486780e+02	9.836780e+05
1.487280e+02	9.845610e+05
1.487780e+02	9.874300e+05
1.488280e+02	9.863740e+05
1.488780e+02	9.822050e+05
1.489280e+02	9.835570e+05
1.489790e+02	9.831600e+05
1.490290e+02	9.904910e+05
1.490790e+02	9.840400e+05
1.491290e+02	9.834940e+05
1.491790e+02	9.798350e+05
1.492290e+02	9.793610e+05
1.492790e+02	9.863840e+05
1.493290e+02	9.859910e+05
1.493790e+02	9.888940e+05
1.494290e+02	9.858110e+05
1.494790e+02	9.818650e+05
1.495300e+02	9.889470e+05
1.495790e+02	9.897790e+05
1.496300e+02	9.897470e+05
1.496810e+02	9.886090e+05
1.497300e+02	9.820560e+05
1.497800e+02	9.809050e+05
1.498310e+02	9.840260e+05
1.498810e+02	9.897850e+05
1.499310e+02	9.867180e+05
1.499810e+02	9.854770e+05
1.500310e+02	9.874350e+05
1.500810e+02	9.835470e+05
1.501310e+02	9.868230e+05
1.501820e+02	9.907260e+05
1.502310e+02	9.864080e+05
1.502810e+02	9.829210e+05
1.503310e+02	9.791130e+05
1.503810e+02	9.850160e+05
1.504320e+02	9.865910e+05
1.504820e+02	9.836330e+05
1.505310e+02	9.868430e+05
1.505820e+02	9.825930e+05
1.506320e+02	9.862260e+05
1.506820e+02	9.858850e+05
1.507330e+02	9.881650e+05
1.507820e+02	9.908530e+05
1.508330e+02	9.860300e+05
1.508830e+02	9.833020e+05
1.509320e+02	9.800750e+05
1.509830e+02	9.838660e+05
1.510330e+02	9.894710e+05
1.510830e+02	9.823840e+05
1.511320e+02	9.868480e+05
1.511830e+02	9.810420e+05
1.512330e+02	9.882910e+05
1.512830e+02	9.877640e+05
1.513330e+02	9.872570e+05
1.513830e+02	9.912310e+05
1.514330e+02	9.827630e+05
1.514840e+02	9.866440e+05
1.515330e+02	9.794690e+05
1.515840e+02	9.865340e+05
1.516340e+02	9.863260e+05
1.516840e+02	9.809100e+05
1.517340e+02	9.845370e+05
1.517840e+02	9.855820e+05
1.518340e+02	9.879190e+05
1.518850e+02	9.869190e+05
1.519340e+02	9.841880e+05
1.519840e+02	9.887340e+05
1.520350e+02	9.856330e+05
1.520840e+02	9.840770e+05
1.521340e+02	9.851720e+05
1.521850e+02	9.852330e+05
1.522350e+02	9.877800e+05
1.522850e+02	9.840460e+05
1.523350e+02	9.817540e+05
1.523850e+02	9.859330e+05
1.524350e+02	9.900250e+05
1.524860e+02	9.865620e+05
1.525350e+02	9.853620e+05
1.525850e+02	9.863950e+05
1.526360e+02	9.863360e+05
1.526860e+02	9.858330e+05
1.527360e+02	9.847010e+05
1.527860e+02	9.832160e+05
1.528360e+02	9.831940e+05
1.528860e+02	9.847770e+05
1.529360e+02	9.827720e+05
1.529860e+02	9.872890e+05
1.530360e+02	9.914240e+05
1.530870e+02	9.844540e+05
1.531370e+02	9.850360e+05
1.531870e+02	9.879040e+05
1.532360e+02	9.865700e+05
1.532870e+02	9.910210e+05
1.533370e+02	9.867170e+05
1.533870e+02	9.885880e+05
1.534370e+02	9.914830e+05
1.534880e+02	9.886890e+05
1.535380e+02	9.886560e+05
1.535880e+02	9.944400e+05
1.536380e+02	9.904880e+05
1.536880e+02	9.950570e+05
1.537370e+02	9.883300e+05
1.537880e+02	9.912720e+05
1.538380e+02	9.953850e+05
1.538890e+02	9.925150e+05
1.539380e+02	9.924570e+05
1.539880e+02	9.861870e+05
1.540380e+02	9.929120e+05
1.540890e+02	9.910760e+05
1.541380e+02	9.900760e+05
1.541880e+02	9.956900e+05
1.542390e+02	9.932420e+05
1.542890e+02	9.904770e+05
1.543380e+02	9.956490e+05
1.543890e+02	9.891210e+05
1.544390e+02	9.997030e+05
1.544890e+02	9.915970e+05
1.545390e+02	9.945910e+05
1.545890e+02	9.911410e+05
1.546390e+02	9.930160e+05
1.546890e+02	9.924550e+05
1.547400e+02	9.909020e+05
1.547900e+02	9.954170e+05
1.548400e+02	9.929890e+05
1.548900e+02	9.901270e+05
1.549400e+02	9.918170e+05
1.549900e+02	9.947510e+05
1.550400e+02	9.968310e+05
1.550910e+02	9.958230e+05
1.551400e+02	9.869960e+05
1.551900e+02	9.931350e+05
1.552400e+02	9.871820e+05
1.552910e+02	9.958960e+05
1.553410e+02	9.940980e+05
1.553910e+02	9.949770e+05
1.554410e+02	9.940960e+05
1.554910e+02	9.893620e+05
1.555410e+02	9.948750e+05
1.555920e+02	9.942000e+05
1.556410e+02	9.997110e+05
1.556920e+02	9.909060e+05
1.557420e+02	9.916480e+05
1.557920e+02	9.894490e+05
1.558420e+02	9.935810e+05
1.558920e+02	1.002085e+06
1.559420e+02	9.961090e+05
1.559920e+02	9.951750e+05
1.560420e+02	9.953820e+05
1.560920e+02	9.895210e+05
1.561430e+02	9.953550e+05
1.561930e+02	9.966600e+05
1.562430e+02	9.968860e+05
1.562930e+02	9.945770e+05
1.563430e+02	9.830690e+05
1.563930e+02	9.911590e+05
1.564430e+02	9.914680e+05
1.564930e+02	9.984160e+05
1.565430e+02	9.900490e+05
1.565930e+02	9.947180e+05
1.566430e+02	9.882140e+05
1.566930e+02	9.932960e+05
1.567440e+02	9.937730e+05
1.567940e+02	1.000420e+06
1.568430e+02	9.909600e+05
1.568940e+02	9.956290e+05
1.569430e+02	9.862410e+05
1.569930e+02	9.947730e+05
1.570440e+02	9.948250e+05
1.570950e+02	9.898740e+05
1.571450e+02	9.944530e+05
1.571940e+02	9.906380e+05
1.572440e+02	9.969690e+05
1.572950e+02	9.922950e+05
1.573450e+02	9.963780e+05
1.573960e+02	9.966790e+05
1.574450e+02	9.932250e+05
