0.000000e+00	3.893300e+04
5.100000e-02	3.907900e+04
1.020000e-01	3.880700e+04
1.510000e-01	3.888200e+04
2.010000e-01	3.842300e+04
2.510000e-01	3.909000e+04
3.020000e-01	3.870000e+04
3.520000e-01	3.950700e+04
4.020000e-01	3.860300e+04
4.520000e-01	3.899900e+04
5.020000e-01	3.867900e+04
5.520000e-01	3.918600e+04
6.020000e-01	3.887700e+04
6.520000e-01	3.921900e+04
7.020000e-01	3.868400e+04
7.530000e-01	3.905400e+04
8.030000e-01	3.864800e+04
8.520000e-01	3.888400e+04
9.020000e-01	3.882300e+04
9.530000e-01	3.872100e+04
1.003000e+00	3.888600e+04
1.053000e+00	3.874600e+04
1.103000e+00	3.918300e+04
1.153000e+00	3.900300e+04
1.203000e+00	3.943400e+04
1.253000e+00	3.867900e+04
1.303000e+00	3.937100e+04
1.354000e+00	3.845300e+04
1.404000e+00	3.875200e+04
1.454000e+00	3.906700e+04
1.504000e+00	3.885900e+04
1.554000e+00	3.891100e+04
1.603000e+00	3.892600e+04
1.653000e+00	3.882400e+04
1.704000e+00	3.896600e+04
1.754000e+00	3.902600e+04
1.804000e+00	3.905800e+04
1.854000e+00	3.880400e+04
1.904000e+00	3.866800e+04
1.954000e+00	3.902400e+04
2.005000e+00	3.871300e+04
2.055000e+00	3.931200e+04
2.105000e+00	3.836400e+04
2.155000e+00	3.921600e+04
2.204000e+00	3.841900e+04
2.255000e+00	3.905200e+04
2.305000e+00	3.886500e+04
2.355000e+00	3.891600e+04
2.405000e+00	3.871900e+04
2.456000e+00	3.882000e+04
2.505000e+00	3.880400e+04
2.556000e+00	3.899400e+04
2.606000e+00	3.878700e+04
2.656000e+00	3.901400e+04
2.706000e+00	3.913800e+04
2.756000e+00	3.889500e+04
2.806000e+00	3.921200e+04
2.856000e+00	3.886000e+04
2.906000e+00	3.915400e+04
2.957000e+00	3.864400e+04
3.007000e+00	3.901000e+04
3.056000e+00	3.867700e+04
3.107000e+00	3.920900e+04
3.156000e+00	3.895400e+04
3.207000e+00	3.876000e+04
3.257000e+00	3.877400e+04
3.307000e+00	3.906000e+04
3.357000e+00	3.903100e+04
3.407000e+00	3.922300e+04
3.457000e+00	3.896100e+04
3.507000e+00	3.905500e+04
3.557000e+00	3.890700e+04
3.607000e+00	3.887400e+04
3.658000e+00	3.902900e+04
3.707000e+00	3.909200e+04
3.757000e+00	3.936500e+04
3.807000e+00	3.829600e+04
3.858000e+00	3.894000e+04
3.908000e+00	3.877000e+04
3.958000e+00	3.936400e+04
4.008000e+00	3.938300e+04
4.058000e+00	3.927900e+04
4.108000e+00	3.907700e+04
4.158000e+00	3.951500e+04
4.209000e+00	3.904000e+04
4.259000e+00	3.958500e+04
4.309000e+00	3.924300e+04
4.359000e+00	3.894300e+04
4.409000e+00	3.895700e+04
4.459000e+00	3.880000e+04
4.509000e+00	3.949900e+04
4.559000e+00	3.917800e+04
4.609000e+00	3.942200e+04
4.660000e+00	3.902700e+04
4.709000e+00	3.907600e+04
4.759000e+00	3.943700e+04
4.809000e+00	3.904700e+04
4.860000e+00	3.939400e+04
4.910000e+00	3.945500e+04
4.960000e+00	3.866500e+04
5.011000e+00	3.912200e+04
5.060000e+00	3.910900e+04
5.111000e+00	3.984700e+04
5.161000e+00	3.891000e+04
5.210000e+00	3.926200e+04
5.260000e+00	3.907900e+04
5.311000e+00	3.906100e+04
5.361000e+00	3.964500e+04
5.411000e+00	3.961200e+04
5.461000e+00	3.942400e+04
5.511000e+00	3.921600e+04
5.562000e+00	3.888500e+04
5.612000e+00	3.943600e+04
5.662000e+00	3.962700e+04
5.711000e+00	3.915800e+04
5.761000e+00	3.933100e+04
5.812000e+00	3.895800e+04
5.862000e+00	3.960400e+04
5.911000e+00	3.890400e+04
5.962000e+00	3.928800e+04
6.012000e+00	3.924500e+04
6.062000e+00	3.956500e+04
6.112000e+00	3.892700e+04
6.162000e+00	3.900300e+04
6.212000e+00	3.894200e+04
6.263000e+00	3.929500e+04
6.313000e+00	3.932100e+04
6.362000e+00	3.913500e+04
6.413000e+00	3.936400e+04
6.463000e+00	3.889400e+04
6.513000e+00	3.950300e+04
6.562000e+00	3.893500e+04
6.614000e+00	3.940900e+04
6.664000e+00	3.882900e+04
6.713000e+00	3.925100e+04
6.763000e+00	3.880400e+04
6.813000e+00	3.927300e+04
6.864000e+00	3.925900e+04
6.914000e+00	3.926700e+04
6.964000e+00	3.907300e+04
7.014000e+00	3.930000e+04
7.064000e+00	3.957500e+04
7.114000e+00	3.977200e+04
7.164000e+00	3.961400e+04
7.214000e+00	3.891700e+04
7.265000e+00	3.938600e+04
7.314000e+00	3.890600e+04
7.365000e+00	3.943600e+04
7.415000e+00	3.882200e+04
7.465000e+00	3.894600e+04
7.514000e+00	3.875900e+04
7.564000e+00	3.923400e+04
7.615000e+00	3.941700e+04
7.665000e+00	3.946100e+04
7.715000e+00	3.919900e+04
7.766000e+00	3.895100e+04
7.815000e+00	3.910100e+04
7.866000e+00	3.924600e+04
7.916000e+00	4.014100e+04
7.966000e+00	3.925600e+04
8.016000e+00	3.932700e+04
8.066000e+00	3.850200e+04
8.116000e+00	3.901700e+04
8.166000e+00	3.908500e+04
8.216000e+00	3.963900e+04
8.266000e+00	3.882200e+04
8.317000e+00	3.953300e+04
8.366000e+00	3.892100e+04
8.417000e+00	3.926500e+04
8.466000e+00	3.919500e+04
8.517000e+00	3.936000e+04
8.567000e+00	3.890600e+04
8.617000e+00	3.857100e+04
8.667000e+00	3.912200e+04
8.717000e+00	3.895300e+04
8.767000e+00	3.943700e+04
8.817000e+00	3.908200e+04
8.867000e+00	3.908800e+04
8.917000e+00	3.864700e+04
8.967000e+00	3.902900e+04
9.017000e+00	3.908900e+04
9.068000e+00	3.977500e+04
9.118000e+00	3.891000e+04
9.168000e+00	3.908600e+04
9.218000e+00	3.866400e+04
9.268000e+00	3.898400e+04
9.318000e+00	3.900800e+04
9.368000e+00	3.912000e+04
9.418000e+00	3.906500e+04
9.468000e+00	3.893500e+04
9.518000e+00	3.872000e+04
9.569000e+00	3.933500e+04
9.618000e+00	3.933900e+04
9.669000e+00	3.933800e+04
9.719000e+00	3.910000e+04
9.769000e+00	3.837100e+04
9.819000e+00	3.887600e+04
9.869000e+00	3.884000e+04
9.919000e+00	3.977400e+04
9.969000e+00	3.875400e+04
1.002000e+01	3.935200e+04
1.007000e+01	3.898600e+04
1.012000e+01	3.873500e+04
1.017000e+01	3.897100e+04
1.022000e+01	3.910700e+04
1.027000e+01	3.910300e+04
1.032000e+01	3.914600e+04
1.037100e+01	3.867000e+04
1.042000e+01	3.900800e+04
1.047000e+01	3.894600e+04
1.052000e+01	3.917200e+04
1.057100e+01	3.925200e+04
1.062000e+01	3.892700e+04
1.067100e+01	3.919900e+04
1.072100e+01	3.878100e+04
1.077200e+01	3.931300e+04
1.082100e+01	3.877500e+04
1.087100e+01	3.921400e+04
1.092100e+01	3.906000e+04
1.097100e+01	3.875700e+04
1.102200e+01	3.935800e+04
1.107100e+01	3.919800e+04
1.112100e+01	3.962000e+04
1.117100e+01	3.944600e+04
1.122200e+01	3.937500e+04
1.127200e+01	3.936100e+04
1.132100e+01	3.948300e+04
1.137200e+01	3.947300e+04
1.142200e+01	3.911400e+04
1.147200e+01	3.879700e+04
1.152300e+01	3.969100e+04
1.157200e+01	3.894300e+04
1.162200e+01	3.954800e+04
1.167300e+01	3.869200e+04
1.172300e+01	3.935700e+04
1.177300e+01	3.926700e+04
1.182300e+01	3.920000e+04
1.187300e+01	3.934200e+04
1.192300e+01	3.894100e+04
1.197300e+01	3.949100e+04
1.202300e+01	3.906000e+04
1.207400e+01	3.910800e+04
1.212400e+01	3.932600e+04
1.217400e+01	3.930100e+04
1.222400e+01	3.936000e+04
1.227400e+01	3.931600e+04
1.232400e+01	3.875200e+04
1.237400e+01	3.954900e+04
1.242400e+01	3.901700e+04
1.247400e+01	3.976100e+04
1.252400e+01	3.900000e+04
1.257500e+01	3.934000e+04
1.262400e+01	3.974400e+04
1.267400e+01	3.946900e+04
1.272500e+01	3.921900e+04
1.277500e+01	3.914200e+04
1.282400e+01	3.915600e+04
1.287500e+01	3.904700e+04
1.292500e+01	3.909700e+04
1.297500e+01	3.923200e+04
1.302500e+01	3.934700e+04
1.307600e+01	3.900100e+04
1.312600e+01	3.778300e+04
1.317500e+01	3.750100e+04
1.322600e+01	3.736200e+04
1.327600e+01	3.787900e+04
1.332600e+01	3.830900e+04
1.337600e+01	3.729000e+04
1.342500e+01	3.823400e+04
1.347600e+01	3.783000e+04
1.352600e+01	3.818800e+04
1.357600e+01	3.813200e+04
1.362600e+01	3.822900e+04
1.367700e+01	3.828700e+04
1.372600e+01	3.840500e+04
1.377600e+01	3.832200e+04
1.382700e+01	3.857300e+04
1.387700e+01	3.873300e+04
1.392700e+01	3.887400e+04
1.397700e+01	3.799500e+04
1.402700e+01	3.851600e+04
1.407800e+01	3.872100e+04
1.412800e+01	3.691100e+04
1.417700e+01	3.692700e+04
1.422800e+01	3.676700e+04
1.427700e+01	3.716400e+04
1.432700e+01	3.682800e+04
1.437800e+01	3.722800e+04
1.442800e+01	3.712500e+04
1.447800e+01	3.782300e+04
1.452800e+01	3.738000e+04
1.457800e+01	3.718300e+04
1.462800e+01	3.731700e+04
1.467900e+01	3.787300e+04
1.472900e+01	3.745800e+04
1.477800e+01	3.785400e+04
1.482900e+01	3.760300e+04
1.487900e+01	3.766000e+04
1.492900e+01	3.777300e+04
1.497900e+01	3.796700e+04
1.502900e+01	3.802000e+04
1.507900e+01	3.742200e+04
1.512900e+01	3.633800e+04
1.517900e+01	3.555400e+04
1.522900e+01	3.635800e+04
1.527900e+01	3.596200e+04
1.532900e+01	3.682600e+04
1.538000e+01	3.631800e+04
1.543000e+01	3.654600e+04
1.547900e+01	3.680700e+04
1.553000e+01	3.691800e+04
1.558000e+01	3.726700e+04
1.563000e+01	3.694200e+04
1.568100e+01	3.672900e+04
1.573000e+01	3.649900e+04
1.578000e+01	3.686800e+04
1.583100e+01	3.716300e+04
1.588000e+01	3.701300e+04
1.593000e+01	3.698700e+04
1.598100e+01	3.720300e+04
1.603100e+01	3.697600e+04
1.608100e+01	3.728500e+04
1.613100e+01	3.548000e+04
1.618100e+01	3.572000e+04
1.623100e+01	3.533400e+04
1.628200e+01	3.569600e+04
1.633200e+01	3.567900e+04
1.638100e+01	3.575500e+04
1.643200e+01	3.605300e+04
1.648200e+01	3.592700e+04
1.653200e+01	3.611400e+04
1.658200e+01	3.568000e+04
1.663200e+01	3.653200e+04
1.668200e+01	3.634700e+04
1.673300e+01	3.648400e+04
1.678200e+01	3.631800e+04
1.683200e+01	3.618600e+04
1.688300e+01	3.640700e+04
1.693200e+01	3.578800e+04
1.698200e+01	3.606600e+04
1.703300e+01	3.632000e+04
1.708300e+01	3.630900e+04
1.713300e+01	3.476400e+04
1.718300e+01	3.472700e+04
1.723300e+01	3.435900e+04
1.728300e+01	3.531500e+04
1.733300e+01	3.485200e+04
1.738300e+01	3.532600e+04
1.743400e+01	3.493800e+04
1.748400e+01	3.554200e+04
1.753400e+01	3.529200e+04
1.758400e+01	3.527000e+04
1.763400e+01	3.548800e+04
1.768400e+01	3.545800e+04
1.773400e+01	3.554700e+04
1.778400e+01	3.574700e+04
1.783400e+01	3.561000e+04
1.788500e+01	3.566200e+04
1.793400e+01	3.555100e+04
1.798400e+01	3.547900e+04
1.803400e+01	3.608700e+04
1.808400e+01	3.606700e+04
1.813400e+01	3.443500e+04
1.818500e+01	3.397400e+04
1.823400e+01	3.420100e+04
1.828500e+01	3.422600e+04
1.833500e+01	3.461000e+04
1.838500e+01	3.457900e+04
1.843600e+01	3.512600e+04
1.848600e+01	3.438200e+04
1.853500e+01	3.493500e+04
1.858600e+01	3.471400e+04
1.863500e+01	3.519500e+04
1.868500e+01	3.505000e+04
1.873500e+01	3.490100e+04
1.878600e+01	3.505000e+04
1.883600e+01	3.489500e+04
1.888600e+01	3.546400e+04
1.893600e+01	3.519400e+04
1.898700e+01	3.554400e+04
1.903600e+01	3.501300e+04
1.908600e+01	3.490400e+04
1.913600e+01	3.340500e+04
1.918600e+01	3.360400e+04
1.923600e+01	3.364100e+04
1.928700e+01	3.425100e+04
1.933700e+01	3.295700e+04
1.938700e+01	3.393900e+04
1.943700e+01	3.376500e+04
1.948700e+01	3.443600e+04
1.953700e+01	3.401100e+04
1.958800e+01	3.440800e+04
1.963800e+01	3.436100e+04
1.968800e+01	3.419100e+04
1.973700e+01	3.454000e+04
1.978800e+01	3.444700e+04
1.983800e+01	3.455200e+04
1.988800e+01	3.429900e+04
1.993800e+01	3.431800e+04
1.998800e+01	3.401000e+04
2.003900e+01	3.488800e+04
2.008900e+01	3.425200e+04
2.013900e+01	3.329600e+04
2.018900e+01	3.246800e+04
2.023900e+01	3.333900e+04
2.028900e+01	3.292000e+04
2.033900e+01	3.364200e+04
2.038900e+01	3.350600e+04
2.043900e+01	3.332400e+04
2.048900e+01	3.336100e+04
2.053900e+01	3.313700e+04
2.059000e+01	3.331700e+04
2.063900e+01	3.388100e+04
2.069000e+01	3.378100e+04
2.074000e+01	3.342800e+04
2.079000e+01	3.383800e+04
2.084000e+01	3.378100e+04
2.089000e+01	3.430700e+04
2.094000e+01	3.365100e+04
2.099000e+01	3.399300e+04
2.104000e+01	3.341500e+04
2.109000e+01	3.396800e+04
2.114000e+01	3.229300e+04
2.119000e+01	3.258200e+04
2.124100e+01	3.233500e+04
2.129100e+01	3.265500e+04
2.134000e+01	3.226600e+04
2.139100e+01	3.264400e+04
2.144100e+01	3.311900e+04
2.149100e+01	3.331300e+04
2.154100e+01	3.313700e+04
2.159100e+01	3.288300e+04
2.164100e+01	3.292400e+04
2.169100e+01	3.309900e+04
2.174100e+01	3.314600e+04
2.179100e+01	3.289100e+04
2.184100e+01	3.328600e+04
2.189200e+01	3.298400e+04
2.194200e+01	3.351000e+04
2.199200e+01	3.302900e+04
2.204300e+01	3.377600e+04
2.209200e+01	3.290100e+04
2.214200e+01	3.211600e+04
2.219200e+01	3.182100e+04
2.224300e+01	3.199100e+04
2.229200e+01	3.207200e+04
2.234200e+01	3.228200e+04
2.239300e+01	3.217400e+04
2.244300e+01	3.239300e+04
2.249300e+01	3.218300e+04
2.254200e+01	3.270600e+04
2.259400e+01	3.269100e+04
2.264300e+01	3.274200e+04
2.269400e+01	3.258900e+04
2.274400e+01	3.249200e+04
2.279400e+01	3.293100e+04
2.284300e+01	3.280400e+04
2.289300e+01	3.320700e+04
2.294400e+01	3.230800e+04
2.299400e+01	3.265600e+04
2.304300e+01	3.263300e+04
2.309500e+01	3.264100e+04
2.314400e+01	3.144100e+04
2.319400e+01	3.162700e+04
2.324500e+01	3.159900e+04
2.329500e+01	3.153700e+04
2.334500e+01	3.151900e+04
2.339500e+01	3.224200e+04
2.344400e+01	3.224600e+04
2.349500e+01	3.191900e+04
2.354500e+01	3.189400e+04
2.359500e+01	3.170900e+04
2.364500e+01	3.275000e+04
2.369600e+01	3.178600e+04
2.374500e+01	3.284600e+04
2.379600e+01	3.207900e+04
2.384600e+01	3.247900e+04
2.389500e+01	3.204100e+04
2.394500e+01	3.231500e+04
2.399900e+01	3.259000e+04
2.404600e+01	3.282300e+04
2.409600e+01	3.212500e+04
2.414600e+01	3.048700e+04
2.419600e+01	3.087500e+04
2.424600e+01	3.144300e+04
2.429700e+01	3.186200e+04
2.434700e+01	3.136800e+04
2.439600e+01	3.174400e+04
2.444600e+01	3.141900e+04
2.449600e+01	3.209500e+04
2.454700e+01	3.147200e+04
2.459700e+01	3.212500e+04
2.464700e+01	3.149000e+04
2.469700e+01	3.201200e+04
2.474700e+01	3.131400e+04
2.479700e+01	3.207400e+04
2.484700e+01	3.198800e+04
2.489800e+01	3.242100e+04
2.494800e+01	3.156000e+04
2.499800e+01	3.182800e+04
2.504800e+01	3.208400e+04
2.509800e+01	3.191100e+04
2.514800e+01	3.074200e+04
2.519800e+01	3.039900e+04
2.524800e+01	3.098300e+04
2.529800e+01	3.062400e+04
2.534800e+01	3.107000e+04
2.539800e+01	3.074900e+04
2.544900e+01	3.157800e+04
2.549900e+01	3.106200e+04
2.554900e+01	3.167900e+04
2.559900e+01	3.121000e+04
2.564900e+01	3.179700e+04
2.569900e+01	3.166500e+04
2.574900e+01	3.166300e+04
2.580000e+01	3.151200e+04
2.584900e+01	3.150700e+04
2.589900e+01	3.171600e+04
2.595000e+01	3.148500e+04
2.599900e+01	3.204400e+04
2.605000e+01	3.143900e+04
2.610000e+01	3.135800e+04
2.614900e+01	2.991300e+04
2.620000e+01	3.065800e+04
2.624900e+01	3.063600e+04
2.630000e+01	3.058500e+04
2.635000e+01	3.061400e+04
2.640000e+01	3.090100e+04
2.645000e+01	3.074100e+04
2.650000e+01	3.098500e+04
2.655000e+01	3.089600e+04
2.660100e+01	3.097900e+04
2.665100e+01	3.107800e+04
2.670000e+01	3.103100e+04
2.675100e+01	3.121000e+04
2.680200e+01	3.102100e+04
2.685100e+01	3.145700e+04
2.690100e+01	3.110500e+04
2.695100e+01	3.145300e+04
2.700100e+01	3.119400e+04
2.705100e+01	3.135100e+04
2.710100e+01	3.096300e+04
2.715200e+01	2.980400e+04
2.720200e+01	3.009800e+04
2.725200e+01	3.026200e+04
2.730200e+01	3.014500e+04
2.735100e+01	3.043700e+04
2.740300e+01	3.046000e+04
2.745200e+01	3.075900e+04
2.750200e+01	3.052300e+04
2.755200e+01	3.049500e+04
2.760300e+01	3.101600e+04
2.765300e+01	3.052800e+04
2.770300e+01	3.081100e+04
2.775300e+01	3.052300e+04
2.780300e+01	3.098700e+04
2.785200e+01	3.081500e+04
2.790300e+01	3.124600e+04
2.795300e+01	3.091800e+04
2.800300e+01	3.087600e+04
2.805300e+01	3.081600e+04
2.810400e+01	3.059900e+04
2.815300e+01	2.955100e+04
2.820400e+01	3.003900e+04
2.825400e+01	3.004000e+04
2.830300e+01	3.030200e+04
2.835400e+01	3.008800e+04
2.840400e+01	3.012000e+04
2.845400e+01	3.068600e+04
2.850400e+01	3.043100e+04
2.855400e+01	3.063200e+04
2.860400e+01	3.037200e+04
2.865500e+01	3.079700e+04
2.870400e+01	3.025900e+04
2.875500e+01	3.088800e+04
2.880500e+01	3.075500e+04
2.885500e+01	3.122600e+04
2.890500e+01	3.048700e+04
2.895500e+01	3.044500e+04
2.900500e+01	3.064700e+04
2.905600e+01	3.091900e+04
2.910500e+01	3.051300e+04
2.915500e+01	2.970000e+04
2.920600e+01	2.968800e+04
2.925600e+01	2.972700e+04
2.930600e+01	2.997700e+04
2.935600e+01	3.015400e+04
2.940600e+01	3.059500e+04
2.945600e+01	3.031900e+04
2.950600e+01	3.004300e+04
2.955600e+01	3.021400e+04
2.960600e+01	3.041500e+04
2.965700e+01	3.062300e+04
2.970600e+01	3.073700e+04
2.975600e+01	3.059700e+04
2.980600e+01	3.078500e+04
2.985600e+01	3.024300e+04
2.990700e+01	3.084100e+04
2.995700e+01	3.073500e+04
3.000700e+01	3.105300e+04
3.005700e+01	3.091600e+04
3.010700e+01	2.976300e+04
3.015700e+01	2.959400e+04
3.020700e+01	2.941700e+04
3.025800e+01	3.002500e+04
3.030700e+01	2.970700e+04
3.035800e+01	2.990400e+04
3.040800e+01	2.993300e+04
3.045800e+01	3.010400e+04
3.050800e+01	3.013600e+04
3.055800e+01	3.035100e+04
3.060800e+01	3.034600e+04
3.065800e+01	3.057700e+04
3.070800e+01	2.995000e+04
3.075800e+01	3.065100e+04
3.080900e+01	3.040500e+04
3.085800e+01	3.069900e+04
3.090900e+01	3.036700e+04
3.095800e+01	3.024200e+04
3.100900e+01	3.052700e+04
3.105900e+01	3.062300e+04
3.110900e+01	3.003400e+04
3.116000e+01	2.955200e+04
3.120900e+01	2.934300e+04
3.125900e+01	2.978900e+04
3.131000e+01	2.958600e+04
3.135900e+01	2.951400e+04
3.141000e+01	3.019800e+04
3.145900e+01	2.979700e+04
3.151000e+01	3.023600e+04
3.156000e+01	2.978200e+04
3.161000e+01	3.063700e+04
3.166000e+01	3.034300e+04
3.171000e+01	3.018900e+04
3.176000e+01	3.013000e+04
3.181100e+01	3.048200e+04
3.186000e+01	3.047000e+04
3.191100e+01	3.038600e+04
3.196100e+01	3.025800e+04
3.201100e+01	3.039700e+04
3.206100e+01	3.049000e+04
3.211100e+01	3.010900e+04
3.216100e+01	2.933900e+04
3.221100e+01	2.934400e+04
3.226100e+01	2.975700e+04
3.231100e+01	2.926900e+04
3.236100e+01	2.982700e+04
3.241100e+01	2.983100e+04
3.246200e+01	3.020200e+04
3.251100e+01	2.983500e+04
3.256200e+01	2.984400e+04
3.261200e+01	2.979400e+04
3.266200e+01	3.006900e+04
3.271200e+01	3.016400e+04
3.276200e+01	3.032500e+04
3.281300e+01	3.045600e+04
3.286200e+01	3.016400e+04
3.291200e+01	3.059500e+04
3.296300e+01	3.013100e+04
3.301300e+01	3.068000e+04
3.306200e+01	3.001900e+04
3.311300e+01	3.021200e+04
3.316300e+01	2.900700e+04
3.321300e+01	2.976500e+04
3.326300e+01	2.944100e+04
3.331300e+01	3.013100e+04
3.336400e+01	2.966000e+04
3.341300e+01	2.979000e+04
3.346300e+01	2.975400e+04
3.351400e+01	3.005200e+04
3.356300e+01	3.026800e+04
3.361400e+01	3.040600e+04
3.366400e+01	3.033600e+04
3.371400e+01	2.994600e+04
3.376500e+01	3.011000e+04
3.381400e+01	3.012300e+04
3.386500e+01	3.055300e+04
3.391400e+01	3.022400e+04
3.396400e+01	3.061800e+04
3.401500e+01	3.009900e+04
3.406400e+01	3.040000e+04
3.411500e+01	2.991400e+04
3.416400e+01	2.924800e+04
3.421400e+01	2.957500e+04
3.426500e+01	2.959900e+04
3.431600e+01	2.966500e+04
3.436500e+01	2.945400e+04
3.441500e+01	2.994300e+04
3.446600e+01	3.013900e+04
3.451500e+01	2.972100e+04
3.456500e+01	2.985600e+04
3.461600e+01	3.004600e+04
3.466600e+01	3.005300e+04
3.471600e+01	3.063900e+04
3.476600e+01	2.983700e+04
3.481600e+01	3.064300e+04
3.486500e+01	2.994200e+04
3.491600e+01	3.012300e+04
3.496600e+01	2.995400e+04
3.501600e+01	3.026400e+04
3.506600e+01	3.047700e+04
3.511600e+01	2.962100e+04
3.516700e+01	2.936100e+04
3.521700e+01	2.903000e+04
3.526700e+01	2.977300e+04
3.531700e+01	2.957000e+04
3.536800e+01	2.986000e+04
3.541700e+01	2.977000e+04
3.546700e+01	2.957000e+04
3.551700e+01	2.983600e+04
3.556700e+01	2.977700e+04
3.561700e+01	3.018200e+04
3.566700e+01	3.022200e+04
3.571800e+01	2.970200e+04
3.576800e+01	3.005500e+04
3.581800e+01	2.995600e+04
3.586800e+01	3.048700e+04
3.591800e+01	3.044300e+04
3.596800e+01	2.988400e+04
3.601900e+01	3.022400e+04
3.606800e+01	2.987000e+04
3.611800e+01	2.960700e+04
3.616800e+01	2.881700e+04
3.621800e+01	2.920000e+04
3.626800e+01	2.933100e+04
3.631800e+01	2.944100e+04
3.636900e+01	2.936400e+04
3.641900e+01	2.960800e+04
3.646900e+01	2.957300e+04
3.651900e+01	3.009400e+04
3.656900e+01	2.971200e+04
3.661900e+01	3.012100e+04
3.667000e+01	2.969500e+04
3.672000e+01	3.013100e+04
3.677000e+01	3.021000e+04
3.682000e+01	2.971400e+04
3.686900e+01	3.053500e+04
3.692000e+01	3.014200e+04
3.696900e+01	3.020500e+04
3.702000e+01	3.039900e+04
3.707000e+01	2.985100e+04
3.712100e+01	2.960200e+04
3.717000e+01	2.918900e+04
3.722000e+01	2.919200e+04
3.727000e+01	2.967200e+04
3.732100e+01	2.959200e+04
3.737100e+01	2.955700e+04
3.742100e+01	2.947000e+04
3.747100e+01	2.982900e+04
3.752100e+01	2.979800e+04
3.757100e+01	3.006200e+04
3.762200e+01	2.986400e+04
3.767200e+01	2.995400e+04
3.772100e+01	3.002200e+04
3.777100e+01	3.012600e+04
3.782200e+01	3.020500e+04
3.787100e+01	3.017000e+04
3.792200e+01	2.998800e+04
3.797200e+01	3.014100e+04
3.802200e+01	3.046900e+04
3.807200e+01	3.014700e+04
3.812200e+01	2.965800e+04
3.817200e+01	2.915400e+04
3.822200e+01	2.952700e+04
3.827300e+01	2.946600e+04
3.832200e+01	2.989400e+04
3.837300e+01	2.970300e+04
3.842200e+01	3.036500e+04
3.847200e+01	2.990300e+04
3.852300e+01	2.980800e+04
3.857300e+01	2.970900e+04
3.862300e+01	2.988500e+04
3.867300e+01	3.041800e+04
3.872300e+01	3.028800e+04
3.877300e+01	3.041100e+04
3.882300e+01	3.019400e+04
3.887300e+01	3.029800e+04
3.892400e+01	3.027600e+04
3.897400e+01	3.041200e+04
3.902300e+01	3.056700e+04
3.907300e+01	3.052100e+04
3.912400e+01	2.919300e+04
3.917400e+01	2.943700e+04
3.922400e+01	2.925100e+04
3.927400e+01	3.004000e+04
3.932400e+01	2.959500e+04
3.937400e+01	2.974100e+04
3.942400e+01	2.955800e+04
3.947500e+01	3.007900e+04
3.952500e+01	3.025700e+04
3.957400e+01	2.989500e+04
3.962600e+01	3.031300e+04
3.967500e+01	2.992400e+04
3.972600e+01	2.999300e+04
3.977600e+01	3.005300e+04
3.982500e+01	3.028200e+04
3.987500e+01	3.030300e+04
3.992500e+01	3.048500e+04
3.997500e+01	3.024900e+04
4.002600e+01	3.032900e+04
4.007600e+01	3.024300e+04
4.012600e+01	2.970700e+04
4.017500e+01	2.944300e+04
4.022700e+01	2.960500e+04
4.027600e+01	2.954700e+04
4.032600e+01	3.007000e+04
4.037700e+01	3.000700e+04
4.042600e+01	2.985500e+04
4.047600e+01	3.034100e+04
4.052700e+01	3.000800e+04
4.057700e+01	3.063400e+04
4.062600e+01	3.005100e+04
4.067700e+01	3.046300e+04
4.072700e+01	3.047700e+04
4.077700e+01	3.014800e+04
4.082700e+01	3.052800e+04
4.087700e+01	3.046900e+04
4.092800e+01	3.043400e+04
4.097700e+01	3.055500e+04
4.102800e+01	3.002200e+04
4.107700e+01	3.051800e+04
4.112800e+01	2.936300e+04
4.117800e+01	2.993900e+04
4.122800e+01	2.979400e+04
4.127800e+01	2.979000e+04
4.132900e+01	3.011100e+04
4.137800e+01	2.970200e+04
4.142800e+01	3.046500e+04
4.147800e+01	3.016100e+04
4.152900e+01	3.042200e+04
4.157900e+01	3.040900e+04
4.162900e+01	3.045800e+04
4.167800e+01	3.030600e+04
4.172900e+01	3.036200e+04
4.177900e+01	3.064200e+04
4.182900e+01	3.082400e+04
4.187900e+01	3.058600e+04
4.193000e+01	3.074600e+04
4.197900e+01	3.044000e+04
4.202900e+01	3.091900e+04
4.208000e+01	3.059600e+04
4.213000e+01	2.941700e+04
4.218000e+01	2.972900e+04
4.223000e+01	2.984500e+04
4.228000e+01	3.013700e+04
4.233000e+01	2.999700e+04
4.238000e+01	3.018500e+04
4.243000e+01	3.000200e+04
4.248000e+01	3.070600e+04
4.253000e+01	3.008400e+04
4.258000e+01	3.075000e+04
4.263100e+01	3.063000e+04
4.268000e+01	3.126400e+04
4.273100e+01	3.034100e+04
4.278000e+01	3.032000e+04
4.283100e+01	3.049300e+04
4.288200e+01	3.063700e+04
4.293100e+01	3.121000e+04
4.298200e+01	3.023900e+04
4.303200e+01	3.095100e+04
4.308200e+01	3.043400e+04
4.313200e+01	3.000500e+04
4.318100e+01	2.989700e+04
4.323100e+01	3.021700e+04
4.328200e+01	2.998200e+04
4.333200e+01	3.004000e+04
4.338200e+01	2.975000e+04
4.343200e+01	3.072800e+04
4.348200e+01	3.029200e+04
4.353200e+01	3.092800e+04
4.358200e+01	3.058900e+04
4.363300e+01	3.045600e+04
4.368200e+01	3.071300e+04
4.373200e+01	3.074300e+04
4.378300e+01	3.090900e+04
4.383300e+01	3.082300e+04
4.388300e+01	3.091700e+04
4.393300e+01	3.056400e+04
4.398300e+01	3.079400e+04
4.403300e+01	3.058300e+04
4.408300e+01	3.111800e+04
4.413400e+01	2.983200e+04
4.418400e+01	3.022400e+04
4.423400e+01	2.974600e+04
4.428400e+01	3.064100e+04
4.433400e+01	3.034400e+04
4.438300e+01	3.067600e+04
4.443400e+01	3.040700e+04
4.448400e+01	3.037500e+04
4.453400e+01	3.042700e+04
4.458400e+01	3.068400e+04
4.463500e+01	3.095100e+04
4.468400e+01	3.041100e+04
4.473400e+01	3.078700e+04
4.478500e+01	3.069400e+04
4.483400e+01	3.104500e+04
4.488500e+01	3.101100e+04
4.493500e+01	3.084600e+04
4.498500e+01	3.093100e+04
4.503500e+01	3.100900e+04
4.508500e+01	3.079900e+04
4.513500e+01	3.031700e+04
4.518600e+01	3.006600e+04
4.523600e+01	3.037200e+04
4.528500e+01	2.993800e+04
4.533500e+01	3.023500e+04
4.538600e+01	3.044300e+04
4.543500e+01	3.085500e+04
4.548600e+01	3.130100e+04
4.553600e+01	3.056100e+04
4.558600e+01	3.067200e+04
4.563600e+01	3.082200e+04
4.568600e+01	3.100600e+04
4.573600e+01	3.091200e+04
4.578600e+01	3.107500e+04
4.583600e+01	3.102700e+04
4.588600e+01	3.097500e+04
4.593700e+01	3.062000e+04
4.598700e+01	3.134600e+04
4.603600e+01	3.140600e+04
4.608700e+01	3.156400e+04
4.613700e+01	2.994900e+04
4.618700e+01	3.034300e+04
4.623700e+01	3.035100e+04
4.628700e+01	3.056200e+04
4.633800e+01	3.052600e+04
4.638800e+01	3.064900e+04
4.643800e+01	3.082900e+04
4.648800e+01	3.081100e+04
4.653800e+01	3.111500e+04
4.658700e+01	3.093700e+04
4.663800e+01	3.143200e+04
4.668800e+01	3.078900e+04
4.673800e+01	3.128800e+04
4.678800e+01	3.105300e+04
4.683900e+01	3.150000e+04
4.688900e+01	3.104400e+04
4.693900e+01	3.132600e+04
4.698900e+01	3.103900e+04
4.703900e+01	3.134200e+04
4.708900e+01	3.125700e+04
4.713800e+01	3.044400e+04
4.718900e+01	3.069300e+04
4.723900e+01	3.055300e+04
4.728900e+01	3.068800e+04
4.733900e+01	3.088300e+04
4.738900e+01	3.106800e+04
4.744000e+01	3.080900e+04
4.748900e+01	3.141100e+04
4.754000e+01	3.099800e+04
4.759000e+01	3.128800e+04
4.764100e+01	3.077500e+04
4.769000e+01	3.156400e+04
4.774000e+01	3.158300e+04
4.779100e+01	3.147900e+04
4.784100e+01	3.135300e+04
4.789000e+01	3.167200e+04
4.794000e+01	3.149100e+04
4.799100e+01	3.173500e+04
4.804100e+01	3.165600e+04
4.809100e+01	3.133900e+04
4.814000e+01	3.044500e+04
4.819100e+01	3.053900e+04
4.824100e+01	3.105100e+04
4.829100e+01	3.084800e+04
4.834200e+01	3.142100e+04
4.839200e+01	3.104800e+04
4.844100e+01	3.126600e+04
4.849100e+01	3.152500e+04
4.854200e+01	3.160400e+04
4.859200e+01	3.143900e+04
4.864200e+01	3.160500e+04
4.869200e+01	3.138400e+04
4.874200e+01	3.142800e+04
4.879200e+01	3.165900e+04
4.884200e+01	3.173300e+04
4.889300e+01	3.194900e+04
4.894200e+01	3.168400e+04
4.899200e+01	3.181500e+04
4.904200e+01	3.197400e+04
4.909200e+01	3.193500e+04
4.914300e+01	3.051200e+04
4.919200e+01	3.114600e+04
4.924300e+01	3.078900e+04
4.929300e+01	3.140900e+04
4.934300e+01	3.077600e+04
4.939300e+01	3.140000e+04
4.944400e+01	3.148500e+04
4.949300e+01	3.174200e+04
4.954400e+01	3.150500e+04
4.959400e+01	3.154600e+04
4.964300e+01	3.195400e+04
4.969400e+01	3.177600e+04
4.974400e+01	3.209100e+04
4.979400e+01	3.180600e+04
4.984400e+01	3.202700e+04
4.989400e+01	3.201700e+04
4.994500e+01	3.194500e+04
4.999400e+01	3.180100e+04
5.004400e+01	3.222500e+04
5.009400e+01	3.173000e+04
5.014400e+01	3.125500e+04
5.019500e+01	3.080500e+04
5.024500e+01	3.165700e+04
5.029500e+01	3.141700e+04
5.034500e+01	3.172900e+04
5.039500e+01	3.156400e+04
5.044500e+01	3.170800e+04
5.049500e+01	3.160800e+04
5.054600e+01	3.175400e+04
5.059600e+01	3.178500e+04
5.064600e+01	3.219800e+04
5.069600e+01	3.201700e+04
5.074600e+01	3.212100e+04
5.079600e+01	3.227300e+04
5.084600e+01	3.205500e+04
5.089600e+01	3.248900e+04
5.094600e+01	3.187100e+04
5.099600e+01	3.233000e+04
5.104600e+01	3.196400e+04
5.109700e+01	3.244600e+04
5.114700e+01	3.107300e+04
5.119700e+01	3.145500e+04
5.124700e+01	3.113400e+04
5.129700e+01	3.145900e+04
5.134700e+01	3.167900e+04
5.139700e+01	3.230100e+04
5.144800e+01	3.193600e+04
5.149700e+01	3.228200e+04
5.154700e+01	3.190100e+04
5.159800e+01	3.194100e+04
5.164800e+01	3.265100e+04
5.169800e+01	3.211700e+04
5.174800e+01	3.237400e+04
5.179700e+01	3.187900e+04
5.184800e+01	3.234900e+04
5.189800e+01	3.219300e+04
5.194800e+01	3.245600e+04
5.199800e+01	3.240800e+04
5.204800e+01	3.252900e+04
5.209800e+01	3.228200e+04
5.214800e+01	3.124200e+04
5.219800e+01	3.160500e+04
5.224900e+01	3.167000e+04
5.229900e+01	3.170700e+04
5.234900e+01	3.158700e+04
5.239900e+01	3.201200e+04
5.244900e+01	3.194000e+04
5.249900e+01	3.246500e+04
5.254900e+01	3.213600e+04
5.259900e+01	3.264600e+04
5.264900e+01	3.234700e+04
5.270000e+01	3.261200e+04
5.274900e+01	3.251500e+04
5.279900e+01	3.274700e+04
5.285000e+01	3.273000e+04
5.290000e+01	3.252500e+04
5.295000e+01	3.225500e+04
5.300000e+01	3.230600e+04
5.305000e+01	3.290800e+04
5.310000e+01	3.246800e+04
5.315000e+01	3.189000e+04
5.320000e+01	3.152300e+04
5.325000e+01	3.192600e+04
5.330100e+01	3.200900e+04
5.335100e+01	3.245800e+04
5.340100e+01	3.228300e+04
5.345100e+01	3.280600e+04
5.350100e+01	3.241900e+04
5.355100e+01	3.228200e+04
5.360100e+01	3.218900e+04
5.365200e+01	3.289300e+04
5.370100e+01	3.275600e+04
5.375100e+01	3.311900e+04
5.380200e+01	3.219500e+04
5.385100e+01	3.246000e+04
5.390200e+01	3.271000e+04
5.395200e+01	3.270300e+04
5.400200e+01	3.290300e+04
5.405200e+01	3.263900e+04
5.410200e+01	3.245500e+04
5.415200e+01	3.127700e+04
5.420200e+01	3.217300e+04
5.425300e+01	3.188200e+04
5.430300e+01	3.238700e+04
5.435200e+01	3.190100e+04
5.440300e+01	3.261600e+04
5.445300e+01	3.238900e+04
5.450300e+01	3.273600e+04
5.455300e+01	3.273600e+04
5.460300e+01	3.295400e+04
5.465300e+01	3.260300e+04
5.470300e+01	3.256700e+04
5.475400e+01	3.269400e+04
5.480300e+01	3.299000e+04
5.485400e+01	3.289300e+04
5.490400e+01	3.256300e+04
5.495400e+01	3.280900e+04
5.500400e+01	3.274000e+04
5.505400e+01	3.324900e+04
5.510400e+01	3.229000e+04
5.515400e+01	3.241700e+04
5.520400e+01	3.185400e+04
5.525500e+01	3.222400e+04
5.530400e+01	3.215600e+04
5.535600e+01	3.247600e+04
5.540500e+01	3.257800e+04
5.545500e+01	3.282100e+04
5.550500e+01	3.264100e+04
5.555500e+01	3.300400e+04
5.560500e+01	3.287000e+04
5.565500e+01	3.317800e+04
5.570500e+01	3.317000e+04
5.575500e+01	3.294700e+04
5.580500e+01	3.335400e+04
5.585500e+01	3.273800e+04
5.590600e+01	3.353800e+04
5.595500e+01	3.290000e+04
5.600500e+01	3.340900e+04
5.605600e+01	3.302700e+04
5.610600e+01	3.265500e+04
5.615600e+01	3.240400e+04
5.620600e+01	3.264800e+04
5.625600e+01	3.266900e+04
5.630700e+01	3.254600e+04
5.635600e+01	3.244300e+04
5.640700e+01	3.299700e+04
5.645700e+01	3.299900e+04
5.650600e+01	3.273700e+04
5.655600e+01	3.269200e+04
5.660700e+01	3.305500e+04
5.665700e+01	3.307400e+04
5.670700e+01	3.307500e+04
5.675700e+01	3.339300e+04
5.680800e+01	3.307800e+04
5.685800e+01	3.331100e+04
5.690700e+01	3.353800e+04
5.695800e+01	3.345700e+04
5.700700e+01	3.327900e+04
5.705700e+01	3.344600e+04
5.710700e+01	3.275900e+04
5.715800e+01	3.225000e+04
5.720800e+01	3.240500e+04
5.725800e+01	3.249700e+04
5.730800e+01	3.296500e+04
5.735800e+01	3.312300e+04
5.740800e+01	3.296000e+04
5.745800e+01	3.308300e+04
5.750800e+01	3.325500e+04
5.755900e+01	3.300100e+04
5.760900e+01	3.336500e+04
5.765900e+01	3.331000e+04
5.770900e+01	3.335600e+04
5.775900e+01	3.302500e+04
5.780900e+01	3.338200e+04
5.785900e+01	3.340000e+04
5.790900e+01	3.377300e+04
5.796000e+01	3.360600e+04
5.800900e+01	3.343400e+04
5.806000e+01	3.340000e+04
5.810900e+01	3.307100e+04
5.816000e+01	3.279200e+04
5.821000e+01	3.253300e+04
5.826000e+01	3.270000e+04
5.831000e+01	3.310500e+04
5.836000e+01	3.279000e+04
5.841000e+01	3.320900e+04
5.846100e+01	3.327800e+04
5.851000e+01	3.343900e+04
5.856100e+01	3.336500e+04
5.861100e+01	3.316400e+04
5.866100e+01	3.335700e+04
5.871000e+01	3.342400e+04
5.876100e+01	3.398900e+04
5.881100e+01	3.346800e+04
5.886100e+01	3.344100e+04
5.891100e+01	3.335000e+04
5.896100e+01	3.358200e+04
5.901100e+01	3.398600e+04
5.906100e+01	3.383000e+04
5.911200e+01	3.309600e+04
5.916200e+01	3.248500e+04
5.921200e+01	3.268700e+04
5.926200e+01	3.308200e+04
5.931100e+01	3.317800e+04
5.936200e+01	3.330900e+04
5.941200e+01	3.379400e+04
5.946300e+01	3.316800e+04
5.951200e+01	3.354000e+04
5.956200e+01	3.328400e+04
5.961300e+01	3.401900e+04
5.966300e+01	3.355500e+04
5.971300e+01	3.348000e+04
5.976200e+01	3.378200e+04
5.981200e+01	3.381100e+04
5.986300e+01	3.406500e+04
5.991300e+01	3.380700e+04
5.996300e+01	3.389700e+04
6.001300e+01	3.398000e+04
6.006300e+01	3.375900e+04
6.011300e+01	3.279900e+04
6.016400e+01	3.269400e+04
6.021300e+01	3.297000e+04
6.026400e+01	3.333700e+04
6.031300e+01	3.274600e+04
6.036400e+01	3.375200e+04
6.041400e+01	3.345000e+04
6.046400e+01	3.390400e+04
6.051400e+01	3.365900e+04
6.056400e+01	3.349200e+04
6.061400e+01	3.381600e+04
6.066400e+01	3.386900e+04
6.071400e+01	3.383900e+04
6.076500e+01	3.387600e+04
6.081400e+01	3.370400e+04
6.086500e+01	3.436400e+04
6.091500e+01	3.408000e+04
6.096500e+01	3.415200e+04
6.101500e+01	3.436500e+04
6.106500e+01	3.370800e+04
6.111500e+01	3.345300e+04
6.116500e+01	3.250500e+04
6.121500e+01	3.338100e+04
6.126500e+01	3.290500e+04
6.131600e+01	3.331700e+04
6.136600e+01	3.280900e+04
6.141500e+01	3.346200e+04
6.146600e+01	3.351400e+04
6.151600e+01	3.371900e+04
6.156600e+01	3.400400e+04
6.161600e+01	3.372400e+04
6.166600e+01	3.384200e+04
6.171600e+01	3.352400e+04
6.176600e+01	3.408600e+04
6.181600e+01	3.396000e+04
6.186600e+01	3.398000e+04
6.191600e+01	3.357600e+04
6.196600e+01	3.386900e+04
6.201700e+01	3.397900e+04
6.206700e+01	3.416700e+04
6.211700e+01	3.292800e+04
6.216700e+01	3.307600e+04
6.221700e+01	3.282900e+04
6.226700e+01	3.313700e+04
6.231700e+01	3.324600e+04
6.236800e+01	3.376000e+04
6.241700e+01	3.372900e+04
6.246800e+01	3.336000e+04
6.251800e+01	3.333400e+04
6.256800e+01	3.310100e+04
6.261800e+01	3.387700e+04
6.266800e+01	3.346400e+04
6.271800e+01	3.428300e+04
6.276800e+01	3.382900e+04
6.281800e+01	3.409400e+04
6.286800e+01	3.306000e+04
6.291900e+01	3.390500e+04
6.296800e+01	3.384700e+04
6.301900e+01	3.428400e+04
6.306900e+01	3.382400e+04
6.311900e+01	3.243100e+04
6.316900e+01	3.293300e+04
6.321900e+01	3.275600e+04
6.326900e+01	3.354600e+04
6.331900e+01	3.346500e+04
6.336900e+01	3.358000e+04
6.342000e+01	3.311900e+04
6.347000e+01	3.401000e+04
6.352000e+01	3.346900e+04
6.356900e+01	3.421700e+04
6.362000e+01	3.376600e+04
6.367000e+01	3.369200e+04
6.372000e+01	3.302100e+04
6.377000e+01	3.405500e+04
6.382000e+01	3.373200e+04
6.387100e+01	3.422200e+04
6.392000e+01	3.361000e+04
6.397100e+01	3.366200e+04
6.402100e+01	3.382700e+04
6.407100e+01	3.390700e+04
6.412100e+01	3.324900e+04
6.417100e+01	3.291600e+04
6.422100e+01	3.278600e+04
6.427100e+01	3.295700e+04
6.432100e+01	3.314500e+04
6.437100e+01	3.347800e+04
6.442200e+01	3.376500e+04
6.447200e+01	3.363300e+04
6.452100e+01	3.359700e+04
6.457200e+01	3.337600e+04
6.462100e+01	3.397900e+04
6.467200e+01	3.386000e+04
6.472200e+01	3.406200e+04
6.477200e+01	3.368600e+04
6.482200e+01	3.362400e+04
6.487200e+01	3.390800e+04
6.492200e+01	3.404100e+04
6.497300e+01	3.389800e+04
6.502200e+01	3.391400e+04
6.507300e+01	3.392100e+04
6.512300e+01	3.267600e+04
6.517300e+01	3.282700e+04
6.522200e+01	3.311700e+04
6.527400e+01	3.340900e+04
6.532300e+01	3.332500e+04
6.537300e+01	3.333200e+04
6.542300e+01	3.332800e+04
6.547300e+01	3.377700e+04
6.552300e+01	3.342600e+04
6.557300e+01	3.386500e+04
6.562300e+01	3.369500e+04
6.567400e+01	3.362200e+04
6.572300e+01	3.404800e+04
6.577400e+01	3.414100e+04
6.582400e+01	3.400500e+04
6.587400e+01	3.394400e+04
6.592400e+01	3.384000e+04
6.597400e+01	3.377900e+04
6.602400e+01	3.400900e+04
6.607400e+01	3.368400e+04
6.612400e+01	3.285700e+04
6.617500e+01	3.247300e+04
6.622500e+01	3.279300e+04
6.627500e+01	3.293400e+04
6.632500e+01	3.293200e+04
6.637500e+01	3.353000e+04
6.642500e+01	3.340900e+04
6.647600e+01	3.366500e+04
6.652600e+01	3.348600e+04
6.657500e+01	3.359100e+04
6.662500e+01	3.411800e+04
6.667500e+01	3.333600e+04
6.672600e+01	3.396100e+04
6.677600e+01	3.385700e+04
6.682500e+01	3.375200e+04
6.687600e+01	3.377900e+04
6.692600e+01	3.372200e+04
6.697600e+01	3.380200e+04
6.702600e+01	3.385700e+04
6.707700e+01	3.391200e+04
6.712700e+01	3.277600e+04
6.717600e+01	3.301300e+04
6.722600e+01	3.299500e+04
6.727700e+01	3.275400e+04
6.732700e+01	3.266000e+04
6.737700e+01	3.299800e+04
6.742700e+01	3.333400e+04
6.747700e+01	3.370100e+04
6.752700e+01	3.327800e+04
6.757700e+01	3.360300e+04
6.762700e+01	3.336600e+04
6.767700e+01	3.348800e+04
6.772700e+01	3.362800e+04
6.777700e+01	3.383500e+04
6.782800e+01	3.377200e+04
6.787800e+01	3.352800e+04
6.792800e+01	3.381800e+04
6.797800e+01	3.354000e+04
6.802800e+01	3.410100e+04
6.807900e+01	3.381200e+04
6.812800e+01	3.271400e+04
6.817800e+01	3.243800e+04
6.822800e+01	3.272000e+04
6.827900e+01	3.269800e+04
6.832800e+01	3.318900e+04
6.837900e+01	3.299900e+04
6.842900e+01	3.337900e+04
6.847900e+01	3.306100e+04
6.852900e+01	3.313400e+04
6.857900e+01	3.355600e+04
6.862900e+01	3.334900e+04
6.867900e+01	3.369900e+04
6.872900e+01	3.347500e+04
6.878000e+01	3.377900e+04
6.883000e+01	3.350600e+04
6.887900e+01	3.377300e+04
6.893000e+01	3.377900e+04
6.898100e+01	3.381500e+04
6.903000e+01	3.353200e+04
6.908000e+01	3.388700e+04
6.913000e+01	3.244500e+04
6.918000e+01	3.288200e+04
6.923000e+01	3.267400e+04
6.928100e+01	3.268300e+04
6.933100e+01	3.287100e+04
6.938100e+01	3.295100e+04
6.943100e+01	3.335400e+04
6.948100e+01	3.324900e+04
6.953100e+01	3.351300e+04
6.958100e+01	3.310000e+04
6.963100e+01	3.331100e+04
6.968100e+01	3.275700e+04
6.973100e+01	3.354300e+04
6.978100e+01	3.349000e+04
6.983100e+01	3.356100e+04
6.988100e+01	3.323000e+04
6.993100e+01	3.350400e+04
6.998200e+01	3.352100e+04
7.003100e+01	3.369900e+04
7.008200e+01	3.406100e+04
7.013200e+01	3.237300e+04
7.018200e+01	3.250500e+04
7.023200e+01	3.250500e+04
7.028300e+01	3.272700e+04
7.033200e+01	3.276800e+04
7.038200e+01	3.340000e+04
7.043300e+01	3.291300e+04
7.048300e+01	3.317400e+04
7.053300e+01	3.292500e+04
7.058300e+01	3.366000e+04
7.063300e+01	3.335800e+04
7.068200e+01	3.367400e+04
7.073300e+01	3.327500e+04
7.078400e+01	3.330300e+04
7.083300e+01	3.340800e+04
7.088400e+01	3.322500e+04
7.093300e+01	3.327300e+04
7.098500e+01	3.369100e+04
7.103300e+01	3.367600e+04
7.108400e+01	3.355300e+04
7.113400e+01	3.249600e+04
7.118400e+01	3.252100e+04
7.123400e+01	3.311200e+04
7.128400e+01	3.256900e+04
7.133400e+01	3.289200e+04
7.138400e+01	3.276200e+04
7.143500e+01	3.333000e+04
7.148500e+01	3.280600e+04
7.153400e+01	3.297700e+04
7.158500e+01	3.307000e+04
7.163500e+01	3.319800e+04
7.168500e+01	3.322100e+04
7.173500e+01	3.355300e+04
7.178500e+01	3.362100e+04
7.183500e+01	3.352200e+04
7.188500e+01	3.347200e+04
7.193600e+01	3.340900e+04
7.198500e+01	3.351700e+04
7.203500e+01	3.351600e+04
7.208600e+01	3.350600e+04
7.213500e+01	3.169300e+04
7.218600e+01	3.229400e+04
7.223500e+01	3.239600e+04
7.228600e+01	3.273700e+04
7.233600e+01	3.280100e+04
7.238600e+01	3.315200e+04
7.243700e+01	3.281400e+04
7.248600e+01	3.316300e+04
7.253600e+01	3.300200e+04
7.258600e+01	3.308600e+04
7.263700e+01	3.308700e+04
7.268600e+01	3.327500e+04
7.273700e+01	3.343800e+04
7.278700e+01	3.318500e+04
7.283700e+01	3.343300e+04
7.288700e+01	3.313900e+04
7.293700e+01	3.371300e+04
7.298700e+01	3.330300e+04
7.303800e+01	3.365300e+04
7.308800e+01	3.345600e+04
7.313800e+01	3.202500e+04
7.318700e+01	3.228300e+04
7.323800e+01	3.239900e+04
7.328800e+01	3.203700e+04
7.333800e+01	3.261000e+04
7.338800e+01	3.259000e+04
7.343800e+01	3.311500e+04
7.348900e+01	3.290400e+04
7.353800e+01	3.295400e+04
7.358800e+01	3.304800e+04
7.363800e+01	3.328700e+04
7.368900e+01	3.332400e+04
7.373900e+01	3.326200e+04
7.378900e+01	3.319500e+04
7.383900e+01	3.282200e+04
7.388900e+01	3.314800e+04
7.393900e+01	3.291800e+04
7.398900e+01	3.354100e+04
7.404000e+01	3.296300e+04
7.409000e+01	3.334300e+04
7.414000e+01	3.168200e+04
7.419000e+01	3.239000e+04
7.424000e+01	3.225100e+04
7.429000e+01	3.261600e+04
7.434000e+01	3.246500e+04
7.439000e+01	3.312600e+04
7.444000e+01	3.282400e+04
7.449000e+01	3.277700e+04
7.454000e+01	3.271300e+04
7.459100e+01	3.303400e+04
7.464100e+01	3.303800e+04
7.469100e+01	3.291700e+04
7.474100e+01	3.310100e+04
7.479100e+01	3.341900e+04
7.484100e+01	3.359900e+04
7.489100e+01	3.324000e+04
7.494100e+01	3.348500e+04
7.499100e+01	3.282700e+04
7.504100e+01	3.355500e+04
7.509200e+01	3.259100e+04
7.514200e+01	3.194300e+04
7.519200e+01	3.193700e+04
7.524200e+01	3.200500e+04
7.529200e+01	3.192800e+04
7.534200e+01	3.238500e+04
7.539200e+01	3.279000e+04
7.544200e+01	3.273600e+04
7.549200e+01	3.269800e+04
7.554200e+01	3.243900e+04
7.559200e+01	3.282300e+04
7.564200e+01	3.300600e+04
7.569200e+01	3.286000e+04
7.574200e+01	3.262200e+04
7.579300e+01	3.292300e+04
7.584200e+01	3.227200e+04
7.589300e+01	3.336700e+04
7.594300e+01	3.257000e+04
7.599300e+01	3.329800e+04
7.604300e+01	3.275100e+04
7.609300e+01	3.282800e+04
7.614400e+01	3.171500e+04
7.619300e+01	3.174700e+04
7.624300e+01	3.255600e+04
7.629400e+01	3.197700e+04
7.634300e+01	3.261300e+04
7.639300e+01	3.240800e+04
7.644300e+01	3.270900e+04
7.649400e+01	3.218000e+04
7.654400e+01	3.294600e+04
7.659400e+01	3.244900e+04
7.664400e+01	3.276600e+04
7.669400e+01	3.247200e+04
7.674400e+01	3.303900e+04
7.679400e+01	3.286900e+04
7.684400e+01	3.292200e+04
7.689400e+01	3.252700e+04
7.694500e+01	3.257800e+04
7.699500e+01	3.271300e+04
7.704500e+01	3.320700e+04
7.709500e+01	3.298700e+04
7.714500e+01	3.163400e+04
7.719500e+01	3.204300e+04
7.724500e+01	3.149300e+04
7.729600e+01	3.214600e+04
7.734600e+01	3.210000e+04
7.739600e+01	3.281100e+04
7.744500e+01	3.225400e+04
7.749600e+01	3.216000e+04
7.754500e+01	3.223700e+04
7.759600e+01	3.277800e+04
7.764600e+01	3.274600e+04
7.769700e+01	3.280800e+04
7.774700e+01	3.262500e+04
7.779600e+01	3.278200e+04
7.784700e+01	3.254600e+04
7.789700e+01	3.266800e+04
7.794700e+01	3.303400e+04
7.799600e+01	3.272100e+04
7.804700e+01	3.306500e+04
7.809700e+01	3.194200e+04
7.814700e+01	3.177800e+04
7.819800e+01	3.131000e+04
7.824700e+01	3.217400e+04
7.829700e+01	3.168900e+04
7.834700e+01	3.225600e+04
7.839700e+01	3.202100e+04
7.844800e+01	3.222100e+04
7.849700e+01	3.218700e+04
7.854700e+01	3.242500e+04
7.859800e+01	3.237700e+04
7.864800e+01	3.260300e+04
7.869800e+01	3.189900e+04
7.874800e+01	3.256600e+04
7.879800e+01	3.278500e+04
7.884800e+01	3.267600e+04
7.889900e+01	3.285300e+04
7.894900e+01	3.227700e+04
7.899900e+01	3.309500e+04
7.904800e+01	3.243100e+04
7.909900e+01	3.262800e+04
7.914900e+01	3.152800e+04
7.919900e+01	3.137800e+04
7.924900e+01	3.153900e+04
7.929900e+01	3.170500e+04
7.934900e+01	3.163500e+04
7.939900e+01	3.236100e+04
7.945000e+01	3.170700e+04
7.950000e+01	3.252300e+04
7.955000e+01	3.198100e+04
7.960000e+01	3.211000e+04
7.965000e+01	3.276700e+04
7.970000e+01	3.215700e+04
7.975000e+01	3.262300e+04
7.980000e+01	3.209800e+04
7.985000e+01	3.269300e+04
7.990000e+01	3.225200e+04
7.995000e+01	3.266800e+04
8.000000e+01	3.241400e+04
8.005000e+01	3.234800e+04
8.010100e+01	3.202000e+04
8.015100e+01	3.152100e+04
8.020100e+01	3.124200e+04
8.025100e+01	3.179700e+04
8.030100e+01	3.145300e+04
8.035100e+01	3.177700e+04
8.040200e+01	3.142900e+04
8.045100e+01	3.177000e+04
8.050200e+01	3.191700e+04
8.055200e+01	3.167500e+04
8.060200e+01	3.231800e+04
8.065200e+01	3.142500e+04
8.070200e+01	3.219700e+04
8.075200e+01	3.227200e+04
8.080200e+01	3.215100e+04
8.085200e+01	3.247900e+04
8.090200e+01	3.205900e+04
8.095200e+01	3.217000e+04
8.100200e+01	3.214200e+04
8.105200e+01	3.178000e+04
8.110200e+01	3.161300e+04
8.115300e+01	3.078200e+04
8.120200e+01	3.141100e+04
8.125300e+01	3.065300e+04
8.130200e+01	3.164700e+04
8.135300e+01	3.136300e+04
8.140300e+01	3.149100e+04
8.145300e+01	3.145400e+04
8.150400e+01	3.155100e+04
8.155300e+01	3.225800e+04
8.160400e+01	3.162400e+04
8.165300e+01	3.152000e+04
8.170300e+01	3.138400e+04
8.175400e+01	3.195400e+04
8.180300e+01	3.203900e+04
8.185400e+01	3.200700e+04
8.190400e+01	3.194000e+04
8.195400e+01	3.226700e+04
8.200400e+01	3.173400e+04
8.205400e+01	3.230500e+04
8.210500e+01	3.128000e+04
8.215500e+01	3.109900e+04
8.220500e+01	3.094100e+04
8.225500e+01	3.064500e+04
8.230500e+01	3.093500e+04
8.235500e+01	3.089400e+04
8.240500e+01	3.151900e+04
8.245500e+01	3.160400e+04
8.250500e+01	3.136400e+04
8.255500e+01	3.139400e+04
8.260500e+01	3.170800e+04
8.265600e+01	3.162500e+04
8.270500e+01	3.183500e+04
8.275500e+01	3.142500e+04
8.280500e+01	3.179700e+04
8.285600e+01	3.158500e+04
8.290600e+01	3.174500e+04
8.295600e+01	3.160400e+04
8.300600e+01	3.194600e+04
8.305600e+01	3.184500e+04
8.310600e+01	3.126300e+04
8.315700e+01	3.067500e+04
8.320700e+01	3.077000e+04
8.325700e+01	3.113700e+04
8.330600e+01	3.104700e+04
8.335700e+01	3.132100e+04
8.340700e+01	3.099900e+04
8.345700e+01	3.120300e+04
8.350700e+01	3.100900e+04
8.355800e+01	3.133300e+04
8.360700e+01	3.151100e+04
8.365700e+01	3.153100e+04
8.370700e+01	3.126400e+04
8.375700e+01	3.167500e+04
8.380800e+01	3.122200e+04
8.385700e+01	3.185000e+04
8.390800e+01	3.157700e+04
8.395700e+01	3.132800e+04
8.400800e+01	3.193600e+04
8.405800e+01	3.127600e+04
8.410900e+01	3.113500e+04
8.415900e+01	3.042900e+04
8.420800e+01	3.063400e+04
8.425900e+01	3.047700e+04
8.430900e+01	3.089700e+04
8.435900e+01	3.089400e+04
8.440900e+01	3.140400e+04
8.445900e+01	3.108400e+04
8.450900e+01	3.130400e+04
8.456000e+01	3.125000e+04
8.460900e+01	3.154400e+04
8.465900e+01	3.122500e+04
8.470900e+01	3.134300e+04
8.476000e+01	3.166100e+04
8.481000e+01	3.152900e+04
8.486000e+01	3.134000e+04
8.491000e+01	3.125000e+04
8.495900e+01	3.151700e+04
8.501000e+01	3.158800e+04
8.506000e+01	3.163800e+04
8.511000e+01	3.069100e+04
8.516000e+01	3.021800e+04
8.521000e+01	3.013200e+04
8.526000e+01	3.052000e+04
8.531100e+01	3.019300e+04
8.536100e+01	3.074200e+04
8.541100e+01	3.087100e+04
8.546100e+01	3.087300e+04
8.551100e+01	3.107100e+04
8.556100e+01	3.106400e+04
8.561100e+01	3.102800e+04
8.566100e+01	3.122500e+04
8.571100e+01	3.096300e+04
8.576100e+01	3.122600e+04
8.581200e+01	3.101100e+04
8.586100e+01	3.132100e+04
8.591200e+01	3.132600e+04
8.596100e+01	3.096900e+04
8.601100e+01	3.152700e+04
8.606100e+01	3.083600e+04
8.611200e+01	3.132700e+04
8.616200e+01	2.981600e+04
8.621200e+01	3.046200e+04
8.626200e+01	3.012400e+04
8.631200e+01	3.064000e+04
8.636300e+01	3.075000e+04
8.641200e+01	3.067600e+04
8.646200e+01	3.082100e+04
8.651300e+01	3.052000e+04
8.656200e+01	3.087600e+04
8.661200e+01	3.092200e+04
8.666200e+01	3.128200e+04
8.671300e+01	3.106400e+04
8.676300e+01	3.112300e+04
8.681300e+01	3.075400e+04
8.686300e+01	3.123800e+04
8.691300e+01	3.099100e+04
8.696300e+01	3.125200e+04
8.701400e+01	3.081800e+04
8.706400e+01	3.126200e+04
8.711400e+01	3.038300e+04
8.716400e+01	2.982900e+04
8.721400e+01	3.002700e+04
8.726400e+01	3.013800e+04
8.731400e+01	3.057100e+04
8.736400e+01	3.040700e+04
8.741500e+01	3.048800e+04
8.746400e+01	3.043200e+04
8.751400e+01	3.068700e+04
8.756400e+01	3.068400e+04
8.761500e+01	3.079900e+04
8.766400e+01	3.029600e+04
8.771500e+01	3.063200e+04
8.776500e+01	3.064000e+04
8.781500e+01	3.111900e+04
8.786500e+01	3.078500e+04
8.791600e+01	3.105300e+04
8.796600e+01	3.078600e+04
8.801600e+01	3.077500e+04
8.806500e+01	3.085300e+04
8.811500e+01	3.051600e+04
8.816600e+01	2.987700e+04
8.821600e+01	2.996500e+04
8.826600e+01	2.979200e+04
8.831700e+01	3.018000e+04
8.836600e+01	3.056400e+04
8.841600e+01	3.033300e+04
8.846700e+01	3.057500e+04
8.851600e+01	3.027900e+04
8.856600e+01	3.084700e+04
8.861600e+01	3.029400e+04
8.866700e+01	3.107100e+04
8.871700e+01	3.031400e+04
8.876600e+01	3.090500e+04
8.881700e+01	3.054300e+04
8.886700e+01	3.053700e+04
8.891700e+01	3.049800e+04
8.896800e+01	3.092700e+04
8.901800e+01	3.086800e+04
8.906700e+01	3.085200e+04
8.911800e+01	2.981800e+04
8.916700e+01	2.986200e+04
8.921800e+01	2.984200e+04
8.926800e+01	2.995900e+04
8.931800e+01	3.005800e+04
8.936800e+01	2.995400e+04
8.941800e+01	3.039700e+04
8.946800e+01	2.979000e+04
8.951900e+01	3.058200e+04
8.956800e+01	3.013700e+04
8.961800e+01	3.069700e+04
8.966900e+01	3.016000e+04
8.971900e+01	3.056300e+04
8.976900e+01	3.045300e+04
8.981900e+01	3.074800e+04
8.986900e+01	3.070000e+04
8.992000e+01	3.034700e+04
8.996900e+01	3.028100e+04
9.001900e+01	3.059800e+04
9.006900e+01	3.061300e+04
9.011900e+01	3.002800e+04
9.016900e+01	2.942000e+04
9.022000e+01	2.922900e+04
9.027000e+01	2.978900e+04
9.031900e+01	2.979100e+04
9.037000e+01	3.007200e+04
9.042000e+01	2.989800e+04
9.047000e+01	3.004600e+04
9.052000e+01	3.000600e+04
9.057000e+01	3.034100e+04
9.062000e+01	3.037500e+04
9.067000e+01	3.033100e+04
9.072100e+01	3.046000e+04
9.077000e+01	3.031600e+04
9.082000e+01	3.019600e+04
9.087100e+01	3.062300e+04
9.092100e+01	3.049600e+04
9.097100e+01	3.067000e+04
9.102100e+01	3.039700e+04
9.107100e+01	3.052800e+04
9.112200e+01	3.012800e+04
9.117100e+01	2.961600e+04
9.122200e+01	2.958200e+04
9.127200e+01	2.946300e+04
9.132200e+01	3.004100e+04
9.137200e+01	2.962700e+04
9.142200e+01	3.031200e+04
9.147100e+01	2.973000e+04
9.152200e+01	3.051300e+04
9.157200e+01	3.021900e+04
9.162200e+01	2.983200e+04
9.167300e+01	3.064100e+04
9.172200e+01	3.046100e+04
9.177300e+01	3.092600e+04
9.182200e+01	3.034600e+04
9.187200e+01	3.042300e+04
9.192200e+01	3.066500e+04
9.197300e+01	3.040700e+04
9.202300e+01	3.075000e+04
9.207300e+01	3.074800e+04
9.212300e+01	2.997900e+04
9.217300e+01	2.979800e+04
9.222300e+01	2.936600e+04
9.227400e+01	3.013000e+04
9.232400e+01	2.997200e+04
9.237400e+01	3.011400e+04
9.242400e+01	2.966700e+04
9.247400e+01	2.977900e+04
9.252400e+01	2.997200e+04
9.257400e+01	3.042500e+04
9.262400e+01	3.030300e+04
9.267400e+01	3.015500e+04
9.272500e+01	3.035700e+04
9.277400e+01	2.996000e+04
9.282500e+01	3.075500e+04
9.287400e+01	3.031800e+04
9.292500e+01	3.067800e+04
9.297500e+01	3.034000e+04
9.302500e+01	3.053700e+04
9.307500e+01	3.008700e+04
9.312500e+01	3.019700e+04
9.317500e+01	2.929600e+04
9.322500e+01	2.987800e+04
9.327600e+01	2.939800e+04
9.332600e+01	2.979900e+04
9.337600e+01	2.987100e+04
9.342500e+01	3.003700e+04
9.347600e+01	3.039300e+04
9.352600e+01	3.009100e+04
9.357600e+01	3.021600e+04
9.362500e+01	2.982600e+04
9.367700e+01	3.019900e+04
9.372700e+01	3.023800e+04
9.377600e+01	3.046600e+04
9.382600e+01	3.035400e+04
9.387700e+01	3.024000e+04
9.392700e+01	3.025700e+04
9.397700e+01	3.044700e+04
9.402700e+01	3.027700e+04
9.407700e+01	3.071600e+04
9.412700e+01	2.958400e+04
9.417700e+01	2.961800e+04
9.422700e+01	2.907800e+04
9.427700e+01	2.946900e+04
9.432700e+01	3.032900e+04
9.437800e+01	2.952800e+04
9.442700e+01	3.036900e+04
9.447800e+01	2.977800e+04
9.452800e+01	3.009100e+04
9.457700e+01	2.996300e+04
9.462800e+01	3.016600e+04
9.467800e+01	3.040900e+04
9.472800e+01	3.030000e+04
9.477800e+01	3.062100e+04
9.482800e+01	3.022200e+04
9.487900e+01	3.002700e+04
9.492800e+01	3.040300e+04
9.497800e+01	3.010400e+04
9.502900e+01	3.037700e+04
9.507800e+01	3.064500e+04
9.512900e+01	2.978000e+04
9.517900e+01	2.969400e+04
9.522900e+01	2.911600e+04
9.527900e+01	2.956700e+04
9.532900e+01	2.949800e+04
9.537900e+01	2.973800e+04
9.543000e+01	2.991100e+04
9.547900e+01	2.978500e+04
9.552900e+01	2.976500e+04
9.558000e+01	2.998600e+04
9.563000e+01	2.982700e+04
9.568000e+01	3.039100e+04
9.573000e+01	3.021600e+04
9.578000e+01	3.038500e+04
9.583000e+01	2.996700e+04
9.588100e+01	3.003800e+04
9.593000e+01	3.035800e+04
9.598100e+01	3.027500e+04
9.603100e+01	3.021300e+04
9.608100e+01	2.996400e+04
9.613100e+01	2.934300e+04
9.618000e+01	2.923000e+04
9.623200e+01	2.942700e+04
9.628100e+01	2.980400e+04
9.633100e+01	2.972500e+04
9.638100e+01	2.977800e+04
9.643100e+01	2.996700e+04
9.648200e+01	2.971300e+04
9.653100e+01	3.033900e+04
9.658200e+01	3.001700e+04
9.663200e+01	2.996500e+04
9.668200e+01	2.958700e+04
9.673200e+01	3.005200e+04
9.678200e+01	3.028600e+04
9.683100e+01	3.054700e+04
9.688200e+01	3.036400e+04
9.693200e+01	3.029500e+04
9.698200e+01	3.012100e+04
9.703300e+01	3.027500e+04
9.708300e+01	3.030500e+04
9.713200e+01	2.977600e+04
9.718200e+01	2.945300e+04
9.723300e+01	2.912200e+04
9.728300e+01	2.967600e+04
9.733300e+01	2.955200e+04
9.738300e+01	3.051700e+04
9.743300e+01	3.004800e+04
9.748300e+01	3.035200e+04
9.753400e+01	2.980900e+04
9.758300e+01	3.010500e+04
9.763300e+01	3.038600e+04
9.768300e+01	3.036000e+04
9.773300e+01	3.020700e+04
9.778300e+01	3.012200e+04
9.783300e+01	3.012600e+04
9.788400e+01	3.036900e+04
9.793400e+01	3.036800e+04
9.798400e+01	3.046500e+04
9.803400e+01	3.053300e+04
9.808400e+01	2.994900e+04
9.813500e+01	2.997200e+04
9.818500e+01	2.892900e+04
9.823500e+01	2.976600e+04
9.828400e+01	2.974300e+04
9.833500e+01	2.989400e+04
9.838500e+01	2.966000e+04
9.843500e+01	2.956100e+04
9.848500e+01	2.988900e+04
9.853500e+01	2.990200e+04
9.858500e+01	3.009700e+04
9.863500e+01	3.004700e+04
9.868500e+01	2.993900e+04
9.873600e+01	3.010600e+04
9.878500e+01	3.010900e+04
9.883600e+01	3.024200e+04
9.888500e+01	3.026500e+04
9.893600e+01	3.021400e+04
9.898600e+01	3.038200e+04
9.903600e+01	2.992000e+04
9.908600e+01	3.088800e+04
9.913600e+01	2.950200e+04
9.918600e+01	2.921400e+04
9.923700e+01	2.916200e+04
9.928700e+01	2.961700e+04
9.933700e+01	2.964900e+04
9.938700e+01	2.988500e+04
9.943700e+01	2.976300e+04
9.948700e+01	2.987500e+04
9.953700e+01	3.003000e+04
9.958700e+01	2.998300e+04
9.963700e+01	2.993300e+04
9.968700e+01	2.970000e+04
9.973700e+01	3.029100e+04
9.978700e+01	2.997800e+04
9.983700e+01	3.018300e+04
9.988800e+01	3.002100e+04
9.993700e+01	3.050300e+04
9.998800e+01	3.006900e+04
1.000380e+02	3.033500e+04
1.000880e+02	2.991000e+04
1.001380e+02	2.979900e+04
1.001880e+02	2.919900e+04
1.002390e+02	2.980200e+04
1.002880e+02	2.943200e+04
1.003380e+02	2.962100e+04
1.003890e+02	2.966100e+04
1.004390e+02	3.002200e+04
1.004890e+02	3.006500e+04
1.005390e+02	2.995500e+04
1.005890e+02	3.017400e+04
1.006390e+02	3.017500e+04
1.006890e+02	3.025800e+04
1.007390e+02	3.023000e+04
1.007890e+02	3.023700e+04
1.008390e+02	3.011200e+04
1.008890e+02	3.037400e+04
1.009390e+02	3.024900e+04
1.009900e+02	3.064000e+04
1.010400e+02	3.017500e+04
1.010900e+02	3.077800e+04
1.011390e+02	2.925800e+04
1.011900e+02	2.955300e+04
1.012410e+02	2.944700e+04
1.012900e+02	2.982000e+04
1.013400e+02	2.986000e+04
1.013900e+02	2.977600e+04
1.014400e+02	2.993600e+04
1.014900e+02	2.975900e+04
1.015400e+02	3.020900e+04
1.015910e+02	3.022200e+04
1.016410e+02	3.036300e+04
1.016910e+02	3.031300e+04
1.017420e+02	3.035300e+04
1.017910e+02	3.026500e+04
1.018420e+02	3.052900e+04
1.018920e+02	3.033200e+04
1.019410e+02	3.057300e+04
1.019910e+02	3.024700e+04
1.020420e+02	3.014200e+04
1.020920e+02	3.035500e+04
1.021420e+02	2.997900e+04
1.021920e+02	2.990600e+04
1.022420e+02	2.948900e+04
1.022920e+02	2.979000e+04
1.023420e+02	2.968000e+04
1.023920e+02	2.986100e+04
1.024420e+02	3.009100e+04
1.024920e+02	3.031100e+04
1.025430e+02	3.007300e+04
1.025920e+02	3.036100e+04
1.026420e+02	3.016300e+04
1.026930e+02	3.033500e+04
1.027430e+02	3.052700e+04
1.027930e+02	3.086400e+04
1.028430e+02	3.014800e+04
1.028930e+02	3.024400e+04
1.029440e+02	3.057000e+04
1.029940e+02	3.033100e+04
1.030430e+02	3.089400e+04
1.030930e+02	3.010200e+04
1.031440e+02	2.979400e+04
1.031940e+02	2.925700e+04
1.032450e+02	2.945700e+04
1.032940e+02	2.959900e+04
1.033440e+02	2.987000e+04
1.033950e+02	2.988000e+04
1.034450e+02	3.001900e+04
1.034940e+02	2.998400e+04
1.035440e+02	3.025800e+04
1.035950e+02	3.024200e+04
1.036450e+02	3.035500e+04
1.036950e+02	3.030800e+04
1.037440e+02	3.009900e+04
1.037950e+02	3.054000e+04
1.038450e+02	3.017200e+04
1.038950e+02	3.049700e+04
1.039450e+02	3.023200e+04
1.039950e+02	3.041800e+04
1.040450e+02	3.043500e+04
1.040950e+02	3.047100e+04
1.041450e+02	2.968300e+04
1.041960e+02	2.968800e+04
1.042460e+02	2.939700e+04
1.042960e+02	3.001300e+04
1.043470e+02	2.960300e+04
1.043960e+02	2.990700e+04
1.044460e+02	2.982300e+04
1.044960e+02	3.006200e+04
1.045470e+02	3.002700e+04
1.045960e+02	3.010100e+04
1.046470e+02	3.032400e+04
1.046960e+02	3.042100e+04
1.047470e+02	3.040700e+04
1.047970e+02	3.028300e+04
1.048470e+02	3.037000e+04
1.048970e+02	3.022900e+04
1.049470e+02	3.059200e+04
1.049970e+02	3.031800e+04
1.050470e+02	3.046000e+04
1.050980e+02	3.028400e+04
1.051480e+02	2.959600e+04
1.051980e+02	2.912100e+04
1.052480e+02	2.991900e+04
1.052980e+02	2.956000e+04
1.053480e+02	2.990800e+04
1.053980e+02	2.981500e+04
1.054490e+02	3.012400e+04
1.054990e+02	3.013100e+04
1.055490e+02	3.017300e+04
1.055980e+02	3.011400e+04
1.056480e+02	2.996200e+04
1.056980e+02	3.023300e+04
1.057480e+02	3.014000e+04
1.057990e+02	3.055300e+04
1.058490e+02	3.024400e+04
1.058990e+02	3.054700e+04
1.059490e+02	3.032200e+04
1.059990e+02	3.058400e+04
1.060500e+02	3.014800e+04
1.060990e+02	3.115000e+04
1.061490e+02	2.946000e+04
1.061990e+02	2.966500e+04
1.062490e+02	2.904200e+04
1.063000e+02	2.977300e+04
1.063500e+02	3.016000e+04
1.063990e+02	2.999900e+04
1.064490e+02	2.996400e+04
1.065000e+02	2.996700e+04
1.065500e+02	3.033000e+04
1.066000e+02	3.013800e+04
1.066500e+02	3.023700e+04
1.067000e+02	3.011800e+04
1.067500e+02	3.082600e+04
1.068000e+02	2.992100e+04
1.068500e+02	3.023400e+04
1.069010e+02	3.012300e+04
1.069510e+02	3.069800e+04
1.070010e+02	3.035800e+04
1.070510e+02	3.057400e+04
1.071020e+02	3.052100e+04
1.071510e+02	2.939300e+04
1.072010e+02	2.961900e+04
1.072510e+02	3.012400e+04
1.073010e+02	2.985300e+04
1.073520e+02	2.991800e+04
1.074020e+02	3.025700e+04
1.074520e+02	2.978800e+04
1.075010e+02	3.036900e+04
1.075520e+02	2.984700e+04
1.076020e+02	3.052600e+04
1.076520e+02	2.989200e+04
1.077020e+02	3.053300e+04
1.077530e+02	3.011700e+04
1.078030e+02	3.072300e+04
1.078530e+02	3.046400e+04
1.079020e+02	3.054900e+04
1.079520e+02	3.041100e+04
1.080030e+02	3.011100e+04
1.080530e+02	3.030100e+04
1.081030e+02	3.055200e+04
1.081540e+02	2.955200e+04
1.082030e+02	2.955900e+04
1.082530e+02	2.983700e+04
1.083030e+02	2.980400e+04
1.083540e+02	3.003100e+04
1.084040e+02	2.987400e+04
1.084530e+02	3.047900e+04
1.085030e+02	2.995900e+04
1.085540e+02	3.063600e+04
1.086040e+02	3.009600e+04
1.086540e+02	3.055200e+04
1.087040e+02	3.040500e+04
1.087540e+02	3.007100e+04
1.088040e+02	3.049500e+04
1.088540e+02	3.038200e+04
1.089040e+02	3.041400e+04
1.089550e+02	3.060100e+04
1.090050e+02	3.067500e+04
1.090550e+02	3.055100e+04
1.091050e+02	3.042700e+04
1.091550e+02	2.946800e+04
1.092050e+02	2.972200e+04
1.092550e+02	2.937700e+04
1.093050e+02	3.036500e+04
1.093560e+02	2.974100e+04
1.094050e+02	3.010700e+04
1.094560e+02	3.012400e+04
1.095050e+02	3.036500e+04
1.095560e+02	3.049500e+04
1.096060e+02	3.018700e+04
1.096560e+02	3.005600e+04
1.097060e+02	3.060200e+04
1.097560e+02	3.051200e+04
1.098060e+02	3.072000e+04
1.098570e+02	3.028000e+04
1.099060e+02	3.046100e+04
1.099560e+02	3.045800e+04
1.100060e+02	3.029000e+04
1.100560e+02	3.075900e+04
1.101070e+02	3.043300e+04
1.101570e+02	2.968600e+04
1.102070e+02	2.942700e+04
1.102570e+02	2.966900e+04
1.103070e+02	3.001000e+04
1.103570e+02	3.029100e+04
1.104070e+02	3.006200e+04
1.104570e+02	3.008600e+04
1.105070e+02	3.005000e+04
1.105570e+02	3.035700e+04
1.106080e+02	3.054000e+04
1.106580e+02	3.060900e+04
1.107080e+02	3.063600e+04
1.107580e+02	3.061900e+04
1.108080e+02	3.059900e+04
1.108590e+02	3.028800e+04
1.109080e+02	3.091200e+04
1.109590e+02	3.050600e+04
1.110090e+02	3.052700e+04
1.110590e+02	3.028600e+04
1.111090e+02	3.039200e+04
1.111590e+02	2.977500e+04
1.112090e+02	3.012900e+04
1.112590e+02	2.981600e+04
1.113090e+02	2.989500e+04
1.113590e+02	2.980200e+04
1.114090e+02	3.019300e+04
1.114600e+02	3.010300e+04
1.115100e+02	3.050300e+04
1.115590e+02	3.031900e+04
1.116100e+02	3.001200e+04
1.116590e+02	2.997000e+04
1.117100e+02	3.060000e+04
1.117600e+02	3.047000e+04
1.118100e+02	3.064400e+04
1.118600e+02	3.047200e+04
1.119100e+02	3.038200e+04
1.119610e+02	3.043400e+04
1.120100e+02	3.056600e+04
1.120610e+02	3.053100e+04
1.121100e+02	3.028200e+04
1.121610e+02	2.961600e+04
1.122110e+02	2.922700e+04
1.122610e+02	2.962500e+04
1.123110e+02	2.997100e+04
1.123610e+02	3.023700e+04
1.124110e+02	2.976100e+04
1.124620e+02	3.009600e+04
1.125110e+02	3.005200e+04
1.125620e+02	3.020800e+04
1.126110e+02	3.041300e+04
1.126620e+02	3.014300e+04
1.127120e+02	3.066300e+04
1.127620e+02	3.015500e+04
1.128120e+02	3.016900e+04
1.128620e+02	3.027700e+04
1.129120e+02	3.068400e+04
1.129620e+02	3.030500e+04
1.130120e+02	3.053300e+04
1.130630e+02	3.023100e+04
1.131120e+02	3.036100e+04
1.131620e+02	2.957500e+04
1.132130e+02	2.969000e+04
1.132630e+02	2.964400e+04
1.133130e+02	2.961600e+04
1.133630e+02	3.006600e+04
1.134130e+02	2.970500e+04
1.134640e+02	3.014900e+04
1.135130e+02	3.041200e+04
1.135640e+02	3.001800e+04
1.136140e+02	3.018000e+04
1.136630e+02	3.047800e+04
1.137140e+02	3.023500e+04
1.137640e+02	3.094100e+04
1.138140e+02	2.991700e+04
1.138640e+02	3.081600e+04
1.139140e+02	3.001600e+04
1.139640e+02	3.053900e+04
1.140140e+02	3.028000e+04
1.140640e+02	3.019200e+04
1.141150e+02	2.999400e+04
1.141660e+02	2.952200e+04
1.142150e+02	2.940500e+04
1.142650e+02	3.000400e+04
1.143150e+02	2.966500e+04
1.143650e+02	3.005300e+04
1.144150e+02	3.013600e+04
1.144650e+02	2.989600e+04
1.145150e+02	3.064200e+04
1.145650e+02	3.008000e+04
1.146160e+02	3.053700e+04
1.146650e+02	2.985700e+04
1.147160e+02	3.032000e+04
1.147650e+02	3.013600e+04
1.148150e+02	3.066000e+04
1.148660e+02	3.058100e+04
1.149160e+02	3.051100e+04
1.149660e+02	3.045900e+04
1.150160e+02	3.036200e+04
1.150660e+02	3.066200e+04
1.151160e+02	3.018800e+04
1.151660e+02	2.958900e+04
1.152160e+02	2.945800e+04
1.152660e+02	2.941700e+04
1.153160e+02	2.981200e+04
1.153670e+02	3.009200e+04
1.154160e+02	3.033900e+04
1.154670e+02	3.054200e+04
1.155170e+02	2.975600e+04
1.155670e+02	3.060700e+04
1.156170e+02	2.995100e+04
1.156670e+02	3.080000e+04
1.157170e+02	3.041600e+04
1.157670e+02	3.075700e+04
1.158170e+02	3.051900e+04
1.158680e+02	3.065100e+04
1.159180e+02	3.074600e+04
1.159670e+02	3.077800e+04
1.160170e+02	3.093100e+04
1.160680e+02	3.076900e+04
1.161180e+02	3.018000e+04
1.161680e+02	2.951500e+04
1.162180e+02	3.004200e+04
1.162680e+02	2.985500e+04
1.163180e+02	3.071000e+04
1.163680e+02	2.971000e+04
1.164190e+02	3.000900e+04
1.164690e+02	3.000400e+04
1.165180e+02	3.054400e+04
1.165690e+02	3.072300e+04
1.166190e+02	3.056600e+04
1.166690e+02	3.067400e+04
1.167190e+02	3.046000e+04
1.167690e+02	3.083300e+04
1.168200e+02	3.060300e+04
1.168690e+02	3.106100e+04
1.169190e+02	3.067900e+04
1.169700e+02	3.102500e+04
1.170200e+02	3.026200e+04
1.170700e+02	3.079000e+04
1.171200e+02	3.022500e+04
1.171710e+02	3.006200e+04
1.172200e+02	2.967700e+04
1.172700e+02	3.006700e+04
1.173210e+02	2.979000e+04
1.173700e+02	3.051100e+04
1.174210e+02	3.026000e+04
1.174710e+02	3.046800e+04
1.175200e+02	3.071800e+04
1.175710e+02	3.061700e+04
1.176200e+02	3.037100e+04
1.176710e+02	3.033300e+04
1.177210e+02	3.096000e+04
1.177710e+02	3.053600e+04
1.178210e+02	3.058000e+04
1.178720e+02	3.065900e+04
1.179220e+02	3.088000e+04
1.179720e+02	3.088500e+04
1.180210e+02	3.093400e+04
1.180710e+02	3.065100e+04
1.181220e+02	3.013500e+04
1.181720e+02	2.976700e+04
1.182220e+02	2.985400e+04
1.182720e+02	3.034900e+04
1.183220e+02	3.031200e+04
1.183730e+02	3.028300e+04
1.184220e+02	3.042500e+04
1.184720e+02	3.047900e+04
1.185220e+02	3.044700e+04
1.185730e+02	3.083300e+04
1.186230e+02	3.050000e+04
1.186730e+02	3.074000e+04
1.187230e+02	3.027100e+04
1.187730e+02	3.103100e+04
1.188230e+02	3.047300e+04
1.188740e+02	3.085900e+04
1.189240e+02	3.064200e+04
1.189730e+02	3.092800e+04
1.190240e+02	3.077100e+04
1.190730e+02	3.109100e+04
1.191240e+02	3.022700e+04
1.191730e+02	3.001400e+04
1.192240e+02	3.017800e+04
1.192740e+02	3.030700e+04
1.193240e+02	3.040800e+04
1.193740e+02	3.040800e+04
1.194240e+02	3.037000e+04
1.194740e+02	3.034500e+04
1.195240e+02	3.082800e+04
1.195740e+02	3.055400e+04
1.196240e+02	3.095200e+04
1.196740e+02	3.070800e+04
1.197240e+02	3.105800e+04
1.197740e+02	3.077400e+04
1.198250e+02	3.105600e+04
1.198750e+02	3.132100e+04
1.199250e+02	3.115500e+04
1.199760e+02	3.109400e+04
1.200260e+02	3.097300e+04
1.200760e+02	3.029700e+04
1.201260e+02	3.027300e+04
1.201760e+02	2.975600e+04
1.202260e+02	3.055000e+04
1.202760e+02	3.030800e+04
1.203260e+02	3.042700e+04
1.203760e+02	3.055800e+04
1.204260e+02	3.009500e+04
1.204760e+02	3.095700e+04
1.205260e+02	3.084700e+04
1.205770e+02	3.128000e+04
1.206270e+02	3.029000e+04
1.206770e+02	3.074300e+04
1.207270e+02	3.054800e+04
1.207770e+02	3.111300e+04
1.208270e+02	3.100900e+04
1.208770e+02	3.143600e+04
1.209270e+02	3.075100e+04
1.209770e+02	3.110500e+04
1.210280e+02	3.084100e+04
1.210770e+02	3.136900e+04
1.211270e+02	3.014400e+04
1.211780e+02	3.000300e+04
1.212280e+02	2.977700e+04
1.212770e+02	2.986000e+04
1.213280e+02	3.072300e+04
1.213790e+02	3.077800e+04
1.214280e+02	3.090500e+04
1.214780e+02	3.038900e+04
1.215280e+02	3.074800e+04
1.215780e+02	3.084700e+04
1.216280e+02	3.135500e+04
1.216780e+02	3.090800e+04
1.217280e+02	3.163000e+04
1.217790e+02	3.056400e+04
1.218290e+02	3.086600e+04
1.218790e+02	3.070800e+04
1.219280e+02	3.127300e+04
1.219790e+02	3.113000e+04
1.220290e+02	3.115100e+04
1.220790e+02	3.078700e+04
1.221290e+02	3.008300e+04
1.221790e+02	3.026000e+04
1.222290e+02	3.043100e+04
1.222800e+02	3.055900e+04
1.223300e+02	3.007100e+04
1.223800e+02	3.062400e+04
1.224300e+02	3.012200e+04
1.224800e+02	3.070000e+04
1.225300e+02	3.073100e+04
1.225800e+02	3.098300e+04
1.226300e+02	3.052900e+04
1.226800e+02	3.107800e+04
1.227300e+02	3.058600e+04
1.227810e+02	3.114300e+04
1.228300e+02	3.094500e+04
1.228810e+02	3.110900e+04
1.229310e+02	3.116100e+04
1.229800e+02	3.094800e+04
1.230300e+02	3.100900e+04
1.230810e+02	3.091900e+04
1.231310e+02	3.037800e+04
1.231810e+02	2.989200e+04
1.232320e+02	3.017500e+04
1.232810e+02	3.016500e+04
1.233310e+02	3.084300e+04
1.233820e+02	3.110400e+04
1.234320e+02	3.078300e+04
1.234820e+02	3.064400e+04
1.235320e+02	3.096700e+04
1.235820e+02	3.069300e+04
1.236320e+02	3.067900e+04
1.236820e+02	3.108000e+04
1.237320e+02	3.080100e+04
1.237820e+02	3.106300e+04
1.238320e+02	3.098700e+04
1.238830e+02	3.121300e+04
1.239330e+02	3.115300e+04
1.239820e+02	3.131000e+04
1.240330e+02	3.108500e+04
1.240820e+02	3.128600e+04
1.241330e+02	3.000100e+04
1.241830e+02	3.026800e+04
1.242330e+02	3.000800e+04
1.242830e+02	3.047500e+04
1.243330e+02	3.065800e+04
1.243830e+02	3.068700e+04
1.244330e+02	3.083100e+04
1.244840e+02	3.062200e+04
1.245330e+02	3.069200e+04
1.245840e+02	3.079500e+04
1.246340e+02	3.096000e+04
1.246840e+02	3.075100e+04
1.247340e+02	3.126200e+04
1.247840e+02	3.072800e+04
1.248340e+02	3.096100e+04
1.248850e+02	3.052400e+04
1.249340e+02	3.111500e+04
1.249840e+02	3.125100e+04
1.250340e+02	3.146100e+04
1.250850e+02	3.084800e+04
1.251360e+02	3.007200e+04
1.251850e+02	3.013100e+04
1.252350e+02	3.013200e+04
1.252850e+02	3.075200e+04
1.253350e+02	3.023800e+04
1.253860e+02	3.070400e+04
1.254350e+02	3.027200e+04
1.254860e+02	3.074700e+04
1.255350e+02	3.064900e+04
1.255860e+02	3.102000e+04
1.256360e+02	3.104200e+04
1.256860e+02	3.104100e+04
1.257360e+02	3.087200e+04
1.257860e+02	3.104000e+04
1.258360e+02	3.099600e+04
1.258860e+02	3.127900e+04
1.259360e+02	3.117200e+04
1.259860e+02	3.090700e+04
1.260360e+02	3.119100e+04
1.260870e+02	3.105800e+04
1.261370e+02	3.042400e+04
1.261870e+02	3.008800e+04
1.262370e+02	3.067000e+04
1.262870e+02	3.035800e+04
1.263370e+02	3.067500e+04
1.263870e+02	3.085700e+04
1.264370e+02	3.091300e+04
1.264870e+02	3.063000e+04
1.265370e+02	3.127300e+04
1.265880e+02	3.053100e+04
1.266370e+02	3.118700e+04
1.266880e+02	3.098800e+04
1.267380e+02	3.141800e+04
1.267880e+02	3.127200e+04
1.268380e+02	3.087800e+04
1.268880e+02	3.139000e+04
1.269380e+02	3.107000e+04
1.269890e+02	3.132900e+04
1.270390e+02	3.145600e+04
1.270880e+02	3.120700e+04
1.271380e+02	2.994700e+04
1.271890e+02	3.001600e+04
1.272390e+02	3.015200e+04
1.272890e+02	3.115100e+04
1.273390e+02	3.035600e+04
1.273890e+02	3.123100e+04
1.274390e+02	3.061200e+04
1.274890e+02	3.108800e+04
1.275400e+02	3.084900e+04
1.275890e+02	3.097600e+04
1.276400e+02	3.107000e+04
1.276900e+02	3.118000e+04
1.277400e+02	3.123100e+04
1.277900e+02	3.084800e+04
1.278400e+02	3.120500e+04
1.278900e+02	3.138000e+04
1.279400e+02	3.116300e+04
1.279900e+02	3.137400e+04
1.280410e+02	3.122900e+04
1.280900e+02	3.131600e+04
1.281400e+02	3.046800e+04
1.281910e+02	3.021400e+04
1.282410e+02	3.064500e+04
1.282910e+02	3.014100e+04
1.283410e+02	3.088600e+04
1.283910e+02	3.044100e+04
1.284410e+02	3.083200e+04
1.284910e+02	3.087500e+04
1.285420e+02	3.087400e+04
1.285920e+02	3.081600e+04
1.286420e+02	3.103500e+04
1.286920e+02	3.111000e+04
1.287420e+02	3.133800e+04
1.287920e+02	3.130500e+04
1.288420e+02	3.116100e+04
1.288920e+02	3.107000e+04
1.289420e+02	3.116900e+04
1.289920e+02	3.149100e+04
1.290420e+02	3.128500e+04
1.290920e+02	3.100600e+04
1.291420e+02	2.981600e+04
1.291920e+02	3.028100e+04
1.292430e+02	3.041900e+04
1.292930e+02	3.056300e+04
1.293430e+02	3.072800e+04
1.293930e+02	3.065600e+04
1.294430e+02	3.072400e+04
1.294930e+02	3.095300e+04
1.295430e+02	3.101800e+04
1.295930e+02	3.098800e+04
1.296430e+02	3.055300e+04
1.296940e+02	3.086600e+04
1.297430e+02	3.099200e+04
1.297940e+02	3.109000e+04
1.298440e+02	3.149600e+04
1.298940e+02	3.084400e+04
1.299440e+02	3.125700e+04
1.299940e+02	3.094700e+04
1.300440e+02	3.126600e+04
1.300940e+02	3.137300e+04
1.301440e+02	3.148200e+04
1.301950e+02	3.084900e+04
1.302450e+02	3.103300e+04
1.302940e+02	3.120300e+04
1.303440e+02	3.154700e+04
1.303940e+02	3.132600e+04
1.304450e+02	3.152000e+04
1.304950e+02	3.109600e+04
1.305440e+02	3.104900e+04
1.305950e+02	3.128900e+04
1.306450e+02	3.148600e+04
1.306950e+02	3.160100e+04
1.307460e+02	3.112300e+04
1.307960e+02	3.120000e+04
1.308450e+02	3.113900e+04
1.308960e+02	3.155400e+04
1.309450e+02	3.126700e+04
1.309960e+02	3.160800e+04
1.310460e+02	3.115700e+04
1.310960e+02	3.152800e+04
1.311460e+02	3.114200e+04
1.311960e+02	3.145900e+04
1.312460e+02	3.122100e+04
1.312970e+02	3.178300e+04
1.313470e+02	3.136700e+04
1.313960e+02	3.147900e+04
1.314470e+02	3.129600e+04
1.314970e+02	3.162800e+04
1.315470e+02	3.183000e+04
