0.000000e+00	2.990900e+05
5.000000e-02	2.992660e+05
1.000000e-01	2.985540e+05
1.500000e-01	2.995770e+05
2.010000e-01	2.997740e+05
2.500000e-01	2.986820e+05
3.000000e-01	2.991580e+05
3.500000e-01	2.995850e+05
4.010000e-01	2.990330e+05
4.500000e-01	2.989060e+05
5.010000e-01	2.990160e+05
5.510000e-01	2.988790e+05
6.010000e-01	2.996660e+05
6.510000e-01	2.990310e+05
7.010000e-01	2.982590e+05
7.510000e-01	2.991550e+05
8.010000e-01	2.986590e+05
8.520000e-01	2.994100e+05
9.020000e-01	2.985430e+05
9.520000e-01	2.992080e+05
1.001000e+00	2.990740e+05
1.052000e+00	2.988780e+05
1.102000e+00	2.985590e+05
1.152000e+00	2.996510e+05
1.202000e+00	2.994390e+05
1.252000e+00	2.992520e+05
1.302000e+00	2.989310e+05
1.353000e+00	2.995530e+05
1.402000e+00	2.989530e+05
1.452000e+00	2.990370e+05
1.503000e+00	2.989770e+05
1.553000e+00	2.989710e+05
1.602000e+00	2.988030e+05
1.653000e+00	2.988850e+05
1.704000e+00	2.993200e+05
1.754000e+00	2.990220e+05
1.804000e+00	2.995970e+05
1.854000e+00	2.988230e+05
1.904000e+00	2.992160e+05
1.953000e+00	2.989510e+05
2.003000e+00	2.989430e+05
2.054000e+00	2.992240e+05
2.104000e+00	2.994660e+05
2.154000e+00	2.982860e+05
2.204000e+00	2.991950e+05
2.254000e+00	2.983020e+05
2.304000e+00	2.991890e+05
2.355000e+00	2.993110e+05
2.404000e+00	2.994110e+05
2.454000e+00	2.986390e+05
2.505000e+00	2.992290e+05
2.555000e+00	2.988770e+05
2.605000e+00	2.985640e+05
2.655000e+00	2.991440e+05
2.704000e+00	2.983260e+05
2.755000e+00	2.988580e+05
2.805000e+00	2.983280e+05
2.869000e+00	2.989330e+05
2.906000e+00	2.989060e+05
2.955000e+00	2.987210e+05
3.006000e+00	2.987190e+05
3.056000e+00	2.987950e+05
3.106000e+00	2.987680e+05
3.156000e+00	2.997010e+05
3.205000e+00	2.996470e+05
3.256000e+00	2.983780e+05
3.306000e+00	2.987890e+05
3.356000e+00	2.984750e+05
3.406000e+00	2.986770e+05
3.456000e+00	2.996550e+05
3.506000e+00	3.086180e+05
3.557000e+00	3.072740e+05
3.607000e+00	3.062250e+05
3.657000e+00	3.049530e+05
3.707000e+00	3.045720e+05
3.757000e+00	3.042400e+05
3.807000e+00	3.041070e+05
3.856000e+00	3.031150e+05
3.908000e+00	3.027270e+05
3.957000e+00	3.021730e+05
4.007000e+00	3.032250e+05
4.058000e+00	3.023860e+05
4.107000e+00	3.023470e+05
4.157000e+00	3.014780e+05
4.207000e+00	3.022340e+05
4.258000e+00	3.011380e+05
4.308000e+00	3.010270e+05
4.358000e+00	3.017010e+05
4.408000e+00	3.014560e+05
4.459000e+00	3.030030e+05
4.509000e+00	3.103730e+05
4.559000e+00	3.100320e+05
4.609000e+00	3.093350e+05
4.659000e+00	3.083850e+05
4.709000e+00	3.072130e+05
4.759000e+00	3.076930e+05
4.809000e+00	3.067940e+05
4.859000e+00	3.067520e+05
4.909000e+00	3.055630e+05
4.960000e+00	3.054210e+05
5.009000e+00	3.047960e+05
5.060000e+00	3.047040e+05
5.110000e+00	3.046370e+05
5.160000e+00	3.043070e+05
5.210000e+00	3.044900e+05
5.260000e+00	3.047790e+05
5.310000e+00	3.040040e+05
5.360000e+00	3.043340e+05
5.410000e+00	3.047520e+05
5.460000e+00	3.063610e+05
5.510000e+00	3.142850e+05
5.561000e+00	3.123880e+05
5.610000e+00	3.116620e+05
5.661000e+00	3.100330e+05
5.710000e+00	3.102450e+05
5.761000e+00	3.092450e+05
5.811000e+00	3.093700e+05
5.861000e+00	3.083470e+05
5.911000e+00	3.081020e+05
5.961000e+00	3.079750e+05
6.012000e+00	3.079340e+05
6.061000e+00	3.079090e+05
6.112000e+00	3.071370e+05
6.162000e+00	3.070560e+05
6.211000e+00	3.067040e+05
6.262000e+00	3.066770e+05
6.311000e+00	3.069010e+05
6.362000e+00	3.068770e+05
6.412000e+00	3.064900e+05
6.462000e+00	3.089850e+05
6.512000e+00	3.155840e+05
6.562000e+00	3.153400e+05
6.613000e+00	3.139450e+05
6.662000e+00	3.123160e+05
6.713000e+00	3.120670e+05
6.763000e+00	3.116840e+05
6.813000e+00	3.110820e+05
6.863000e+00	3.104740e+05
6.913000e+00	3.100190e+05
6.963000e+00	3.094040e+05
7.013000e+00	3.094150e+05
7.063000e+00	3.086530e+05
7.113000e+00	3.096970e+05
7.163000e+00	3.096490e+05
7.213000e+00	3.090760e+05
7.264000e+00	3.086800e+05
7.314000e+00	3.082730e+05
7.364000e+00	3.082020e+05
7.414000e+00	3.091610e+05
7.464000e+00	3.111480e+05
7.514000e+00	3.161930e+05
7.564000e+00	3.161440e+05
7.614000e+00	3.149440e+05
7.664000e+00	3.144660e+05
7.715000e+00	3.134650e+05
7.765000e+00	3.132910e+05
7.814000e+00	3.123930e+05
7.864000e+00	3.120580e+05
7.914000e+00	3.111810e+05
7.965000e+00	3.111430e+05
8.015000e+00	3.110710e+05
8.065000e+00	3.112640e+05
8.115000e+00	3.101520e+05
8.165000e+00	3.104010e+05
8.215000e+00	3.096780e+05
8.265000e+00	3.102560e+05
8.315000e+00	3.102080e+05
8.366000e+00	3.102460e+05
8.415000e+00	3.101190e+05
8.466000e+00	3.124660e+05
8.516000e+00	3.180100e+05
8.565000e+00	3.170670e+05
8.615000e+00	3.171250e+05
8.666000e+00	3.150290e+05
8.716000e+00	3.146940e+05
8.766000e+00	3.139720e+05
8.816000e+00	3.143460e+05
8.866000e+00	3.127110e+05
8.916000e+00	3.124550e+05
8.966000e+00	3.121470e+05
9.017000e+00	3.121500e+05
9.067000e+00	3.119650e+05
9.117000e+00	3.112040e+05
9.167000e+00	3.115640e+05
9.217000e+00	3.110960e+05
9.268000e+00	3.109070e+05
9.317000e+00	3.107740e+05
9.368000e+00	3.116060e+05
9.418000e+00	3.105100e+05
9.468000e+00	3.146560e+05
9.517000e+00	3.185790e+05
9.568000e+00	3.187250e+05
9.617000e+00	3.169580e+05
9.668000e+00	3.164310e+05
9.718000e+00	3.149870e+05
9.768000e+00	3.147200e+05
9.818000e+00	3.135300e+05
9.868000e+00	3.131450e+05
9.918000e+00	3.124040e+05
9.969000e+00	3.131090e+05
1.001900e+01	3.125270e+05
1.006900e+01	3.117280e+05
1.011900e+01	3.113860e+05
1.016800e+01	3.121030e+05
1.021900e+01	3.118630e+05
1.026900e+01	3.112950e+05
1.031900e+01	3.120470e+05
1.036900e+01	3.108750e+05
1.041900e+01	3.114040e+05
1.047000e+01	3.141010e+05
1.052000e+01	3.184480e+05
1.057000e+01	3.178570e+05
1.062000e+01	3.166960e+05
1.067000e+01	3.153810e+05
1.072000e+01	3.153670e+05
1.077000e+01	3.135890e+05
1.082000e+01	3.139030e+05
1.087000e+01	3.133220e+05
1.092100e+01	3.122710e+05
1.097000e+01	3.124390e+05
1.102000e+01	3.120720e+05
1.107000e+01	3.114590e+05
1.112100e+01	3.113070e+05
1.117100e+01	3.109170e+05
1.122100e+01	3.114780e+05
1.127000e+01	3.105200e+05
1.132100e+01	3.106340e+05
1.137100e+01	3.106030e+05
1.142100e+01	3.109960e+05
1.147100e+01	3.164980e+05
1.152100e+01	3.186780e+05
1.157100e+01	3.170660e+05
1.162100e+01	3.162480e+05
1.167200e+01	3.147070e+05
1.172100e+01	3.137990e+05
1.177200e+01	3.127230e+05
1.182200e+01	3.130070e+05
1.187200e+01	3.118520e+05
1.192200e+01	3.155890e+05
1.197300e+01	3.126330e+05
1.202200e+01	3.125050e+05
1.207200e+01	3.109950e+05
1.212200e+01	3.104460e+05
1.217300e+01	3.102310e+05
1.222200e+01	3.106550e+05
1.227300e+01	3.099900e+05
1.232300e+01	3.104510e+05
1.237300e+01	3.091710e+05
1.242300e+01	3.098900e+05
1.247300e+01	3.127020e+05
1.252300e+01	3.175820e+05
1.257300e+01	3.162670e+05
1.262300e+01	3.143520e+05
1.267300e+01	3.136830e+05
1.272300e+01	3.122790e+05
1.277400e+01	3.123530e+05
1.282400e+01	3.115730e+05
1.287400e+01	3.113840e+05
1.292400e+01	3.098620e+05
1.297400e+01	3.104100e+05
1.302400e+01	3.098600e+05
1.307400e+01	3.096500e+05
1.312400e+01	3.096370e+05
1.317400e+01	3.098530e+05
1.322500e+01	3.087900e+05
1.327500e+01	3.083870e+05
1.332500e+01	3.082370e+05
1.337400e+01	3.089750e+05
1.342500e+01	3.087400e+05
1.347500e+01	3.112790e+05
1.352500e+01	3.151370e+05
1.357500e+01	3.127670e+05
1.362600e+01	3.128060e+05
1.367600e+01	3.114080e+05
1.372500e+01	3.113650e+05
1.377600e+01	3.099710e+05
1.382600e+01	3.102320e+05
1.387600e+01	3.088120e+05
1.392600e+01	3.090510e+05
1.397600e+01	3.088920e+05
1.402600e+01	3.089940e+05
1.407700e+01	3.073920e+05
1.412600e+01	3.065170e+05
1.417600e+01	3.078780e+05
1.422600e+01	3.080540e+05
1.427700e+01	3.077020e+05
1.432700e+01	3.071860e+05
1.437700e+01	3.073500e+05
1.442600e+01	3.071280e+05
1.447700e+01	3.103760e+05
1.452700e+01	3.134920e+05
1.457800e+01	3.122290e+05
1.462700e+01	3.107710e+05
1.467700e+01	3.095490e+05
1.472700e+01	3.073790e+05
1.477700e+01	3.087060e+05
1.482700e+01	3.089020e+05
1.487700e+01	3.086520e+05
1.492800e+01	3.070080e+05
1.497800e+01	3.061750e+05
1.502800e+01	3.071660e+05
1.507800e+01	3.065780e+05
1.512800e+01	3.062270e+05
1.517800e+01	3.054920e+05
1.522900e+01	3.056370e+05
1.527800e+01	3.051170e+05
1.532800e+01	3.051050e+05
1.537900e+01	3.049910e+05
1.542900e+01	3.054560e+05
1.547900e+01	3.088840e+05
1.552900e+01	3.108060e+05
1.557900e+01	3.096540e+05
1.562800e+01	3.091120e+05
1.567900e+01	3.079810e+05
1.572900e+01	3.072420e+05
1.577900e+01	3.055310e+05
1.583000e+01	3.055350e+05
1.587900e+01	3.052410e+05
1.593000e+01	3.041400e+05
1.598000e+01	3.049210e+05
1.603000e+01	3.044140e+05
1.608000e+01	3.040070e+05
1.613000e+01	3.038440e+05
1.618000e+01	3.033740e+05
1.623000e+01	3.036080e+05
1.628000e+01	3.046880e+05
1.633100e+01	3.029330e+05
1.638000e+01	3.032710e+05
1.643000e+01	3.025170e+05
1.648100e+01	3.074860e+05
1.653000e+01	3.086040e+05
1.658100e+01	3.073240e+05
1.663100e+01	3.056470e+05
1.668100e+01	3.051630e+05
1.673100e+01	3.051440e+05
1.678100e+01	3.039360e+05
1.683100e+01	3.036200e+05
1.688200e+01	3.028920e+05
1.693200e+01	3.029480e+05
1.698200e+01	3.020230e+05
1.703200e+01	3.020630e+05
1.708200e+01	3.017500e+05
1.713100e+01	3.015490e+05
1.718200e+01	3.008680e+05
1.723200e+01	3.015980e+05
1.728200e+01	2.999690e+05
1.733200e+01	3.011320e+05
1.738200e+01	3.006520e+05
1.743200e+01	3.007930e+05
1.748300e+01	3.048970e+05
1.753300e+01	3.061130e+05
1.758300e+01	3.052770e+05
1.763200e+01	3.041820e+05
1.768300e+01	3.034910e+05
1.773300e+01	3.011970e+05
1.778300e+01	3.016820e+05
1.783300e+01	3.008950e+05
1.788400e+01	3.007270e+05
1.793300e+01	2.998600e+05
1.798300e+01	3.005980e+05
1.803300e+01	2.994420e+05
1.808300e+01	2.993690e+05
1.813400e+01	2.984000e+05
1.818400e+01	2.988450e+05
1.823400e+01	2.984760e+05
1.828500e+01	2.981940e+05
1.833400e+01	2.973410e+05
1.838400e+01	2.982640e+05
1.843500e+01	2.978780e+05
1.848400e+01	3.032270e+05
1.853400e+01	3.031720e+05
1.858500e+01	3.015420e+05
1.863500e+01	3.005670e+05
1.868500e+01	2.997240e+05
1.873500e+01	2.988980e+05
1.878600e+01	2.987320e+05
1.883400e+01	2.983890e+05
1.888500e+01	2.972750e+05
1.893500e+01	2.967740e+05
1.898500e+01	2.969360e+05
1.903500e+01	2.975990e+05
1.908600e+01	2.964310e+05
1.913600e+01	2.963990e+05
1.918600e+01	2.956190e+05
1.923600e+01	2.960440e+05
1.928600e+01	2.961380e+05
1.933600e+01	2.956450e+05
1.938600e+01	2.950250e+05
1.943700e+01	2.947690e+05
1.948700e+01	2.999950e+05
1.953600e+01	3.002400e+05
1.958600e+01	2.994930e+05
1.963700e+01	2.983470e+05
1.968600e+01	2.976300e+05
1.973700e+01	2.961310e+05
1.978700e+01	2.958250e+05
1.983700e+01	2.955620e+05
1.988700e+01	2.955850e+05
1.993700e+01	2.944420e+05
1.998700e+01	2.945080e+05
2.003800e+01	2.936180e+05
2.008700e+01	2.935590e+05
2.013700e+01	2.934020e+05
2.018800e+01	2.933400e+05
2.023700e+01	2.938470e+05
2.028700e+01	2.927700e+05
2.033700e+01	2.927760e+05
2.038900e+01	2.926540e+05
2.043800e+01	2.929250e+05
2.048800e+01	2.979280e+05
2.053800e+01	2.983200e+05
2.058800e+01	2.959100e+05
2.063800e+01	2.957080e+05
2.068800e+01	2.938450e+05
2.073900e+01	2.936200e+05
2.078900e+01	2.931900e+05
2.083800e+01	2.924050e+05
2.088900e+01	2.917300e+05
2.093900e+01	2.915350e+05
2.099000e+01	2.911760e+05
2.103900e+01	2.913290e+05
2.108900e+01	2.915080e+05
2.114000e+01	2.904480e+05
2.119000e+01	2.903520e+05
2.123900e+01	2.902160e+05
2.129000e+01	2.901180e+05
2.134000e+01	2.893380e+05
2.139000e+01	2.907470e+05
2.144000e+01	2.895920e+05
2.149000e+01	2.956240e+05
2.154000e+01	2.947010e+05
2.159000e+01	2.967980e+05
2.164000e+01	2.935000e+05
2.169000e+01	2.926290e+05
2.174100e+01	2.914530e+05
2.179100e+01	2.905530e+05
2.184000e+01	2.905390e+05
2.189100e+01	2.890680e+05
2.194100e+01	2.890100e+05
2.199100e+01	2.887230e+05
2.204100e+01	2.889610e+05
2.209100e+01	2.879620e+05
2.214100e+01	2.883540e+05
2.219100e+01	2.877450e+05
2.224200e+01	2.887260e+05
2.229200e+01	2.874630e+05
2.234100e+01	2.874290e+05
2.239100e+01	2.869760e+05
2.244100e+01	2.881470e+05
2.249200e+01	2.923880e+05
2.254200e+01	2.920030e+05
2.259200e+01	2.908490e+05
2.264200e+01	2.896900e+05
2.269200e+01	2.898400e+05
2.274200e+01	2.886560e+05
2.279300e+01	2.883250e+05
2.284200e+01	2.876970e+05
2.289300e+01	2.872230e+05
2.294300e+01	2.863230e+05
2.299200e+01	2.868270e+05
2.304300e+01	2.862120e+05
2.309300e+01	2.857290e+05
2.314300e+01	2.851460e+05
2.319300e+01	2.853210e+05
2.324300e+01	2.852490e+05
2.329300e+01	2.857400e+05
2.334300e+01	2.852000e+05
2.339400e+01	2.848990e+05
2.344400e+01	2.853370e+05
2.349400e+01	2.899280e+05
2.354400e+01	2.902000e+05
2.359400e+01	2.889080e+05
2.364500e+01	2.880820e+05
2.369400e+01	2.864210e+05
2.374400e+01	2.856920e+05
2.379500e+01	2.848270e+05
2.384500e+01	2.853400e+05
2.389500e+01	2.846440e+05
2.394500e+01	2.844940e+05
2.399500e+01	2.837150e+05
2.404500e+01	2.842250e+05
2.409500e+01	2.836150e+05
2.414500e+01	2.826990e+05
2.419500e+01	2.836090e+05
2.424500e+01	2.831470e+05
2.429500e+01	2.826270e+05
2.434600e+01	2.818690e+05
2.439600e+01	2.823300e+05
2.444600e+01	2.824530e+05
2.449600e+01	2.887480e+05
2.454500e+01	2.875240e+05
2.459600e+01	2.863330e+05
2.464600e+01	2.852290e+05
2.469600e+01	2.848300e+05
2.474600e+01	2.836950e+05
2.479700e+01	2.842610e+05
2.484600e+01	2.826350e+05
2.489700e+01	2.825570e+05
2.494700e+01	2.820950e+05
2.499700e+01	2.821120e+05
2.504700e+01	2.817690e+05
2.509700e+01	2.812830e+05
2.514700e+01	2.812280e+05
2.519700e+01	2.809090e+05
2.524800e+01	2.815940e+05
2.529800e+01	2.839170e+05
2.534700e+01	2.813500e+05
2.539700e+01	2.808300e+05
2.544700e+01	2.807510e+05
2.549800e+01	2.852160e+05
2.554700e+01	2.858680e+05
2.559800e+01	2.840970e+05
2.564800e+01	2.835540e+05
2.569800e+01	2.830900e+05
2.574800e+01	2.820710e+05
2.579800e+01	2.817340e+05
2.584900e+01	2.815340e+05
2.589900e+01	2.809490e+05
2.594800e+01	2.805200e+05
2.599800e+01	2.801520e+05
2.604800e+01	2.800020e+05
2.609900e+01	2.793860e+05
2.614900e+01	2.797390e+05
2.619900e+01	2.794750e+05
2.624900e+01	2.789800e+05
2.629900e+01	2.803960e+05
2.634900e+01	2.779970e+05
2.639900e+01	2.792610e+05
2.644900e+01	2.793340e+05
2.650000e+01	2.841570e+05
2.654900e+01	2.833110e+05
2.660000e+01	2.823070e+05
2.664900e+01	2.813720e+05
2.670000e+01	2.806940e+05
2.675000e+01	2.803020e+05
2.680000e+01	2.799490e+05
2.685000e+01	2.798170e+05
2.690000e+01	2.783400e+05
2.695000e+01	2.784750e+05
2.700100e+01	2.783780e+05
2.705000e+01	2.788330e+05
2.710100e+01	2.772660e+05
2.715000e+01	2.779180e+05
2.720100e+01	2.768250e+05
2.725100e+01	2.780310e+05
2.730100e+01	2.766240e+05
2.735100e+01	2.769500e+05
2.740100e+01	2.763600e+05
2.745100e+01	2.775040e+05
2.750100e+01	2.834890e+05
2.755200e+01	2.820080e+05
2.760200e+01	2.813020e+05
2.765100e+01	2.799970e+05
2.770200e+01	2.796500e+05
2.775200e+01	2.790240e+05
2.780200e+01	2.789280e+05
2.785100e+01	2.784250e+05
2.790200e+01	2.778430e+05
2.795200e+01	2.761850e+05
2.800300e+01	2.772830e+05
2.805200e+01	2.765680e+05
2.810300e+01	2.774610e+05
2.815300e+01	2.761550e+05
2.820200e+01	2.765730e+05
2.825200e+01	2.761510e+05
2.830300e+01	2.758850e+05
2.835300e+01	2.761130e+05
2.840300e+01	2.764230e+05
2.845300e+01	2.768310e+05
2.850300e+01	2.823660e+05
2.855300e+01	2.809290e+05
2.860300e+01	2.800450e+05
2.865400e+01	2.796540e+05
2.870300e+01	2.789820e+05
2.875400e+01	2.783270e+05
2.880400e+01	2.778010e+05
2.885400e+01	2.771640e+05
2.890400e+01	2.765680e+05
2.895300e+01	2.767620e+05
2.900400e+01	2.756950e+05
2.905500e+01	2.773480e+05
2.910500e+01	2.753370e+05
2.915400e+01	2.755970e+05
2.920500e+01	2.754920e+05
2.925400e+01	2.755730e+05
2.930400e+01	2.753440e+05
2.935500e+01	2.753710e+05
2.940400e+01	2.752340e+05
2.945500e+01	2.768020e+05
2.950500e+01	2.812110e+05
2.955500e+01	2.805490e+05
2.960500e+01	2.805060e+05
2.965500e+01	2.792370e+05
2.970600e+01	2.783500e+05
2.975500e+01	2.774490e+05
2.980600e+01	2.779810e+05
2.985600e+01	2.762980e+05
2.990500e+01	2.773370e+05
2.995600e+01	2.760600e+05
3.000600e+01	2.760290e+05
3.005600e+01	2.760420e+05
3.010600e+01	2.748180e+05
3.015600e+01	2.752530e+05
3.020700e+01	2.753900e+05
3.025600e+01	2.748840e+05
3.030600e+01	2.746790e+05
3.035700e+01	2.747660e+05
3.040700e+01	2.745830e+05
3.045700e+01	2.769000e+05
3.050700e+01	2.802100e+05
3.055700e+01	2.809250e+05
3.060700e+01	2.789670e+05
3.065700e+01	2.793900e+05
3.070700e+01	2.779880e+05
3.075700e+01	2.778060e+05
3.080800e+01	2.765690e+05
3.085800e+01	2.771850e+05
3.090800e+01	2.759190e+05
3.095800e+01	2.769190e+05
3.100800e+01	2.761660e+05
3.105800e+01	2.757110e+05
3.110800e+01	2.760190e+05
3.115800e+01	2.753680e+05
3.120800e+01	2.750090e+05
3.125800e+01	2.758940e+05
3.130800e+01	2.754660e+05
3.135900e+01	2.748020e+05
3.140900e+01	2.752270e+05
3.145800e+01	2.762830e+05
3.150900e+01	2.825110e+05
3.155800e+01	2.799190e+05
3.160900e+01	2.797830e+05
3.165900e+01	2.790620e+05
3.170900e+01	2.791240e+05
3.175900e+01	2.779710e+05
3.180900e+01	2.778240e+05
3.186000e+01	2.772270e+05
3.191000e+01	2.762230e+05
3.196000e+01	2.764730e+05
3.201000e+01	2.758300e+05
3.206000e+01	2.762890e+05
3.211000e+01	2.756290e+05
3.216000e+01	2.765910e+05
3.221000e+01	2.754610e+05
3.226000e+01	2.794040e+05
3.231000e+01	2.758360e+05
3.236000e+01	2.764980e+05
3.241100e+01	2.756620e+05
3.246000e+01	2.776560e+05
3.251100e+01	2.820030e+05
3.256100e+01	2.811690e+05
3.261100e+01	2.803610e+05
3.266100e+01	2.795970e+05
3.271100e+01	2.791140e+05
3.276100e+01	2.780450e+05
3.281100e+01	2.783700e+05
3.286100e+01	2.776810e+05
3.291200e+01	2.777610e+05
3.296200e+01	2.773310e+05
3.301200e+01	2.770920e+05
3.306200e+01	2.765080e+05
3.311200e+01	2.768820e+05
3.316200e+01	2.760990e+05
3.321200e+01	2.771900e+05
3.326200e+01	2.766400e+05
3.331200e+01	2.765130e+05
3.336200e+01	2.757120e+05
3.341200e+01	2.763650e+05
3.346300e+01	2.781050e+05
3.351200e+01	2.836640e+05
3.356300e+01	2.825220e+05
3.361300e+01	2.816190e+05
3.366300e+01	2.807970e+05
3.371300e+01	2.798540e+05
3.376300e+01	2.796040e+05
3.381300e+01	2.797650e+05
3.386300e+01	2.790610e+05
3.391300e+01	2.774730e+05
3.396300e+01	2.784340e+05
3.401300e+01	2.779200e+05
3.406300e+01	2.788980e+05
3.411300e+01	2.777540e+05
3.416400e+01	2.776400e+05
3.421400e+01	2.776800e+05
3.426300e+01	2.776010e+05
3.431500e+01	2.771750e+05
3.436400e+01	2.766560e+05
3.441400e+01	2.778130e+05
3.446500e+01	2.796770e+05
3.451400e+01	2.839300e+05
3.456500e+01	2.826790e+05
3.461500e+01	2.827620e+05
3.466400e+01	2.820700e+05
3.471500e+01	2.817170e+05
3.476500e+01	2.803090e+05
3.481400e+01	2.811060e+05
3.486500e+01	2.801910e+05
3.491500e+01	2.805890e+05
3.496500e+01	2.794580e+05
3.501500e+01	2.790030e+05
3.506500e+01	2.788890e+05
3.511600e+01	2.784940e+05
3.516500e+01	2.787390e+05
3.521600e+01	2.787470e+05
3.526600e+01	2.786600e+05
3.531700e+01	2.781620e+05
3.536600e+01	2.787380e+05
3.541600e+01	2.784940e+05
3.546600e+01	2.809320e+05
3.551600e+01	2.863420e+05
3.556600e+01	2.862880e+05
3.561700e+01	2.829180e+05
3.566700e+01	2.836370e+05
3.571700e+01	2.824020e+05
3.576700e+01	2.827860e+05
3.581700e+01	2.824530e+05
3.586700e+01	2.815180e+05
3.591700e+01	2.819870e+05
3.596700e+01	2.811170e+05
3.601700e+01	2.805490e+05
3.606700e+01	2.807270e+05
3.611700e+01	2.815470e+05
3.616700e+01	2.807790e+05
3.621800e+01	2.807020e+05
3.626800e+01	2.797360e+05
3.631900e+01	2.803370e+05
3.636800e+01	2.801310e+05
3.641800e+01	2.800960e+05
3.646800e+01	2.824900e+05
3.651800e+01	2.881910e+05
3.656800e+01	2.873590e+05
3.661800e+01	2.859140e+05
3.666900e+01	2.859590e+05
3.671800e+01	2.847670e+05
3.676800e+01	2.842660e+05
3.681800e+01	2.841970e+05
3.686800e+01	2.836430e+05
3.691900e+01	2.829300e+05
3.696900e+01	2.836720e+05
3.701900e+01	2.825810e+05
3.706900e+01	2.833540e+05
3.711900e+01	2.818730e+05
3.716900e+01	2.824780e+05
3.722000e+01	2.823340e+05
3.727000e+01	2.829080e+05
3.731900e+01	2.818750e+05
3.737000e+01	2.825660e+05
3.741900e+01	2.824050e+05
3.746900e+01	2.848490e+05
3.752100e+01	2.897860e+05
3.757000e+01	2.889830e+05
3.762100e+01	2.883480e+05
3.767000e+01	2.876120e+05
3.772100e+01	2.873930e+05
3.777000e+01	2.860320e+05
3.782100e+01	2.859290e+05
3.787100e+01	2.853900e+05
3.792100e+01	2.853850e+05
3.797100e+01	2.841910e+05
3.802100e+01	2.854100e+05
3.807100e+01	2.843450e+05
3.812100e+01	2.850360e+05
3.817200e+01	2.838320e+05
3.822200e+01	2.839200e+05
3.827100e+01	2.844400e+05
3.832200e+01	2.850650e+05
3.837200e+01	2.837270e+05
3.842200e+01	2.834000e+05
3.847200e+01	2.871770e+05
3.852100e+01	2.922500e+05
3.857200e+01	2.914590e+05
3.862200e+01	2.903750e+05
3.867200e+01	2.893720e+05
3.872200e+01	2.879640e+05
3.877200e+01	2.881860e+05
3.882300e+01	2.869220e+05
3.887200e+01	2.882540e+05
3.892300e+01	2.878490e+05
3.897200e+01	2.871920e+05
3.902300e+01	2.868740e+05
3.907300e+01	2.870970e+05
3.912300e+01	2.867800e+05
3.917300e+01	2.871300e+05
3.922300e+01	2.868290e+05
3.927300e+01	2.863010e+05
3.932300e+01	2.866330e+05
3.937300e+01	2.858810e+05
3.942300e+01	2.866000e+05
3.947300e+01	2.896850e+05
3.952400e+01	2.952220e+05
3.957400e+01	2.930180e+05
3.962400e+01	2.922620e+05
3.967400e+01	2.909850e+05
3.972500e+01	2.917340e+05
3.977400e+01	2.903260e+05
3.982500e+01	2.902360e+05
3.987400e+01	2.896870e+05
3.992500e+01	2.896500e+05
3.997500e+01	2.890480e+05
4.002500e+01	2.893150e+05
4.007500e+01	2.895120e+05
4.012500e+01	2.885260e+05
4.017500e+01	2.883950e+05
4.022500e+01	2.886060e+05
4.027500e+01	2.883190e+05
4.032500e+01	2.891820e+05
4.037600e+01	2.890460e+05
4.042600e+01	2.887300e+05
4.047500e+01	2.922420e+05
4.052500e+01	2.964940e+05
4.057500e+01	2.961520e+05
4.062600e+01	2.941560e+05
4.067600e+01	2.941720e+05
4.072600e+01	2.931670e+05
4.077700e+01	2.940250e+05
4.082600e+01	2.928580e+05
4.087700e+01	2.922680e+05
4.092700e+01	2.921270e+05
4.097700e+01	2.914460e+05
4.102700e+01	2.912130e+05
4.107700e+01	2.914330e+05
4.112700e+01	2.914320e+05
4.117700e+01	2.914550e+05
4.122700e+01	2.908380e+05
4.127700e+01	2.908110e+05
4.132700e+01	2.907640e+05
4.137700e+01	2.901900e+05
4.142700e+01	2.911370e+05
4.147700e+01	2.956630e+05
4.152700e+01	2.995500e+05
4.157700e+01	2.973090e+05
4.162700e+01	2.972170e+05
4.167800e+01	2.963600e+05
4.172800e+01	2.964330e+05
4.177700e+01	2.956110e+05
4.182800e+01	2.952510e+05
4.187800e+01	2.949730e+05
4.192800e+01	2.947580e+05
4.197800e+01	2.941460e+05
4.202900e+01	2.940830e+05
4.207900e+01	2.941160e+05
4.212900e+01	2.937660e+05
4.217900e+01	2.936700e+05
4.222900e+01	2.929750e+05
4.227900e+01	2.933700e+05
4.232900e+01	2.935130e+05
4.237900e+01	2.939770e+05
4.242900e+01	2.926380e+05
4.247900e+01	2.986270e+05
4.253000e+01	3.015570e+05
4.257900e+01	3.002460e+05
4.262900e+01	3.027880e+05
4.267900e+01	2.990600e+05
4.273000e+01	2.985230e+05
4.278000e+01	2.976510e+05
4.283000e+01	2.971500e+05
4.288000e+01	2.964860e+05
4.293100e+01	2.967670e+05
4.298000e+01	2.958380e+05
4.303000e+01	2.967740e+05
4.308000e+01	2.955330e+05
4.313100e+01	2.968320e+05
4.318000e+01	2.956340e+05
4.323100e+01	2.962940e+05
4.328100e+01	2.953640e+05
4.333100e+01	2.962630e+05
4.338100e+01	2.956390e+05
4.343100e+01	2.959410e+05
4.348100e+01	3.008340e+05
4.353100e+01	3.038900e+05
4.358200e+01	3.022550e+05
4.363200e+01	3.021030e+05
4.368200e+01	3.011260e+05
4.373200e+01	3.009300e+05
4.378200e+01	3.003590e+05
4.383200e+01	2.992570e+05
4.388200e+01	2.996310e+05
4.393200e+01	2.987430e+05
4.398200e+01	2.994540e+05
4.403200e+01	2.977900e+05
4.408200e+01	2.986350e+05
4.413200e+01	2.982270e+05
4.418200e+01	2.976740e+05
4.423300e+01	2.977550e+05
4.428300e+01	2.984160e+05
4.433300e+01	2.985280e+05
4.438200e+01	2.981090e+05
4.443300e+01	2.979210e+05
4.448300e+01	3.037980e+05
4.453300e+01	3.059390e+05
4.458300e+01	3.043390e+05
4.463400e+01	3.043500e+05
4.468300e+01	3.026810e+05
4.473400e+01	3.030940e+05
4.478400e+01	3.021640e+05
4.483400e+01	3.022000e+05
4.488400e+01	3.017470e+05
4.493400e+01	3.022520e+05
4.498400e+01	3.003130e+05
4.503400e+01	3.014090e+05
4.508400e+01	3.005720e+05
4.513400e+01	3.002780e+05
4.518400e+01	3.002050e+05
4.523500e+01	3.004260e+05
4.528500e+01	2.992540e+05
4.533500e+01	3.000480e+05
4.538500e+01	3.005430e+05
4.543600e+01	2.999940e+05
4.548500e+01	3.068510e+05
4.553500e+01	3.076860e+05
4.558500e+01	3.068920e+05
4.563500e+01	3.049230e+05
4.568500e+01	3.061880e+05
4.573500e+01	3.044810e+05
4.578500e+01	3.048030e+05
4.583500e+01	3.034950e+05
4.588500e+01	3.033180e+05
4.593600e+01	3.034360e+05
4.598600e+01	3.029520e+05
4.603600e+01	3.029340e+05
4.608600e+01	3.030890e+05
4.613600e+01	3.024510e+05
4.618600e+01	3.021690e+05
4.623700e+01	3.024200e+05
4.628600e+01	3.024090e+05
4.633600e+01	3.032410e+05
4.638600e+01	3.018340e+05
4.643700e+01	3.024630e+05
4.648700e+01	3.071910e+05
4.653700e+01	3.107280e+05
4.658700e+01	3.091040e+05
4.663700e+01	3.076900e+05
4.668700e+01	3.076230e+05
4.673700e+01	3.062400e+05
4.678800e+01	3.062030e+05
4.683800e+01	3.054590e+05
4.688700e+01	3.053280e+05
4.693700e+01	3.049540e+05
4.698800e+01	3.048740e+05
4.703800e+01	3.039800e+05
4.708800e+01	3.043600e+05
4.713900e+01	3.046020e+05
4.718800e+01	3.047100e+05
4.723800e+01	3.040110e+05
4.728800e+01	3.044390e+05
4.733800e+01	3.037540e+05
4.738800e+01	3.044080e+05
4.743800e+01	3.038770e+05
4.748900e+01	3.107250e+05
4.753800e+01	3.116520e+05
4.758800e+01	3.108910e+05
4.763900e+01	3.093620e+05
4.768900e+01	3.090730e+05
4.774000e+01	3.088910e+05
4.779000e+01	3.076330e+05
4.784000e+01	3.085380e+05
4.789000e+01	3.072710e+05
4.794000e+01	3.073960e+05
4.799000e+01	3.068910e+05
4.803900e+01	3.063580e+05
4.808900e+01	3.065210e+05
4.813900e+01	3.068240e+05
4.819000e+01	3.058160e+05
4.824000e+01	3.061040e+05
4.829000e+01	3.056940e+05
4.834000e+01	3.052570e+05
4.839000e+01	3.054990e+05
4.844000e+01	3.055570e+05
4.849000e+01	3.124230e+05
4.854100e+01	3.137800e+05
4.859000e+01	3.125230e+05
4.864100e+01	3.106830e+05
4.869000e+01	3.104550e+05
4.874100e+01	3.095640e+05
4.879200e+01	3.099800e+05
4.884100e+01	3.085920e+05
4.889100e+01	3.088870e+05
4.894200e+01	3.074610e+05
4.899100e+01	3.082320e+05
4.904200e+01	3.081090e+05
4.909200e+01	3.080700e+05
4.914200e+01	3.079710e+05
4.919200e+01	3.075940e+05
4.924200e+01	3.071210e+05
4.929200e+01	3.074510e+05
4.934200e+01	3.078130e+05
4.939200e+01	3.077060e+05
4.944200e+01	3.073840e+05
4.949300e+01	3.138830e+05
4.954200e+01	3.153650e+05
4.959200e+01	3.134490e+05
4.964300e+01	3.131920e+05
4.969300e+01	3.122410e+05
4.974300e+01	3.118960e+05
4.979300e+01	3.109170e+05
4.984300e+01	3.111440e+05
4.989300e+01	3.102830e+05
4.994400e+01	3.108110e+05
4.999400e+01	3.099800e+05
5.004400e+01	3.096790e+05
5.009300e+01	3.090210e+05
5.014400e+01	3.088920e+05
5.019300e+01	3.094590e+05
5.024400e+01	3.087530e+05
5.029400e+01	3.091990e+05
5.034400e+01	3.086330e+05
5.039400e+01	3.086540e+05
5.044400e+01	3.091650e+05
5.049400e+01	3.165680e+05
5.054500e+01	3.162210e+05
5.059400e+01	3.160950e+05
5.064500e+01	3.131410e+05
5.069400e+01	3.135510e+05
5.074500e+01	3.130390e+05
5.079500e+01	3.126540e+05
5.084500e+01	3.119090e+05
5.089500e+01	3.123000e+05
5.094600e+01	3.120230e+05
5.099500e+01	3.114080e+05
5.104500e+01	3.116730e+05
5.109500e+01	3.111130e+05
5.114600e+01	3.111940e+05
5.119500e+01	3.106180e+05
5.124600e+01	3.099020e+05
5.129600e+01	3.103260e+05
5.134600e+01	3.113860e+05
5.139600e+01	3.103230e+05
5.144600e+01	3.111650e+05
5.149600e+01	3.174900e+05
5.154700e+01	3.180780e+05
5.159700e+01	3.166610e+05
5.164700e+01	3.163290e+05
5.169700e+01	3.149000e+05
5.174700e+01	3.151050e+05
5.179700e+01	3.139240e+05
5.184600e+01	3.133880e+05
5.189700e+01	3.137000e+05
5.194700e+01	3.135050e+05
5.199600e+01	3.133120e+05
5.204700e+01	3.124810e+05
5.209700e+01	3.120640e+05
5.214700e+01	3.118590e+05
5.219700e+01	3.127760e+05
5.224700e+01	3.119480e+05
5.229700e+01	3.126340e+05
5.234800e+01	3.113970e+05
5.239800e+01	3.124810e+05
5.244800e+01	3.123450e+05
5.249800e+01	3.194950e+05
5.254800e+01	3.197760e+05
5.259800e+01	3.181560e+05
5.264900e+01	3.173860e+05
5.269800e+01	3.166990e+05
5.274900e+01	3.161520e+05
5.279800e+01	3.164740e+05
5.284900e+01	3.153530e+05
5.290000e+01	3.151620e+05
5.294900e+01	3.147940e+05
5.300000e+01	3.137520e+05
5.304900e+01	3.136580e+05
5.309900e+01	3.134710e+05
5.314900e+01	3.147130e+05
5.319900e+01	3.134110e+05
5.324900e+01	3.135900e+05
5.330000e+01	3.132590e+05
5.335000e+01	3.137220e+05
5.340000e+01	3.134220e+05
5.345000e+01	3.147040e+05
5.350000e+01	3.213240e+05
5.355000e+01	3.213820e+05
5.360100e+01	3.199990e+05
5.365000e+01	3.183090e+05
5.370100e+01	3.180690e+05
5.375000e+01	3.173620e+05
5.380100e+01	3.171990e+05
5.385000e+01	3.164450e+05
5.390000e+01	3.167600e+05
5.395100e+01	3.161300e+05
5.400100e+01	3.161380e+05
5.405100e+01	3.153590e+05
5.410100e+01	3.151060e+05
5.415100e+01	3.150050e+05
5.420200e+01	3.158130e+05
5.425200e+01	3.143510e+05
5.430100e+01	3.149840e+05
5.435100e+01	3.150000e+05
5.440200e+01	3.149330e+05
5.445100e+01	3.157330e+05
5.450100e+01	3.233260e+05
5.455200e+01	3.223650e+05
5.460200e+01	3.209140e+05
5.465200e+01	3.194980e+05
5.470200e+01	3.190170e+05
5.475200e+01	3.193770e+05
5.480300e+01	3.183510e+05
5.485300e+01	3.174830e+05
5.490300e+01	3.171820e+05
5.495300e+01	3.175280e+05
5.500200e+01	3.168730e+05
5.505300e+01	3.170450e+05
5.510300e+01	3.168500e+05
5.515300e+01	3.170330e+05
5.520300e+01	3.161520e+05
5.525400e+01	3.164240e+05
5.530400e+01	3.158550e+05
5.535300e+01	3.164860e+05
5.540400e+01	3.160340e+05
5.545400e+01	3.175490e+05
5.550400e+01	3.242200e+05
5.555300e+01	3.236570e+05
5.560400e+01	3.233140e+05
5.565400e+01	3.216140e+05
5.570300e+01	3.207960e+05
5.575400e+01	3.208080e+05
5.580500e+01	3.209770e+05
5.585500e+01	3.196720e+05
5.590500e+01	3.194760e+05
5.595500e+01	3.193720e+05
5.600500e+01	3.190420e+05
5.605400e+01	3.183020e+05
5.610400e+01	3.182350e+05
5.615500e+01	3.183940e+05
5.620500e+01	3.183350e+05
5.625500e+01	3.187740e+05
5.630500e+01	3.177450e+05
5.635500e+01	3.177930e+05
5.640500e+01	3.178360e+05
5.645500e+01	3.206180e+05
5.650500e+01	3.253410e+05
5.655500e+01	3.287640e+05
5.660600e+01	3.241300e+05
5.665600e+01	3.231210e+05
5.670500e+01	3.223950e+05
5.675600e+01	3.223950e+05
5.680600e+01	3.217680e+05
5.685600e+01	3.214600e+05
5.690600e+01	3.201820e+05
5.695600e+01	3.208290e+05
5.700700e+01	3.200830e+05
5.705600e+01	3.205440e+05
5.710700e+01	3.203090e+05
5.715600e+01	3.200330e+05
5.720700e+01	3.200770e+05
5.725600e+01	3.190460e+05
5.730700e+01	3.199990e+05
5.735700e+01	3.189080e+05
5.740700e+01	3.196850e+05
5.745700e+01	3.213430e+05
5.750700e+01	3.277350e+05
5.755800e+01	3.266210e+05
5.760800e+01	3.254500e+05
5.765800e+01	3.250120e+05
5.770800e+01	3.246660e+05
5.775800e+01	3.235700e+05
5.780800e+01	3.229780e+05
5.785800e+01	3.227720e+05
5.790800e+01	3.223270e+05
5.795800e+01	3.230100e+05
5.800800e+01	3.215100e+05
5.805800e+01	3.214980e+05
5.810900e+01	3.214370e+05
5.815800e+01	3.223670e+05
5.820900e+01	3.212320e+05
5.825900e+01	3.215320e+05
5.830900e+01	3.210890e+05
5.835900e+01	3.216460e+05
5.840900e+01	3.211490e+05
5.845900e+01	3.226760e+05
5.850900e+01	3.293190e+05
5.855900e+01	3.287330e+05
5.860900e+01	3.276270e+05
5.866000e+01	3.260360e+05
5.870900e+01	3.258950e+05
5.875900e+01	3.258120e+05
5.881000e+01	3.245800e+05
5.886000e+01	3.236750e+05
5.891000e+01	3.246470e+05
5.896000e+01	3.240780e+05
5.901000e+01	3.236840e+05
5.906000e+01	3.226360e+05
5.911100e+01	3.226990e+05
5.916000e+01	3.227130e+05
5.921100e+01	3.231110e+05
5.926100e+01	3.222130e+05
5.931000e+01	3.220360e+05
5.936100e+01	3.223850e+05
5.941100e+01	3.222420e+05
5.946100e+01	3.246190e+05
5.951100e+01	3.304420e+05
5.956100e+01	3.301970e+05
5.961100e+01	3.285950e+05
5.966100e+01	3.277710e+05
5.971100e+01	3.266140e+05
5.976100e+01	3.271100e+05
5.981200e+01	3.259290e+05
5.986200e+01	3.258450e+05
5.991100e+01	3.249590e+05
5.996200e+01	3.250630e+05
6.001200e+01	3.241060e+05
6.006200e+01	3.246790e+05
6.011200e+01	3.247040e+05
6.016200e+01	3.238310e+05
6.021300e+01	3.238980e+05
6.026200e+01	3.239570e+05
6.031300e+01	3.238450e+05
6.036200e+01	3.238410e+05
6.041300e+01	3.238350e+05
6.046300e+01	3.268800e+05
6.051400e+01	3.322210e+05
6.056300e+01	3.308810e+05
6.061400e+01	3.301850e+05
6.066300e+01	3.289460e+05
6.071300e+01	3.292330e+05
6.076300e+01	3.277390e+05
6.081400e+01	3.275930e+05
6.086300e+01	3.263650e+05
6.091400e+01	3.269010e+05
6.096400e+01	3.265220e+05
6.101400e+01	3.263470e+05
6.106400e+01	3.264080e+05
6.111400e+01	3.259640e+05
6.116400e+01	3.259370e+05
6.121400e+01	3.253710e+05
6.126500e+01	3.255440e+05
6.131500e+01	3.255510e+05
6.136400e+01	3.255800e+05
6.141500e+01	3.244140e+05
6.146400e+01	3.274070e+05
6.151500e+01	3.330140e+05
6.156500e+01	3.328940e+05
6.161500e+01	3.308660e+05
6.166500e+01	3.300530e+05
6.171600e+01	3.300140e+05
6.176600e+01	3.294750e+05
6.181600e+01	3.291580e+05
6.186600e+01	3.280030e+05
6.191600e+01	3.278240e+05
6.196600e+01	3.279750e+05
6.201600e+01	3.273670e+05
6.206600e+01	3.256760e+05
6.211600e+01	3.272060e+05
6.216600e+01	3.269150e+05
6.221700e+01	3.272950e+05
6.226700e+01	3.257830e+05
6.231700e+01	3.263920e+05
6.236700e+01	3.257540e+05
6.241600e+01	3.265170e+05
6.246600e+01	3.287930e+05
6.251600e+01	3.343540e+05
6.256700e+01	3.337790e+05
6.261700e+01	3.313560e+05
6.266700e+01	3.303740e+05
6.271800e+01	3.301970e+05
6.276700e+01	3.308060e+05
6.281800e+01	3.300540e+05
6.286800e+01	3.286060e+05
6.291700e+01	3.279060e+05
6.296700e+01	3.291910e+05
6.301800e+01	3.282700e+05
6.306800e+01	3.277490e+05
6.311800e+01	3.276460e+05
6.316700e+01	3.285460e+05
6.321800e+01	3.273540e+05
6.326800e+01	3.272440e+05
6.331800e+01	3.274340e+05
6.336800e+01	3.273430e+05
6.341800e+01	3.273450e+05
6.346800e+01	3.296510e+05
6.351800e+01	3.355030e+05
6.356900e+01	3.349330e+05
6.361900e+01	3.334110e+05
6.366900e+01	3.325860e+05
6.371900e+01	3.319240e+05
6.376900e+01	3.307670e+05
6.381900e+01	3.310050e+05
6.386900e+01	3.300430e+05
6.391900e+01	3.299500e+05
6.397000e+01	3.286170e+05
6.402000e+01	3.294060e+05
6.407000e+01	3.285960e+05
6.412000e+01	3.291180e+05
6.417000e+01	3.288510e+05
6.422000e+01	3.287350e+05
6.427000e+01	3.282450e+05
6.432000e+01	3.276850e+05
6.437100e+01	3.282420e+05
6.442000e+01	3.283290e+05
6.447100e+01	3.307950e+05
6.452100e+01	3.359700e+05
6.457100e+01	3.345860e+05
6.462100e+01	3.335390e+05
6.467000e+01	3.327770e+05
6.472100e+01	3.318670e+05
6.477000e+01	3.320940e+05
6.482100e+01	3.304710e+05
6.487100e+01	3.309150e+05
6.492100e+01	3.300620e+05
6.497100e+01	3.306330e+05
6.502200e+01	3.300570e+05
6.507200e+01	3.288370e+05
6.512200e+01	3.293090e+05
6.517100e+01	3.291580e+05
6.522100e+01	3.285500e+05
6.527100e+01	3.285470e+05
6.532200e+01	3.288760e+05
6.537200e+01	3.293130e+05
6.542200e+01	3.286360e+05
6.547300e+01	3.316870e+05
6.552200e+01	3.364700e+05
6.557200e+01	3.353790e+05
6.562300e+01	3.337460e+05
6.567300e+01	3.323570e+05
6.572200e+01	3.325800e+05
6.577200e+01	3.318120e+05
6.582300e+01	3.316360e+05
6.587300e+01	3.307310e+05
6.592300e+01	3.301590e+05
6.597300e+01	3.302180e+05
6.602300e+01	3.294280e+05
6.607400e+01	3.295610e+05
6.612300e+01	3.290590e+05
6.617400e+01	3.299150e+05
6.622400e+01	3.285230e+05
6.627300e+01	3.282700e+05
6.632400e+01	3.280860e+05
6.637300e+01	3.290270e+05
6.642400e+01	3.289110e+05
6.647400e+01	3.316440e+05
6.652400e+01	3.356540e+05
6.657500e+01	3.348640e+05
6.662400e+01	3.330730e+05
6.667400e+01	3.325940e+05
6.672500e+01	3.326340e+05
6.677400e+01	3.318670e+05
6.682500e+01	3.305130e+05
6.687500e+01	3.305890e+05
6.692500e+01	3.299880e+05
6.697500e+01	3.301760e+05
6.702500e+01	3.302780e+05
6.707500e+01	3.287260e+05
6.712600e+01	3.286300e+05
6.717500e+01	3.285100e+05
6.722500e+01	3.290800e+05
6.727500e+01	3.280770e+05
6.732600e+01	3.291390e+05
6.737500e+01	3.277630e+05
6.742600e+01	3.274170e+05
6.747600e+01	3.312030e+05
6.752600e+01	3.355210e+05
6.757600e+01	3.337600e+05
6.762600e+01	3.331880e+05
6.767600e+01	3.316130e+05
6.772600e+01	3.312930e+05
6.777600e+01	3.305380e+05
6.782700e+01	3.304050e+05
6.787700e+01	3.293350e+05
6.792700e+01	3.295530e+05
6.797600e+01	3.284060e+05
6.802800e+01	3.282630e+05
6.807700e+01	3.284300e+05
6.812700e+01	3.281260e+05
6.817700e+01	3.280540e+05
6.822800e+01	3.277310e+05
6.827800e+01	3.276480e+05
6.832800e+01	3.269570e+05
6.837700e+01	3.279550e+05
6.842700e+01	3.268720e+05
6.847800e+01	3.305370e+05
6.852800e+01	3.349540e+05
6.857800e+01	3.333990e+05
6.862800e+01	3.311720e+05
6.867900e+01	3.301690e+05
6.872800e+01	3.297820e+05
6.877800e+01	3.295170e+05
6.882800e+01	3.295540e+05
6.887900e+01	3.282410e+05
6.892900e+01	3.288890e+05
6.897900e+01	3.281010e+05
6.902900e+01	3.285600e+05
6.907900e+01	3.270900e+05
6.912900e+01	3.271210e+05
6.918000e+01	3.272060e+05
6.922900e+01	3.269600e+05
6.927900e+01	3.264800e+05
6.933000e+01	3.262720e+05
6.938000e+01	3.268940e+05
6.943000e+01	3.266160e+05
6.948000e+01	3.301120e+05
6.953000e+01	3.334780e+05
6.958000e+01	3.311760e+05
6.963000e+01	3.308330e+05
6.968000e+01	3.299920e+05
6.973100e+01	3.287730e+05
6.978000e+01	3.291040e+05
6.983000e+01	3.274650e+05
6.988000e+01	3.271820e+05
6.993100e+01	3.261490e+05
6.998100e+01	3.264070e+05
7.003100e+01	3.262130e+05
7.008100e+01	3.260940e+05
7.013100e+01	3.253460e+05
7.018100e+01	3.259260e+05
7.023200e+01	3.253920e+05
7.028100e+01	3.246910e+05
7.033100e+01	3.245980e+05
7.038100e+01	3.251950e+05
7.043200e+01	3.241050e+05
7.048200e+01	3.284450e+05
7.053200e+01	3.314870e+05
7.058200e+01	3.300940e+05
7.063100e+01	3.313230e+05
7.068200e+01	3.286310e+05
7.073200e+01	3.283700e+05
7.078200e+01	3.273170e+05
7.083200e+01	3.274320e+05
7.088200e+01	3.254300e+05
7.093200e+01	3.250850e+05
7.098300e+01	3.251920e+05
7.103300e+01	3.244050e+05
7.108300e+01	3.235020e+05
7.113300e+01	3.283050e+05
7.118300e+01	3.244980e+05
7.123300e+01	3.245810e+05
7.128300e+01	3.236990e+05
7.133400e+01	3.229640e+05
7.138400e+01	3.228710e+05
7.143400e+01	3.228240e+05
7.148400e+01	3.278380e+05
7.153400e+01	3.291310e+05
7.158400e+01	3.285920e+05
7.163400e+01	3.255790e+05
7.168400e+01	3.252500e+05
7.173400e+01	3.245010e+05
7.178400e+01	3.242530e+05
7.183400e+01	3.238790e+05
7.188400e+01	3.230950e+05
7.193500e+01	3.225120e+05
7.198500e+01	3.225500e+05
7.203400e+01	3.218090e+05
7.208400e+01	3.213620e+05
7.213400e+01	3.214720e+05
7.218400e+01	3.209560e+05
7.223500e+01	3.208550e+05
7.228500e+01	3.201940e+05
7.233500e+01	3.209950e+05
7.238500e+01	3.202230e+05
7.243500e+01	3.209690e+05
7.248500e+01	3.237520e+05
7.253500e+01	3.262110e+05
7.258600e+01	3.248690e+05
7.263600e+01	3.243510e+05
7.268600e+01	3.223110e+05
7.273600e+01	3.223300e+05
7.278600e+01	3.217220e+05
7.283600e+01	3.231570e+05
7.288600e+01	3.206560e+05
7.293600e+01	3.196650e+05
7.298600e+01	3.201540e+05
7.303700e+01	3.184970e+05
7.308700e+01	3.184850e+05
7.313600e+01	3.170570e+05
7.318600e+01	3.188460e+05
7.323700e+01	3.178590e+05
7.328800e+01	3.178890e+05
7.333700e+01	3.174150e+05
7.338700e+01	3.176210e+05
7.343700e+01	3.171940e+05
7.348800e+01	3.215010e+05
7.353800e+01	3.226930e+05
7.358800e+01	3.215200e+05
7.363700e+01	3.198490e+05
7.368800e+01	3.193590e+05
7.373800e+01	3.180460e+05
7.378700e+01	3.177980e+05
7.383800e+01	3.183400e+05
7.388800e+01	3.169860e+05
7.393900e+01	3.166840e+05
7.398800e+01	3.155000e+05
7.403800e+01	3.164880e+05
7.408800e+01	3.162190e+05
7.413800e+01	3.155520e+05
7.418900e+01	3.150430e+05
7.423800e+01	3.151590e+05
7.428800e+01	3.144240e+05
7.433900e+01	3.150510e+05
7.438900e+01	3.143820e+05
7.443900e+01	3.143970e+05
7.448900e+01	3.200860e+05
7.454000e+01	3.197090e+05
7.458900e+01	3.190880e+05
7.463900e+01	3.171330e+05
7.468900e+01	3.160400e+05
7.474000e+01	3.150560e+05
7.479000e+01	3.149730e+05
7.484000e+01	3.140970e+05
7.488900e+01	3.142590e+05
7.494000e+01	3.131720e+05
7.499000e+01	3.131320e+05
7.504000e+01	3.126060e+05
7.509000e+01	3.111320e+05
7.514100e+01	3.122010e+05
7.519000e+01	3.122200e+05
7.524100e+01	3.120450e+05
7.529000e+01	3.113290e+05
7.534100e+01	3.107140e+05
7.539100e+01	3.115980e+05
7.544100e+01	3.117970e+05
7.549100e+01	3.154380e+05
7.554100e+01	3.173000e+05
7.559100e+01	3.141860e+05
7.564200e+01	3.143430e+05
7.569200e+01	3.129510e+05
7.574100e+01	3.123850e+05
7.579100e+01	3.118260e+05
7.584200e+01	3.108060e+05
7.589300e+01	3.102700e+05
7.594200e+01	3.105840e+05
7.599200e+01	3.103820e+05
7.604100e+01	3.102320e+05
7.609200e+01	3.097110e+05
7.614300e+01	3.091330e+05
7.619300e+01	3.083980e+05
7.624200e+01	3.086550e+05
7.629300e+01	3.093790e+05
7.634200e+01	3.084590e+05
7.639300e+01	3.092790e+05
7.644300e+01	3.077030e+05
7.649300e+01	3.127600e+05
7.654300e+01	3.132700e+05
7.659300e+01	3.122700e+05
7.664300e+01	3.107730e+05
7.669300e+01	3.096730e+05
7.674300e+01	3.086090e+05
7.679300e+01	3.077010e+05
7.684400e+01	3.086120e+05
7.689400e+01	3.077170e+05
7.694400e+01	3.070040e+05
7.699400e+01	3.083210e+05
7.704300e+01	3.077280e+05
7.709300e+01	3.061160e+05
7.714400e+01	3.064560e+05
7.719400e+01	3.056820e+05
7.724500e+01	3.059630e+05
7.729400e+01	3.047410e+05
7.734500e+01	3.056160e+05
7.739500e+01	3.047400e+05
7.744500e+01	3.064420e+05
7.749500e+01	3.092300e+05
7.754500e+01	3.099870e+05
7.759400e+01	3.083200e+05
7.764500e+01	3.073540e+05
7.769400e+01	3.060440e+05
7.774500e+01	3.060980e+05
7.779500e+01	3.053200e+05
7.784500e+01	3.051260e+05
7.789500e+01	3.047050e+05
7.794600e+01	3.038560e+05
7.799600e+01	3.040060e+05
7.804600e+01	3.036550e+05
7.809600e+01	3.033690e+05
7.814600e+01	3.023790e+05
7.819600e+01	3.023870e+05
7.824600e+01	3.023020e+05
7.829600e+01	3.022610e+05
7.834700e+01	3.022390e+05
7.839700e+01	3.024110e+05
7.844600e+01	3.023980e+05
7.849700e+01	3.063360e+05
7.854600e+01	3.065660e+05
7.859700e+01	3.063470e+05
7.864700e+01	3.045360e+05
7.869700e+01	3.034900e+05
7.874700e+01	3.021260e+05
7.879700e+01	3.017850e+05
7.884700e+01	3.015360e+05
7.889700e+01	3.012160e+05
7.894800e+01	3.009950e+05
7.899800e+01	3.002510e+05
7.904800e+01	3.006030e+05
7.909700e+01	2.999970e+05
7.914800e+01	3.000400e+05
7.919800e+01	2.997240e+05
7.924800e+01	2.997230e+05
7.929900e+01	2.988590e+05
7.934800e+01	2.988040e+05
7.939900e+01	2.985610e+05
7.944900e+01	2.989910e+05
7.949800e+01	3.036740e+05
7.954800e+01	3.028180e+05
7.959900e+01	3.020940e+05
7.964900e+01	3.010950e+05
7.969800e+01	3.001050e+05
7.974900e+01	2.994550e+05
7.979900e+01	2.986350e+05
7.984900e+01	2.983260e+05
7.990000e+01	2.985460e+05
7.994900e+01	2.968370e+05
8.000000e+01	2.970970e+05
8.004900e+01	2.970980e+05
8.010000e+01	2.965200e+05
8.015000e+01	2.958500e+05
8.020000e+01	2.965830e+05
8.024900e+01	2.960130e+05
8.030000e+01	2.962520e+05
8.035000e+01	2.957520e+05
8.040000e+01	2.955350e+05
8.045000e+01	2.963080e+05
8.050000e+01	3.000640e+05
8.055000e+01	3.007170e+05
8.060100e+01	2.981210e+05
8.065100e+01	2.977300e+05
8.070100e+01	2.962930e+05
8.075100e+01	2.957520e+05
8.080100e+01	2.951560e+05
8.085100e+01	2.960420e+05
8.090200e+01	2.945630e+05
8.095100e+01	2.950840e+05
8.100100e+01	2.961900e+05
8.105100e+01	2.944390e+05
8.110100e+01	2.940410e+05
8.115200e+01	2.936900e+05
8.120200e+01	2.932080e+05
8.125200e+01	2.926530e+05
8.130200e+01	2.922760e+05
8.135200e+01	2.923520e+05
8.140100e+01	2.932730e+05
8.145200e+01	2.938600e+05
8.150200e+01	2.975710e+05
8.155200e+01	2.959660e+05
8.160300e+01	2.958170e+05
8.165300e+01	2.943240e+05
8.170200e+01	2.943850e+05
8.175300e+01	2.930260e+05
8.180300e+01	2.930260e+05
8.185300e+01	2.914030e+05
8.190300e+01	2.912580e+05
8.195300e+01	2.911260e+05
8.200300e+01	2.916340e+05
8.205300e+01	2.903630e+05
8.210300e+01	2.909080e+05
8.215300e+01	2.904780e+05
8.220300e+01	2.901690e+05
8.225400e+01	2.906070e+05
8.230400e+01	2.897030e+05
8.235400e+01	2.895920e+05
8.240400e+01	2.894520e+05
8.245400e+01	2.906520e+05
8.250500e+01	2.940600e+05
8.255400e+01	2.941550e+05
8.260500e+01	2.929650e+05
8.265500e+01	2.926680e+05
8.270400e+01	2.903370e+05
8.275500e+01	2.901200e+05
8.280500e+01	2.899720e+05
8.285500e+01	2.896470e+05
8.290500e+01	2.888030e+05
8.295500e+01	2.883350e+05
8.300500e+01	2.884370e+05
8.305500e+01	2.878670e+05
8.310600e+01	2.886210e+05
8.315600e+01	2.870550e+05
8.320500e+01	2.882690e+05
8.325500e+01	2.872280e+05
8.330600e+01	2.874280e+05
8.335600e+01	2.872780e+05
8.340500e+01	2.875110e+05
8.345600e+01	2.888460e+05
8.350600e+01	2.921870e+05
8.355600e+01	2.914400e+05
8.360600e+01	2.900840e+05
8.365600e+01	2.896250e+05
8.370700e+01	2.893210e+05
8.375700e+01	2.882480e+05
8.380700e+01	2.873380e+05
8.385600e+01	2.871480e+05
8.390700e+01	2.862750e+05
8.395700e+01	2.869400e+05
8.400700e+01	2.860480e+05
8.405700e+01	2.865750e+05
8.410700e+01	2.853240e+05
8.415700e+01	2.858200e+05
8.420800e+01	2.848870e+05
8.425800e+01	2.855050e+05
8.430800e+01	2.852160e+05
8.435700e+01	2.857650e+05
8.440800e+01	2.845610e+05
8.445800e+01	2.869160e+05
8.450800e+01	2.894190e+05
8.455800e+01	2.900270e+05
8.460800e+01	2.884300e+05
8.465800e+01	2.873200e+05
8.470800e+01	2.864190e+05
8.475800e+01	2.849950e+05
8.480800e+01	2.856080e+05
8.485800e+01	2.846910e+05
8.490900e+01	2.849700e+05
8.495800e+01	2.843520e+05
8.500900e+01	2.838980e+05
8.505900e+01	2.838780e+05
8.510900e+01	2.834920e+05
8.515900e+01	2.832610e+05
8.520900e+01	2.836900e+05
8.525900e+01	2.826040e+05
8.530900e+01	2.826150e+05
8.535900e+01	2.822020e+05
8.540900e+01	2.825390e+05
8.545900e+01	2.844680e+05
8.551000e+01	2.871980e+05
8.556000e+01	2.875040e+05
8.561000e+01	2.861150e+05
8.566000e+01	2.862460e+05
8.571000e+01	2.844850e+05
8.576000e+01	2.843820e+05
8.581000e+01	2.838030e+05
8.586100e+01	2.835640e+05
8.591100e+01	2.829840e+05
8.596000e+01	2.823820e+05
8.601000e+01	2.817700e+05
8.606000e+01	2.818390e+05
8.611100e+01	2.816730e+05
8.616100e+01	2.818820e+05
8.621100e+01	2.819040e+05
8.626100e+01	2.815750e+05
8.631200e+01	2.816520e+05
8.636100e+01	2.809870e+05
8.641100e+01	2.808040e+05
8.646100e+01	2.826380e+05
8.651100e+01	2.867620e+05
8.656100e+01	2.855240e+05
8.661100e+01	2.843340e+05
8.666200e+01	2.838610e+05
8.671200e+01	2.829610e+05
8.676200e+01	2.819210e+05
8.681200e+01	2.821540e+05
8.686200e+01	2.814210e+05
8.691200e+01	2.815880e+05
8.696200e+01	2.807810e+05
8.701300e+01	2.810140e+05
8.706300e+01	2.812950e+05
8.711300e+01	2.805020e+05
8.716300e+01	2.811650e+05
8.721300e+01	2.798400e+05
8.726300e+01	2.802660e+05
8.731300e+01	2.796930e+05
8.736300e+01	2.803890e+05
8.741400e+01	2.799700e+05
8.746300e+01	2.822090e+05
8.751400e+01	2.860430e+05
8.756400e+01	2.849080e+05
8.761300e+01	2.835330e+05
8.766400e+01	2.832250e+05
8.771300e+01	2.826150e+05
8.776500e+01	2.815150e+05
8.781400e+01	2.807180e+05
8.786400e+01	2.811860e+05
8.791400e+01	2.802290e+05
8.796400e+01	2.798100e+05
8.801500e+01	2.806590e+05
8.806500e+01	2.797460e+05
8.811400e+01	2.799920e+05
8.816500e+01	2.795890e+05
8.821500e+01	2.795770e+05
8.826500e+01	2.788200e+05
8.831500e+01	2.793330e+05
8.836500e+01	2.791940e+05
8.841600e+01	2.787410e+05
8.846500e+01	2.808660e+05
8.851600e+01	2.851690e+05
8.856500e+01	2.842000e+05
8.861600e+01	2.825370e+05
8.866500e+01	2.817200e+05
8.871500e+01	2.811490e+05
8.876600e+01	2.805430e+05
8.881600e+01	2.810100e+05
8.886600e+01	2.803650e+05
8.891600e+01	2.798190e+05
8.896600e+01	2.792890e+05
8.901600e+01	2.791630e+05
8.906700e+01	2.792870e+05
8.911700e+01	2.785490e+05
8.916700e+01	2.779400e+05
8.921700e+01	2.781040e+05
8.926700e+01	2.787390e+05
8.931700e+01	2.786980e+05
8.936800e+01	2.779310e+05
8.941700e+01	2.788430e+05
8.946700e+01	2.812590e+05
8.951800e+01	2.850570e+05
8.956700e+01	2.833240e+05
8.961700e+01	2.825950e+05
8.966700e+01	2.815750e+05
8.971700e+01	2.813100e+05
8.976800e+01	2.800140e+05
8.981800e+01	2.799790e+05
8.986800e+01	2.799320e+05
8.991800e+01	2.794420e+05
8.996800e+01	2.787430e+05
9.001800e+01	2.785430e+05
9.006900e+01	2.786710e+05
9.011900e+01	2.783880e+05
9.016900e+01	2.775990e+05
9.021900e+01	2.784650e+05
9.026900e+01	2.785560e+05
9.031900e+01	2.782690e+05
9.036900e+01	2.781640e+05
9.041900e+01	2.776600e+05
9.046900e+01	2.810350e+05
9.051900e+01	2.845490e+05
9.056900e+01	2.838230e+05
9.061900e+01	2.823770e+05
9.066900e+01	2.817180e+05
9.071900e+01	2.808640e+05
9.076900e+01	2.806370e+05
9.081900e+01	2.796960e+05
9.086900e+01	2.801780e+05
9.092000e+01	2.793840e+05
9.097000e+01	2.793140e+05
9.102000e+01	2.794080e+05
9.107000e+01	2.793050e+05
9.112000e+01	2.784000e+05
9.117100e+01	2.786500e+05
9.122000e+01	2.776910e+05
9.127100e+01	2.784640e+05
9.132100e+01	2.782380e+05
9.137100e+01	2.777600e+05
9.142100e+01	2.776580e+05
9.147100e+01	2.811270e+05
9.152100e+01	2.847750e+05
9.157100e+01	2.833990e+05
9.162200e+01	2.832250e+05
9.167100e+01	2.820840e+05
9.172100e+01	2.812780e+05
9.177200e+01	2.805080e+05
9.182200e+01	2.802450e+05
9.187200e+01	2.798500e+05
9.192200e+01	2.798220e+05
9.197100e+01	2.796890e+05
9.202200e+01	2.793560e+05
9.207200e+01	2.785990e+05
9.212200e+01	2.790890e+05
9.217200e+01	2.791000e+05
9.222200e+01	2.792270e+05
9.227300e+01	2.791250e+05
9.232200e+01	2.782170e+05
9.237300e+01	2.783380e+05
9.242300e+01	2.781560e+05
9.247300e+01	2.824440e+05
9.252200e+01	2.848770e+05
9.257300e+01	2.838840e+05
9.262300e+01	2.823030e+05
9.267300e+01	2.827220e+05
9.272300e+01	2.814680e+05
9.277400e+01	2.819390e+05
9.282400e+01	2.811510e+05
9.287300e+01	2.841840e+05
9.292400e+01	2.812330e+05
9.297400e+01	2.800380e+05
9.302400e+01	2.801610e+05
9.307400e+01	2.798880e+05
9.312400e+01	2.787930e+05
9.317400e+01	2.790160e+05
9.322400e+01	2.790140e+05
9.327400e+01	2.786870e+05
9.332500e+01	2.792490e+05
9.337500e+01	2.788960e+05
9.342500e+01	2.788190e+05
9.347400e+01	2.832020e+05
9.352500e+01	2.864370e+05
9.357500e+01	2.843550e+05
9.362500e+01	2.846940e+05
9.367500e+01	2.831650e+05
9.372500e+01	2.831340e+05
9.377500e+01	2.815860e+05
9.382500e+01	2.815130e+05
9.387500e+01	2.813940e+05
9.392500e+01	2.814720e+05
9.397500e+01	2.805150e+05
9.402500e+01	2.807120e+05
9.407600e+01	2.810210e+05
9.412600e+01	2.802240e+05
9.417600e+01	2.804450e+05
9.422600e+01	2.796550e+05
9.427600e+01	2.804430e+05
9.432600e+01	2.802820e+05
9.437600e+01	2.801330e+05
9.442600e+01	2.785540e+05
9.447700e+01	2.850680e+05
9.452700e+01	2.869600e+05
9.457600e+01	2.858210e+05
9.462700e+01	2.849740e+05
9.467600e+01	2.842270e+05
9.472700e+01	2.839630e+05
9.477700e+01	2.832120e+05
9.482700e+01	2.829090e+05
9.487700e+01	2.823300e+05
9.492800e+01	2.827760e+05
9.497800e+01	2.814040e+05
9.502700e+01	2.819040e+05
9.507800e+01	2.814090e+05
9.512800e+01	2.821050e+05
9.517800e+01	2.809410e+05
9.522800e+01	2.815630e+05
9.527800e+01	2.812660e+05
9.532800e+01	2.812970e+05
9.537900e+01	2.811580e+05
9.542800e+01	2.810170e+05
9.547900e+01	2.861240e+05
9.552900e+01	2.886230e+05
9.557900e+01	2.874570e+05
9.562900e+01	2.857170e+05
9.567800e+01	2.860420e+05
9.572800e+01	2.851510e+05
9.577900e+01	2.843850e+05
9.582900e+01	2.838250e+05
9.587900e+01	2.840710e+05
9.592900e+01	2.831590e+05
9.598000e+01	2.840150e+05
9.602900e+01	2.825490e+05
9.607900e+01	2.842650e+05
9.613000e+01	2.824150e+05
9.618000e+01	2.825940e+05
9.622900e+01	2.827850e+05
9.628000e+01	2.826410e+05
9.633000e+01	2.827510e+05
9.638000e+01	2.824330e+05
9.643000e+01	2.826280e+05
9.648000e+01	2.880630e+05
9.653000e+01	2.897910e+05
9.658100e+01	2.888530e+05
9.663000e+01	2.879010e+05
9.668100e+01	2.877080e+05
9.673000e+01	2.874110e+05
9.678100e+01	2.860080e+05
9.683100e+01	2.860950e+05
9.688100e+01	2.853780e+05
9.693200e+01	2.861090e+05
9.698100e+01	2.854540e+05
9.703200e+01	2.856420e+05
9.708100e+01	2.856600e+05
9.713200e+01	2.850570e+05
9.718200e+01	2.845390e+05
9.723200e+01	2.841190e+05
9.728200e+01	2.849780e+05
9.733200e+01	2.849060e+05
9.738200e+01	2.840540e+05
9.743300e+01	2.837290e+05
9.748200e+01	2.904830e+05
9.753200e+01	2.926700e+05
9.758300e+01	2.913850e+05
9.763200e+01	2.903030e+05
9.768300e+01	2.896230e+05
9.773300e+01	2.888550e+05
9.778300e+01	2.882000e+05
9.783300e+01	2.878560e+05
9.788300e+01	2.877000e+05
9.793300e+01	2.885500e+05
9.798300e+01	2.863310e+05
9.803400e+01	2.870430e+05
9.808300e+01	2.870860e+05
9.813300e+01	2.900180e+05
9.818400e+01	2.866530e+05
9.823300e+01	2.873730e+05
9.828300e+01	2.869260e+05
9.833400e+01	2.871390e+05
9.838400e+01	2.858420e+05
9.843400e+01	2.863480e+05
9.848400e+01	2.908980e+05
9.853400e+01	2.949280e+05
9.858400e+01	2.923540e+05
9.863400e+01	2.920700e+05
9.868400e+01	2.918860e+05
9.873400e+01	2.913510e+05
9.878500e+01	2.907040e+05
9.883500e+01	2.898810e+05
9.888500e+01	2.901010e+05
9.893400e+01	2.901710e+05
9.898500e+01	2.894910e+05
9.903500e+01	2.894560e+05
9.908500e+01	2.891900e+05
9.913600e+01	2.913140e+05
9.918600e+01	2.894080e+05
9.923600e+01	2.890720e+05
9.928600e+01	2.896020e+05
9.933500e+01	2.884000e+05
9.938500e+01	2.885930e+05
9.943600e+01	2.882860e+05
9.948600e+01	2.937920e+05
9.953600e+01	2.966110e+05
9.958600e+01	2.957770e+05
9.963600e+01	2.948030e+05
9.968600e+01	2.930620e+05
9.973700e+01	2.937320e+05
9.978700e+01	2.924720e+05
9.983600e+01	2.923270e+05
9.988700e+01	2.919130e+05
9.993700e+01	2.921620e+05
9.998600e+01	2.917390e+05
1.000370e+02	2.913530e+05
1.000870e+02	2.910540e+05
1.001370e+02	2.918320e+05
1.001880e+02	2.909810e+05
1.002370e+02	2.911660e+05
1.002880e+02	2.906800e+05
1.003380e+02	2.914100e+05
1.003870e+02	2.901530e+05
1.004380e+02	2.912550e+05
1.004870e+02	2.965980e+05
1.005370e+02	2.994560e+05
1.005880e+02	2.980590e+05
1.006380e+02	2.966630e+05
1.006880e+02	2.968520e+05
1.007380e+02	2.957390e+05
1.007880e+02	2.950280e+05
1.008390e+02	2.953900e+05
1.008890e+02	2.959150e+05
1.009380e+02	2.936790e+05
1.009890e+02	2.946640e+05
1.010380e+02	2.937490e+05
1.010880e+02	2.938980e+05
1.011390e+02	2.939750e+05
1.011890e+02	2.932100e+05
1.012390e+02	2.933050e+05
1.012900e+02	2.936320e+05
1.013390e+02	2.938540e+05
1.013890e+02	2.938090e+05
1.014390e+02	2.935190e+05
1.014900e+02	2.998330e+05
1.015400e+02	3.013680e+05
1.015900e+02	3.005270e+05
1.016400e+02	2.989610e+05
1.016900e+02	2.984960e+05
1.017400e+02	2.987260e+05
1.017900e+02	2.979230e+05
1.018400e+02	2.978370e+05
1.018910e+02	2.969920e+05
1.019410e+02	2.968840e+05
1.019910e+02	2.958970e+05
1.020400e+02	2.965760e+05
1.020910e+02	2.964640e+05
1.021410e+02	2.957010e+05
1.021910e+02	2.955180e+05
1.022410e+02	2.951670e+05
1.022910e+02	2.967410e+05
1.023410e+02	2.961320e+05
1.023920e+02	2.961620e+05
1.024410e+02	2.953550e+05
1.024910e+02	3.024920e+05
1.025420e+02	3.035790e+05
1.025920e+02	3.029450e+05
1.026420e+02	3.018980e+05
1.026920e+02	3.016830e+05
1.027410e+02	3.004940e+05
1.027920e+02	2.999070e+05
1.028420e+02	2.991830e+05
1.028920e+02	3.005170e+05
1.029430e+02	2.991780e+05
1.029930e+02	2.991180e+05
1.030430e+02	2.987590e+05
1.030930e+02	2.993120e+05
1.031430e+02	2.984740e+05
1.031930e+02	2.981050e+05
1.032430e+02	2.982460e+05
1.032930e+02	2.983400e+05
1.033440e+02	2.985140e+05
1.033940e+02	2.976590e+05
1.034430e+02	2.983960e+05
1.034940e+02	3.055690e+05
1.035440e+02	3.070300e+05
1.035930e+02	3.050620e+05
1.036440e+02	3.041140e+05
1.036930e+02	3.032820e+05
1.037440e+02	3.034650e+05
1.037940e+02	3.028300e+05
1.038440e+02	3.022010e+05
1.038940e+02	3.023320e+05
1.039440e+02	3.017580e+05
1.039940e+02	3.009830e+05
1.040450e+02	3.012110e+05
1.040940e+02	3.015640e+05
1.041450e+02	3.017540e+05
1.041950e+02	3.013440e+05
1.042450e+02	3.004630e+05
1.042950e+02	3.010980e+05
1.043450e+02	3.006270e+05
1.043950e+02	3.011020e+05
1.044450e+02	3.013470e+05
1.044960e+02	3.080350e+05
1.045450e+02	3.083350e+05
1.045960e+02	3.076710e+05
1.046450e+02	3.068620e+05
1.046960e+02	3.070130e+05
1.047460e+02	3.061940e+05
1.047960e+02	3.047060e+05
1.048460e+02	3.046260e+05
1.048960e+02	3.049930e+05
1.049460e+02	3.038650e+05
1.049970e+02	3.042610e+05
1.050470e+02	3.043260e+05
1.050960e+02	3.034110e+05
1.051460e+02	3.045210e+05
1.051970e+02	3.027090e+05
1.052460e+02	3.038010e+05
1.052970e+02	3.032880e+05
1.053470e+02	3.036810e+05
1.053970e+02	3.030840e+05
1.054470e+02	3.039280e+05
1.054970e+02	3.098200e+05
1.055470e+02	3.114300e+05
1.055970e+02	3.099780e+05
1.056470e+02	3.088690e+05
1.056970e+02	3.084030e+05
1.057480e+02	3.081800e+05
1.057970e+02	3.074060e+05
1.058480e+02	3.068280e+05
1.058980e+02	3.071780e+05
1.059480e+02	3.061200e+05
1.059980e+02	3.067000e+05
1.060480e+02	3.057310e+05
1.060980e+02	3.074410e+05
1.061480e+02	3.061010e+05
1.061990e+02	3.058500e+05
1.062490e+02	3.056640e+05
1.062990e+02	3.061260e+05
1.063490e+02	3.060570e+05
1.063990e+02	3.055700e+05
1.064490e+02	3.059970e+05
1.064990e+02	3.125460e+05
1.065490e+02	3.137840e+05
1.066000e+02	3.126200e+05
1.066490e+02	3.111030e+05
1.067000e+02	3.110740e+05
1.067500e+02	3.110860e+05
1.067990e+02	3.096320e+05
1.068490e+02	3.099100e+05
1.068990e+02	3.090740e+05
1.069500e+02	3.094420e+05
1.070000e+02	3.085540e+05
1.070500e+02	3.085440e+05
1.071000e+02	3.085240e+05
1.071500e+02	3.089990e+05
1.072000e+02	3.088710e+05
1.072510e+02	3.083750e+05
1.073010e+02	3.089580e+05
1.073500e+02	3.083480e+05
1.074000e+02	3.083390e+05
1.074510e+02	3.083480e+05
1.075010e+02	3.149740e+05
1.075510e+02	3.155650e+05
1.076010e+02	3.144400e+05
1.076510e+02	3.131090e+05
1.077010e+02	3.134800e+05
1.077510e+02	3.125560e+05
1.078020e+02	3.128790e+05
1.078510e+02	3.110610e+05
1.079020e+02	3.117420e+05
1.079520e+02	3.117510e+05
1.080020e+02	3.106450e+05
1.080510e+02	3.105540e+05
1.081030e+02	3.111780e+05
1.081520e+02	3.106450e+05
1.082030e+02	3.098230e+05
1.082520e+02	3.100490e+05
1.083020e+02	3.110140e+05
1.083530e+02	3.109710e+05
1.084040e+02	3.101870e+05
1.084520e+02	3.110460e+05
1.085020e+02	3.162110e+05
1.085530e+02	3.175400e+05
1.086030e+02	3.160930e+05
1.086530e+02	3.159860e+05
1.087030e+02	3.149160e+05
1.087540e+02	3.144190e+05
1.088030e+02	3.134220e+05
1.088530e+02	3.139220e+05
1.089030e+02	3.138370e+05
1.089540e+02	3.129920e+05
1.090040e+02	3.125590e+05
1.090540e+02	3.125290e+05
1.091030e+02	3.128950e+05
1.091540e+02	3.124070e+05
1.092040e+02	3.126670e+05
1.092550e+02	3.120140e+05
1.093040e+02	3.127570e+05
1.093550e+02	3.116700e+05
1.094040e+02	3.116740e+05
1.094540e+02	3.126580e+05
1.095050e+02	3.197960e+05
1.095550e+02	3.194500e+05
1.096050e+02	3.176860e+05
1.096550e+02	3.175100e+05
1.097050e+02	3.166190e+05
1.097560e+02	3.166010e+05
1.098050e+02	3.157660e+05
1.098560e+02	3.154100e+05
1.099060e+02	3.152540e+05
1.099560e+02	3.155790e+05
1.100060e+02	3.139450e+05
1.100550e+02	3.153530e+05
1.101060e+02	3.140350e+05
1.101560e+02	3.153850e+05
1.102060e+02	3.132860e+05
1.102560e+02	3.146720e+05
1.103060e+02	3.139310e+05
1.103570e+02	3.142290e+05
1.104070e+02	3.140380e+05
1.104570e+02	3.140830e+05
1.105060e+02	3.211770e+05
1.105560e+02	3.211320e+05
1.106060e+02	3.200120e+05
1.106570e+02	3.196110e+05
1.107060e+02	3.190010e+05
1.107570e+02	3.181850e+05
1.108070e+02	3.178690e+05
1.108570e+02	3.170070e+05
1.109070e+02	3.184160e+05
1.109570e+02	3.170330e+05
1.110070e+02	3.171540e+05
1.110570e+02	3.159620e+05
1.111080e+02	3.169650e+05
1.111580e+02	3.157560e+05
1.112080e+02	3.165550e+05
1.112580e+02	3.160710e+05
1.113080e+02	3.161890e+05
1.113580e+02	3.161690e+05
1.114080e+02	3.159050e+05
1.114580e+02	3.167630e+05
1.115090e+02	3.237600e+05
1.115590e+02	3.236210e+05
1.116090e+02	3.222010e+05
1.116590e+02	3.214660e+05
1.117090e+02	3.203250e+05
1.117590e+02	3.199050e+05
1.118090e+02	3.197320e+05
1.118590e+02	3.197870e+05
1.119090e+02	3.188950e+05
1.119590e+02	3.191650e+05
1.120090e+02	3.179870e+05
1.120590e+02	3.185820e+05
1.121100e+02	3.179580e+05
1.121590e+02	3.181100e+05
1.122100e+02	3.177040e+05
1.122600e+02	3.177830e+05
1.123100e+02	3.180430e+05
1.123600e+02	3.175600e+05
1.124100e+02	3.174610e+05
1.124600e+02	3.184290e+05
1.125110e+02	3.261640e+05
1.125600e+02	3.246470e+05
1.126100e+02	3.246480e+05
1.126600e+02	3.229460e+05
1.127110e+02	3.231160e+05
1.127610e+02	3.215540e+05
1.128100e+02	3.215940e+05
1.128610e+02	3.212870e+05
1.129110e+02	3.213750e+05
1.129610e+02	3.203030e+05
1.130110e+02	3.195950e+05
1.130610e+02	3.202710e+05
1.131120e+02	3.206990e+05
1.131610e+02	3.208750e+05
1.132110e+02	3.197210e+05
1.132610e+02	3.195440e+05
1.133120e+02	3.192540e+05
1.133620e+02	3.201880e+05
1.134120e+02	3.188600e+05
1.134620e+02	3.209530e+05
1.135120e+02	3.270410e+05
1.135620e+02	3.266610e+05
1.136130e+02	3.245380e+05
1.136620e+02	3.239580e+05
1.137120e+02	3.240560e+05
1.137630e+02	3.236080e+05
1.138130e+02	3.228920e+05
1.138630e+02	3.218180e+05
1.139130e+02	3.222270e+05
1.139630e+02	3.226180e+05
1.140130e+02	3.222460e+05
1.140630e+02	3.216210e+05
1.141140e+02	3.207220e+05
1.141630e+02	3.210900e+05
1.142130e+02	3.212980e+05
1.142630e+02	3.203800e+05
1.143140e+02	3.213440e+05
1.143630e+02	3.211110e+05
1.144140e+02	3.211240e+05
1.144640e+02	3.219310e+05
1.145140e+02	3.292740e+05
1.145640e+02	3.277410e+05
1.146140e+02	3.272820e+05
1.146640e+02	3.256500e+05
1.147140e+02	3.253570e+05
1.147650e+02	3.247790e+05
1.148150e+02	3.251250e+05
1.148650e+02	3.238250e+05
1.149150e+02	3.237760e+05
1.149650e+02	3.234300e+05
1.150150e+02	3.234680e+05
1.150650e+02	3.228230e+05
1.151150e+02	3.226740e+05
1.151650e+02	3.230310e+05
1.152160e+02	3.224370e+05
1.152650e+02	3.228950e+05
1.153150e+02	3.217610e+05
1.153660e+02	3.214050e+05
1.154160e+02	3.221270e+05
1.154660e+02	3.246330e+05
1.155160e+02	3.305740e+05
1.155660e+02	3.294300e+05
1.156170e+02	3.278880e+05
1.156660e+02	3.277840e+05
1.157160e+02	3.273950e+05
1.157660e+02	3.266600e+05
1.158160e+02	3.256060e+05
1.158660e+02	3.258350e+05
1.159170e+02	3.253520e+05
1.159670e+02	3.241270e+05
1.160170e+02	3.250400e+05
1.160670e+02	3.235970e+05
1.161170e+02	3.246680e+05
1.161670e+02	3.236780e+05
1.162170e+02	3.234530e+05
1.162670e+02	3.231880e+05
1.163170e+02	3.237530e+05
1.163670e+02	3.234960e+05
1.164180e+02	3.236120e+05
1.164680e+02	3.258590e+05
1.165180e+02	3.316150e+05
1.165680e+02	3.305520e+05
1.166180e+02	3.297200e+05
1.166680e+02	3.280480e+05
1.167180e+02	3.281710e+05
1.167680e+02	3.279770e+05
1.168190e+02	3.264670e+05
1.168690e+02	3.274370e+05
1.169190e+02	3.256890e+05
1.169690e+02	3.266290e+05
1.170190e+02	3.254330e+05
1.170690e+02	3.251620e+05
1.171190e+02	3.257130e+05
1.171690e+02	3.255870e+05
1.172190e+02	3.248690e+05
1.172690e+02	3.250250e+05
1.173190e+02	3.249640e+05
1.173700e+02	3.258880e+05
1.174190e+02	3.248660e+05
1.174700e+02	3.283720e+05
1.175200e+02	3.323720e+05
1.175690e+02	3.318230e+05
1.176200e+02	3.317330e+05
1.176700e+02	3.294000e+05
1.177200e+02	3.294720e+05
1.177700e+02	3.284650e+05
1.178200e+02	3.281370e+05
1.178710e+02	3.275110e+05
1.179200e+02	3.273560e+05
1.179700e+02	3.274880e+05
1.180200e+02	3.275970e+05
1.180700e+02	3.261100e+05
1.181210e+02	3.265380e+05
1.181710e+02	3.259350e+05
1.182210e+02	3.264250e+05
1.182710e+02	3.259580e+05
1.183210e+02	3.258340e+05
1.183710e+02	3.259720e+05
1.184210e+02	3.255710e+05
1.184710e+02	3.293840e+05
1.185220e+02	3.333140e+05
1.185710e+02	3.335470e+05
1.186220e+02	3.315950e+05
1.186720e+02	3.306760e+05
1.187220e+02	3.298680e+05
1.187720e+02	3.301750e+05
1.188220e+02	3.291600e+05
1.188720e+02	3.286760e+05
1.189230e+02	3.281950e+05
1.189730e+02	3.279030e+05
1.190220e+02	3.273730e+05
1.190730e+02	3.277640e+05
1.191230e+02	3.272540e+05
1.191730e+02	3.272010e+05
1.192230e+02	3.274930e+05
1.192730e+02	3.269470e+05
1.193230e+02	3.273300e+05
1.193730e+02	3.267040e+05
1.194230e+02	3.280290e+05
1.194730e+02	3.307320e+05
1.195230e+02	3.349570e+05
1.195730e+02	3.330480e+05
1.196230e+02	3.326010e+05
1.196740e+02	3.317030e+05
1.197240e+02	3.317280e+05
1.197730e+02	3.304250e+05
1.198240e+02	3.300720e+05
1.198740e+02	3.294030e+05
1.199240e+02	3.292690e+05
1.199740e+02	3.297810e+05
1.200250e+02	3.283830e+05
1.200750e+02	3.288870e+05
1.201240e+02	3.281220e+05
1.201740e+02	3.285570e+05
1.202250e+02	3.279250e+05
1.202750e+02	3.284170e+05
1.203250e+02	3.282040e+05
1.203750e+02	3.281970e+05
1.204250e+02	3.267710e+05
1.204750e+02	3.318780e+05
1.205260e+02	3.357600e+05
1.205750e+02	3.352190e+05
1.206260e+02	3.332220e+05
1.206760e+02	3.323590e+05
1.207260e+02	3.325590e+05
1.207750e+02	3.314110e+05
1.208260e+02	3.312720e+05
1.208760e+02	3.309190e+05
1.209260e+02	3.311840e+05
1.209760e+02	3.300150e+05
1.210260e+02	3.305310e+05
1.210760e+02	3.298070e+05
1.211270e+02	3.294790e+05
1.211760e+02	3.291040e+05
1.212260e+02	3.291580e+05
1.212770e+02	3.284570e+05
1.213270e+02	3.286990e+05
1.213760e+02	3.283690e+05
1.214270e+02	3.295220e+05
1.214770e+02	3.330720e+05
1.215270e+02	3.364350e+05
1.215770e+02	3.356570e+05
1.216280e+02	3.342210e+05
1.216770e+02	3.335330e+05
1.217270e+02	3.330570e+05
1.217780e+02	3.331480e+05
1.218280e+02	3.314640e+05
1.218780e+02	3.313610e+05
1.219280e+02	3.307480e+05
1.219780e+02	3.334560e+05
1.220280e+02	3.307920e+05
1.220780e+02	3.307720e+05
1.221280e+02	3.298120e+05
1.221780e+02	3.298700e+05
1.222290e+02	3.300380e+05
1.222790e+02	3.297970e+05
1.223290e+02	3.297750e+05
1.223790e+02	3.297510e+05
1.224290e+02	3.291140e+05
1.224790e+02	3.343360e+05
1.225290e+02	3.373670e+05
1.225790e+02	3.357250e+05
1.226290e+02	3.356880e+05
1.226790e+02	3.331080e+05
1.227300e+02	3.332740e+05
1.227790e+02	3.330500e+05
1.228300e+02	3.330310e+05
1.228790e+02	3.316720e+05
1.229300e+02	3.320110e+05
1.229800e+02	3.314780e+05
1.230300e+02	3.306880e+05
1.230800e+02	3.319990e+05
1.231300e+02	3.316290e+05
1.231810e+02	3.307760e+05
1.232310e+02	3.303670e+05
1.232800e+02	3.298870e+05
1.233310e+02	3.303800e+05
1.233800e+02	3.309180e+05
1.234310e+02	3.301760e+05
1.234810e+02	3.352410e+05
1.235310e+02	3.367600e+05
1.235810e+02	3.369760e+05
1.236310e+02	3.353030e+05
1.236810e+02	3.343190e+05
1.237310e+02	3.335520e+05
1.237810e+02	3.335030e+05
1.238320e+02	3.331690e+05
1.238810e+02	3.325450e+05
1.239310e+02	3.322170e+05
1.239810e+02	3.322520e+05
1.240330e+02	3.317250e+05
1.240820e+02	3.312640e+05
1.241320e+02	3.313450e+05
1.241820e+02	3.309280e+05
1.242330e+02	3.312950e+05
1.242820e+02	3.301210e+05
1.243320e+02	3.311050e+05
1.243820e+02	3.305610e+05
1.244320e+02	3.307060e+05
1.244830e+02	3.354180e+05
1.245330e+02	3.389430e+05
1.245830e+02	3.369070e+05
1.246330e+02	3.357180e+05
1.246830e+02	3.343720e+05
1.247340e+02	3.355590e+05
1.247830e+02	3.336490e+05
1.248330e+02	3.336810e+05
1.248830e+02	3.363470e+05
1.249330e+02	3.323480e+05
1.249840e+02	3.328810e+05
1.250330e+02	3.319200e+05
1.250840e+02	3.320850e+05
1.251340e+02	3.310140e+05
1.251840e+02	3.310290e+05
1.252350e+02	3.313590e+05
1.252840e+02	3.313890e+05
1.253350e+02	3.314630e+05
1.253840e+02	3.312900e+05
1.254340e+02	3.304240e+05
1.254850e+02	3.369560e+05
1.255350e+02	3.380420e+05
1.255850e+02	3.370580e+05
1.256350e+02	3.351340e+05
1.256840e+02	3.352960e+05
1.257350e+02	3.340190e+05
1.257850e+02	3.340850e+05
1.258350e+02	3.338630e+05
1.258850e+02	3.326230e+05
1.259350e+02	3.331070e+05
1.259850e+02	3.346530e+05
1.260360e+02	3.338380e+05
1.260860e+02	3.318060e+05
1.261360e+02	3.320240e+05
1.261860e+02	3.306390e+05
1.262360e+02	3.307920e+05
1.262860e+02	3.301300e+05
1.263360e+02	3.314650e+05
1.263860e+02	3.310160e+05
1.264370e+02	3.308600e+05
1.264860e+02	3.363650e+05
1.265360e+02	3.381260e+05
1.265860e+02	3.365600e+05
1.266360e+02	3.354860e+05
1.266860e+02	3.348900e+05
1.267370e+02	3.334210e+05
1.267870e+02	3.340310e+05
1.268380e+02	3.325160e+05
1.268880e+02	3.325040e+05
1.269380e+02	3.323780e+05
1.269880e+02	3.319580e+05
1.270380e+02	3.319450e+05
1.270880e+02	3.316630e+05
1.271380e+02	3.310310e+05
1.271880e+02	3.315760e+05
1.272380e+02	3.308370e+05
1.272880e+02	3.309570e+05
1.273380e+02	3.303800e+05
1.273880e+02	3.306560e+05
1.274380e+02	3.301580e+05
1.274880e+02	3.357740e+05
1.275380e+02	3.377480e+05
1.275890e+02	3.360350e+05
1.276390e+02	3.352270e+05
1.276890e+02	3.338870e+05
1.277390e+02	3.337630e+05
1.277890e+02	3.326950e+05
1.278390e+02	3.327810e+05
1.278890e+02	3.319690e+05
1.279390e+02	3.319420e+05
1.279890e+02	3.308290e+05
1.280400e+02	3.314150e+05
1.280890e+02	3.313790e+05
1.281390e+02	3.317030e+05
1.281890e+02	3.302320e+05
1.282390e+02	3.308390e+05
1.282900e+02	3.299470e+05
1.283400e+02	3.296780e+05
1.283900e+02	3.302220e+05
1.284400e+02	3.295020e+05
1.284900e+02	3.352280e+05
1.285410e+02	3.356830e+05
1.285900e+02	3.350290e+05
1.286410e+02	3.334130e+05
1.286910e+02	3.331200e+05
1.287410e+02	3.330300e+05
1.287910e+02	3.327150e+05
1.288410e+02	3.316960e+05
1.288910e+02	3.318870e+05
1.289410e+02	3.304530e+05
1.289920e+02	3.312810e+05
1.290410e+02	3.302670e+05
1.290920e+02	3.302220e+05
1.291420e+02	3.291180e+05
1.291920e+02	3.300130e+05
1.292410e+02	3.293010e+05
1.292910e+02	3.293630e+05
1.293420e+02	3.298810e+05
1.293910e+02	3.293490e+05
1.294420e+02	3.298580e+05
1.294920e+02	3.341620e+05
1.295420e+02	3.364760e+05
1.295930e+02	3.342190e+05
1.296420e+02	3.336020e+05
1.296930e+02	3.317400e+05
1.297430e+02	3.313080e+05
1.297930e+02	3.309940e+05
1.298430e+02	3.312940e+05
1.298930e+02	3.294230e+05
1.299440e+02	3.301400e+05
1.299920e+02	3.287290e+05
1.300430e+02	3.294380e+05
1.300940e+02	3.289390e+05
1.301430e+02	3.290230e+05
1.301930e+02	3.297860e+05
1.302430e+02	3.284570e+05
1.302930e+02	3.284570e+05
1.303440e+02	3.276920e+05
1.303940e+02	3.290370e+05
1.304440e+02	3.285530e+05
1.304940e+02	3.278230e+05
1.305440e+02	3.273550e+05
1.305940e+02	3.281800e+05
1.306440e+02	3.273900e+05
1.306940e+02	3.281510e+05
1.307440e+02	3.272570e+05
1.307940e+02	3.276890e+05
1.308450e+02	3.275160e+05
1.308940e+02	3.274380e+05
1.309440e+02	3.280230e+05
1.309950e+02	3.264000e+05
1.310450e+02	3.276590e+05
1.310950e+02	3.268550e+05
1.311450e+02	3.266740e+05
1.311950e+02	3.275060e+05
1.312450e+02	3.270580e+05
