0.000000e+00	2.881430e+05
5.000000e-02	2.877730e+05
1.000000e-01	2.877710e+05
1.500000e-01	2.882790e+05
2.000000e-01	2.878680e+05
2.500000e-01	2.887820e+05
3.010000e-01	2.874370e+05
3.500000e-01	2.888370e+05
4.010000e-01	2.881530e+05
4.500000e-01	2.881610e+05
5.000000e-01	2.888170e+05
5.510000e-01	2.878240e+05
6.010000e-01	2.883600e+05
6.510000e-01	2.878230e+05
7.010000e-01	2.884180e+05
7.520000e-01	2.878920e+05
8.010000e-01	2.879610e+05
8.510000e-01	2.880850e+05
9.010000e-01	2.883240e+05
9.520000e-01	2.880060e+05
1.002000e+00	2.884360e+05
1.052000e+00	2.878450e+05
1.102000e+00	2.885460e+05
1.152000e+00	2.882910e+05
1.202000e+00	2.876990e+05
1.252000e+00	2.875090e+05
1.302000e+00	2.882550e+05
1.353000e+00	2.880590e+05
1.402000e+00	2.877600e+05
1.452000e+00	2.882990e+05
1.503000e+00	2.879740e+05
1.553000e+00	2.882750e+05
1.603000e+00	2.880500e+05
1.653000e+00	2.881400e+05
1.703000e+00	2.879920e+05
1.753000e+00	2.881100e+05
1.803000e+00	2.877130e+05
1.854000e+00	2.880680e+05
1.903000e+00	2.876750e+05
1.954000e+00	2.884940e+05
2.004000e+00	2.877240e+05
2.053000e+00	2.883380e+05
2.104000e+00	2.879270e+05
2.154000e+00	2.881020e+05
2.204000e+00	2.879420e+05
2.254000e+00	2.877330e+05
2.304000e+00	2.890080e+05
2.354000e+00	2.878480e+05
2.404000e+00	2.872350e+05
2.454000e+00	2.872680e+05
2.504000e+00	2.879260e+05
2.554000e+00	2.881670e+05
2.604000e+00	2.889200e+05
2.655000e+00	2.872920e+05
2.705000e+00	2.880500e+05
2.755000e+00	2.875090e+05
2.805000e+00	2.885470e+05
2.855000e+00	2.878700e+05
2.905000e+00	2.887650e+05
2.955000e+00	2.883250e+05
3.005000e+00	2.872040e+05
3.055000e+00	2.878980e+05
3.106000e+00	2.879140e+05
3.156000e+00	2.885590e+05
3.206000e+00	2.877590e+05
3.256000e+00	2.883030e+05
3.306000e+00	2.878430e+05
3.356000e+00	2.884960e+05
3.407000e+00	2.878050e+05
3.456000e+00	2.883290e+05
3.506000e+00	2.875830e+05
3.557000e+00	2.881390e+05
3.607000e+00	2.873420e+05
3.657000e+00	2.878690e+05
3.707000e+00	2.881720e+05
3.757000e+00	2.879910e+05
3.806000e+00	2.884080e+05
3.857000e+00	2.875330e+05
3.907000e+00	2.880070e+05
3.957000e+00	2.872420e+05
4.007000e+00	2.938190e+05
4.058000e+00	2.961410e+05
4.107000e+00	2.947060e+05
4.157000e+00	2.940600e+05
4.208000e+00	2.929580e+05
4.258000e+00	2.921450e+05
4.309000e+00	2.938320e+05
4.358000e+00	2.924850e+05
4.408000e+00	2.914230e+05
4.458000e+00	2.913490e+05
4.508000e+00	2.911450e+05
4.559000e+00	2.906670e+05
4.608000e+00	2.907780e+05
4.659000e+00	2.904550e+05
4.709000e+00	2.905190e+05
4.759000e+00	2.907090e+05
4.809000e+00	2.926900e+05
4.859000e+00	2.905710e+05
4.909000e+00	2.907530e+05
4.959000e+00	2.906960e+05
5.009000e+00	2.948980e+05
5.059000e+00	2.988520e+05
5.109000e+00	2.972710e+05
5.160000e+00	2.964990e+05
5.210000e+00	2.953950e+05
5.260000e+00	2.958080e+05
5.310000e+00	2.947310e+05
5.360000e+00	2.947170e+05
5.410000e+00	2.932220e+05
5.460000e+00	2.934350e+05
5.510000e+00	2.938350e+05
5.560000e+00	2.935880e+05
5.611000e+00	2.932850e+05
5.660000e+00	2.931030e+05
5.710000e+00	2.929760e+05
5.761000e+00	2.932080e+05
5.811000e+00	2.930350e+05
5.861000e+00	2.925060e+05
5.911000e+00	2.931470e+05
5.960000e+00	2.929440e+05
6.011000e+00	2.988460e+05
6.061000e+00	3.001480e+05
6.111000e+00	2.999740e+05
6.161000e+00	2.988230e+05
6.211000e+00	2.980840e+05
6.261000e+00	2.979740e+05
6.312000e+00	2.978500e+05
6.362000e+00	2.970790e+05
6.412000e+00	2.964810e+05
6.462000e+00	2.966570e+05
6.512000e+00	2.962530e+05
6.562000e+00	2.964350e+05
6.612000e+00	2.952610e+05
6.663000e+00	2.952820e+05
6.712000e+00	2.949840e+05
6.762000e+00	2.964660e+05
6.812000e+00	2.945910e+05
6.862000e+00	2.957570e+05
6.913000e+00	2.947630e+05
6.963000e+00	2.949790e+05
7.013000e+00	3.016640e+05
7.063000e+00	3.027670e+05
7.113000e+00	3.017040e+05
7.163000e+00	3.011000e+05
7.213000e+00	2.997270e+05
7.263000e+00	2.995290e+05
7.314000e+00	2.990820e+05
7.363000e+00	2.991500e+05
7.413000e+00	2.982730e+05
7.464000e+00	2.984690e+05
7.514000e+00	2.980700e+05
7.564000e+00	2.975230e+05
7.614000e+00	2.980130e+05
7.664000e+00	2.970640e+05
7.714000e+00	2.975690e+05
7.764000e+00	2.966070e+05
7.814000e+00	2.972360e+05
7.864000e+00	2.969210e+05
7.914000e+00	2.974500e+05
7.964000e+00	2.968450e+05
8.015000e+00	3.033310e+05
8.065000e+00	3.047740e+05
8.115000e+00	3.036000e+05
8.165000e+00	3.023180e+05
8.215000e+00	3.022050e+05
8.265000e+00	3.015320e+05
8.315000e+00	3.007490e+05
8.365000e+00	2.999960e+05
8.415000e+00	2.995360e+05
8.466000e+00	2.990580e+05
8.515000e+00	2.996150e+05
8.566000e+00	2.992610e+05
8.615000e+00	2.985450e+05
8.666000e+00	2.985670e+05
8.716000e+00	2.989380e+05
8.766000e+00	2.988370e+05
8.816000e+00	2.985120e+05
8.866000e+00	2.986960e+05
8.917000e+00	2.982710e+05
8.966000e+00	2.984010e+05
9.016000e+00	3.040070e+05
9.066000e+00	3.053540e+05
9.117000e+00	3.045650e+05
9.167000e+00	3.032250e+05
9.217000e+00	3.027580e+05
9.267000e+00	3.018670e+05
9.317000e+00	3.022410e+05
9.367000e+00	3.008080e+05
9.417000e+00	3.013580e+05
9.468000e+00	3.003410e+05
9.517000e+00	3.002900e+05
9.568000e+00	3.005070e+05
9.618000e+00	2.997140e+05
9.668000e+00	2.990400e+05
9.718000e+00	2.996580e+05
9.768000e+00	2.991350e+05
9.818000e+00	2.994870e+05
9.868000e+00	2.990580e+05
9.918000e+00	2.990390e+05
9.968000e+00	2.988020e+05
1.001800e+01	3.054910e+05
1.006900e+01	3.057810e+05
1.011900e+01	3.042500e+05
1.016900e+01	3.045390e+05
1.021900e+01	3.018650e+05
1.026900e+01	3.023670e+05
1.032000e+01	3.014170e+05
1.037000e+01	3.020660e+05
1.041900e+01	3.015050e+05
1.046900e+01	3.010420e+05
1.052000e+01	2.997440e+05
1.057000e+01	3.007690e+05
1.062000e+01	2.997640e+05
1.067000e+01	2.997180e+05
1.072000e+01	2.995860e+05
1.077000e+01	2.998480e+05
1.082000e+01	2.991620e+05
1.087000e+01	2.983020e+05
1.092100e+01	2.992150e+05
1.097100e+01	2.993320e+05
1.102100e+01	3.064040e+05
1.107100e+01	3.053290e+05
1.112100e+01	3.042690e+05
1.117100e+01	3.027780e+05
1.122100e+01	3.023980e+05
1.127100e+01	3.017650e+05
1.132100e+01	3.013280e+05
1.137100e+01	3.009570e+05
1.142200e+01	3.003140e+05
1.147100e+01	2.994830e+05
1.152100e+01	3.000920e+05
1.157200e+01	3.002370e+05
1.162200e+01	2.995220e+05
1.167200e+01	2.994920e+05
1.172200e+01	2.988440e+05
1.177200e+01	2.990580e+05
1.182200e+01	2.978370e+05
1.187200e+01	2.988830e+05
1.192200e+01	2.982720e+05
1.197200e+01	2.990160e+05
1.202200e+01	3.028840e+05
1.207200e+01	3.041430e+05
1.212300e+01	3.029750e+05
1.217200e+01	3.027140e+05
1.222300e+01	3.012190e+05
1.227300e+01	3.010330e+05
1.232300e+01	3.001470e+05
1.237200e+01	2.998060e+05
1.242400e+01	2.996540e+05
1.247300e+01	2.989890e+05
1.252300e+01	2.995090e+05
1.257300e+01	2.982330e+05
1.262300e+01	2.980910e+05
1.267400e+01	2.975480e+05
1.272400e+01	2.988330e+05
1.277400e+01	2.978600e+05
1.282400e+01	2.978560e+05
1.287400e+01	2.970850e+05
1.292400e+01	2.978770e+05
1.297400e+01	2.978610e+05
1.302400e+01	3.032920e+05
1.307400e+01	3.027050e+05
1.312400e+01	3.025400e+05
1.317400e+01	3.008250e+05
1.322500e+01	3.000410e+05
1.327500e+01	2.992260e+05
1.332500e+01	2.990880e+05
1.337400e+01	2.988000e+05
1.342400e+01	2.977550e+05
1.347600e+01	2.981170e+05
1.352500e+01	2.979180e+05
1.357500e+01	2.977960e+05
1.362600e+01	2.973990e+05
1.367500e+01	2.964960e+05
1.372600e+01	2.970410e+05
1.377500e+01	2.973160e+05
1.382500e+01	2.958500e+05
1.387600e+01	2.967670e+05
1.392600e+01	2.963080e+05
1.397600e+01	2.967890e+05
1.402600e+01	3.023530e+05
1.407600e+01	3.013400e+05
1.412600e+01	3.009760e+05
1.417700e+01	2.991840e+05
1.422700e+01	2.986850e+05
1.427700e+01	2.974130e+05
1.432700e+01	2.972710e+05
1.437700e+01	2.965060e+05
1.442700e+01	2.968670e+05
1.447700e+01	2.957820e+05
1.452600e+01	2.961530e+05
1.457700e+01	2.956530e+05
1.462800e+01	2.956960e+05
1.467700e+01	2.952950e+05
1.472700e+01	2.949080e+05
1.477700e+01	2.952310e+05
1.482700e+01	2.947690e+05
1.487700e+01	2.945740e+05
1.492700e+01	2.948850e+05
1.497800e+01	2.952730e+05
1.502800e+01	3.006380e+05
1.507800e+01	3.006310e+05
1.512800e+01	2.990470e+05
1.517800e+01	2.987420e+05
1.522900e+01	2.975640e+05
1.527900e+01	2.967280e+05
1.532900e+01	2.959610e+05
1.537900e+01	2.953060e+05
1.542900e+01	2.953160e+05
1.547900e+01	2.947930e+05
1.552900e+01	2.943430e+05
1.557800e+01	2.945000e+05
1.562900e+01	2.927450e+05
1.567900e+01	2.931100e+05
1.572900e+01	2.938590e+05
1.577900e+01	2.934760e+05
1.582900e+01	2.933840e+05
1.587900e+01	2.931930e+05
1.593000e+01	2.935340e+05
1.597900e+01	2.936950e+05
1.603000e+01	2.990210e+05
1.607900e+01	2.980070e+05
1.613000e+01	2.966160e+05
1.618000e+01	2.956130e+05
1.623000e+01	2.939530e+05
1.628100e+01	2.939080e+05
1.633100e+01	2.944300e+05
1.638100e+01	2.935510e+05
1.643100e+01	2.931940e+05
1.648100e+01	2.923100e+05
1.653100e+01	2.930240e+05
1.658100e+01	2.917970e+05
1.663100e+01	2.923680e+05
1.668100e+01	2.915970e+05
1.673100e+01	2.918180e+05
1.678100e+01	2.915540e+05
1.683100e+01	2.908030e+05
1.688100e+01	2.904690e+05
1.693100e+01	2.915100e+05
1.698200e+01	2.925900e+05
1.703200e+01	2.964750e+05
1.708200e+01	2.959930e+05
1.713200e+01	2.944930e+05
1.718200e+01	2.944010e+05
1.723200e+01	2.927590e+05
1.728200e+01	2.929620e+05
1.733300e+01	2.916730e+05
1.738300e+01	2.918060e+05
1.743300e+01	2.911160e+05
1.748200e+01	2.909340e+05
1.753200e+01	2.906060e+05
1.758300e+01	2.904800e+05
1.763300e+01	2.900690e+05
1.768200e+01	2.889750e+05
1.773300e+01	2.894900e+05
1.778300e+01	2.891370e+05
1.783300e+01	2.895540e+05
1.788300e+01	2.890190e+05
1.793400e+01	2.893990e+05
1.798300e+01	2.904550e+05
1.803400e+01	2.945930e+05
1.808400e+01	2.933440e+05
1.813300e+01	2.929020e+05
1.818400e+01	2.918880e+05
1.823400e+01	2.910270e+05
1.828400e+01	2.897810e+05
1.833400e+01	2.897570e+05
1.838400e+01	2.883790e+05
1.843400e+01	2.892230e+05
1.848400e+01	2.879200e+05
1.853500e+01	2.877790e+05
1.858400e+01	2.875350e+05
1.863500e+01	2.875390e+05
1.868500e+01	2.881720e+05
1.873500e+01	2.871200e+05
1.878500e+01	2.868010e+05
1.883500e+01	2.861650e+05
1.888500e+01	2.873450e+05
1.893500e+01	2.871820e+05
1.898500e+01	2.885830e+05
1.903500e+01	2.914580e+05
1.908600e+01	2.910050e+05
1.913600e+01	2.892120e+05
1.918600e+01	2.892250e+05
1.923600e+01	2.878940e+05
1.928600e+01	2.867170e+05
1.933600e+01	2.871530e+05
1.938600e+01	2.868420e+05
1.943600e+01	2.856090e+05
1.948700e+01	2.861660e+05
1.953600e+01	2.859810e+05
1.958700e+01	2.844560e+05
1.963700e+01	2.850240e+05
1.968700e+01	2.836180e+05
1.973700e+01	2.857380e+05
1.978700e+01	2.840510e+05
1.983700e+01	2.843560e+05
1.988600e+01	2.835700e+05
1.993700e+01	2.840660e+05
1.998700e+01	2.862780e+05
2.003700e+01	2.892270e+05
2.008700e+01	2.881590e+05
2.013800e+01	2.874120e+05
2.018700e+01	2.861160e+05
2.023700e+01	2.853810e+05
2.028800e+01	2.848970e+05
2.033800e+01	2.845890e+05
2.038800e+01	2.848500e+05
2.043800e+01	2.832560e+05
2.048800e+01	2.835550e+05
2.053800e+01	2.822910e+05
2.058900e+01	2.838910e+05
2.063900e+01	2.823850e+05
2.068900e+01	2.820590e+05
2.073900e+01	2.814550e+05
2.078800e+01	2.847300e+05
2.083800e+01	2.824310e+05
2.088800e+01	2.818840e+05
2.093900e+01	2.820350e+05
2.098900e+01	2.837000e+05
2.103900e+01	2.899760e+05
2.109000e+01	2.865450e+05
2.114000e+01	2.854520e+05
2.118900e+01	2.842610e+05
2.124000e+01	2.838070e+05
2.129000e+01	2.817770e+05
2.133900e+01	2.826880e+05
2.139000e+01	2.808160e+05
2.144000e+01	2.824090e+05
2.149000e+01	2.812100e+05
2.154000e+01	2.812320e+05
2.159000e+01	2.796610e+05
2.164100e+01	2.804900e+05
2.169000e+01	2.805950e+05
2.174100e+01	2.800200e+05
2.179000e+01	2.804160e+05
2.184100e+01	2.793420e+05
2.189100e+01	2.795070e+05
2.194000e+01	2.797600e+05
2.199100e+01	2.813720e+05
2.204100e+01	2.848310e+05
2.209100e+01	2.846650e+05
2.214100e+01	2.821330e+05
2.219100e+01	2.817500e+05
2.224100e+01	2.817540e+05
2.229200e+01	2.809500e+05
2.234100e+01	2.805140e+05
2.239200e+01	2.801210e+05
2.244200e+01	2.792410e+05
2.249200e+01	2.788700e+05
2.254300e+01	2.787480e+05
2.259200e+01	2.784940e+05
2.264200e+01	2.784660e+05
2.269200e+01	2.776310e+05
2.274200e+01	2.783090e+05
2.279300e+01	2.805950e+05
2.284200e+01	2.784590e+05
2.289200e+01	2.779260e+05
2.294300e+01	2.784000e+05
2.299200e+01	2.788400e+05
2.304300e+01	2.839060e+05
2.309300e+01	2.811940e+05
2.314300e+01	2.816280e+05
2.319400e+01	2.800450e+05
2.324300e+01	2.797560e+05
2.329300e+01	2.788900e+05
2.334300e+01	2.789010e+05
2.339400e+01	2.779460e+05
2.344400e+01	2.782500e+05
2.349400e+01	2.776530e+05
2.354400e+01	2.775690e+05
2.359400e+01	2.766960e+05
2.364400e+01	2.772340e+05
2.369400e+01	2.770210e+05
2.374500e+01	2.763890e+05
2.379400e+01	2.770630e+05
2.384500e+01	2.759750e+05
2.389400e+01	2.761800e+05
2.394400e+01	2.759210e+05
2.399500e+01	2.782230e+05
2.404500e+01	2.814860e+05
2.409500e+01	2.803740e+05
2.414500e+01	2.795260e+05
2.419500e+01	2.786980e+05
2.424500e+01	2.782510e+05
2.429500e+01	2.773070e+05
2.434500e+01	2.767620e+05
2.439500e+01	2.768820e+05
2.444500e+01	2.762680e+05
2.449600e+01	2.767380e+05
2.454600e+01	2.762000e+05
2.459500e+01	2.752930e+05
2.464600e+01	2.757490e+05
2.469500e+01	2.753100e+05
2.474600e+01	2.749460e+05
2.479600e+01	2.745460e+05
2.484600e+01	2.746840e+05
2.489600e+01	2.742750e+05
2.494700e+01	2.737980e+05
2.499600e+01	2.765390e+05
2.504700e+01	2.804000e+05
2.509700e+01	2.782150e+05
2.514700e+01	2.775800e+05
2.519700e+01	2.764000e+05
2.524700e+01	2.762950e+05
2.529700e+01	2.762760e+05
2.534700e+01	2.756770e+05
2.539700e+01	2.756340e+05
2.544800e+01	2.745410e+05
2.549800e+01	2.750200e+05
2.554800e+01	2.735750e+05
2.559800e+01	2.742790e+05
2.564800e+01	2.734580e+05
2.569800e+01	2.736950e+05
2.574800e+01	2.739340e+05
2.579800e+01	2.731640e+05
2.584800e+01	2.732350e+05
2.589900e+01	2.734150e+05
2.594900e+01	2.733160e+05
2.599800e+01	2.764740e+05
2.604900e+01	2.788270e+05
2.609900e+01	2.774490e+05
2.614900e+01	2.765150e+05
2.619900e+01	2.760780e+05
2.624900e+01	2.752570e+05
2.629900e+01	2.746010e+05
2.634900e+01	2.744900e+05
2.639900e+01	2.732240e+05
2.644900e+01	2.735430e+05
2.649900e+01	2.728080e+05
2.655000e+01	2.735440e+05
2.659900e+01	2.729970e+05
2.664900e+01	2.733010e+05
2.669900e+01	2.721180e+05
2.675000e+01	2.724590e+05
2.680000e+01	2.724380e+05
2.685000e+01	2.728570e+05
2.690000e+01	2.722580e+05
2.695000e+01	2.721560e+05
2.700000e+01	2.750960e+05
2.705100e+01	2.780030e+05
2.710100e+01	2.768550e+05
2.715100e+01	2.759800e+05
2.720100e+01	2.750670e+05
2.725100e+01	2.739020e+05
2.730100e+01	2.736750e+05
2.735100e+01	2.736810e+05
2.740100e+01	2.740280e+05
2.745100e+01	2.729680e+05
2.750100e+01	2.723750e+05
2.755100e+01	2.718910e+05
2.760100e+01	2.729720e+05
2.765100e+01	2.712080e+05
2.770100e+01	2.728610e+05
2.775200e+01	2.717040e+05
2.780200e+01	2.721590e+05
2.785200e+01	2.715300e+05
2.790200e+01	2.718430e+05
2.795200e+01	2.723160e+05
2.800300e+01	2.756070e+05
2.805200e+01	2.774030e+05
2.810200e+01	2.760230e+05
2.815300e+01	2.754730e+05
2.820300e+01	2.750420e+05
2.825300e+01	2.750620e+05
2.830300e+01	2.739700e+05
2.835300e+01	2.736350e+05
2.840300e+01	2.731990e+05
2.845300e+01	2.737420e+05
2.850300e+01	2.717790e+05
2.855300e+01	2.728320e+05
2.860300e+01	2.754750e+05
2.865300e+01	2.725740e+05
2.870300e+01	2.721340e+05
2.875400e+01	2.723700e+05
2.880400e+01	2.714860e+05
2.885400e+01	2.724790e+05
2.890400e+01	2.710910e+05
2.895400e+01	2.715730e+05
2.900400e+01	2.755030e+05
2.905400e+01	2.780780e+05
2.910400e+01	2.768740e+05
2.915500e+01	2.754800e+05
2.920400e+01	2.757910e+05
2.925400e+01	2.740010e+05
2.930400e+01	2.746740e+05
2.935500e+01	2.731820e+05
2.940500e+01	2.734120e+05
2.945500e+01	2.730640e+05
2.950400e+01	2.723720e+05
2.955500e+01	2.729700e+05
2.960500e+01	2.733980e+05
2.965500e+01	2.730240e+05
2.970500e+01	2.721510e+05
2.975500e+01	2.721480e+05
2.980600e+01	2.721620e+05
2.985600e+01	2.724360e+05
2.990600e+01	2.719290e+05
2.995600e+01	2.718490e+05
3.000600e+01	2.758710e+05
3.005600e+01	2.787890e+05
3.010600e+01	2.766960e+05
3.015600e+01	2.762430e+05
3.020600e+01	2.761910e+05
3.025600e+01	2.751770e+05
3.030600e+01	2.747130e+05
3.035700e+01	2.737700e+05
3.040600e+01	2.742710e+05
3.045700e+01	2.736750e+05
3.050700e+01	2.730360e+05
3.055700e+01	2.733750e+05
3.060700e+01	2.732210e+05
3.065700e+01	2.729180e+05
3.070800e+01	2.728530e+05
3.075800e+01	2.728140e+05
3.080700e+01	2.731130e+05
3.085800e+01	2.723720e+05
3.090700e+01	2.726460e+05
3.095800e+01	2.722540e+05
3.100800e+01	2.776430e+05
3.105800e+01	2.787040e+05
3.110800e+01	2.775400e+05
3.115800e+01	2.761690e+05
3.120800e+01	2.761490e+05
3.125900e+01	2.751700e+05
3.130900e+01	2.751500e+05
3.135800e+01	2.750620e+05
3.140800e+01	2.745850e+05
3.145900e+01	2.751910e+05
3.150800e+01	2.740330e+05
3.155900e+01	2.740570e+05
3.160800e+01	2.741370e+05
3.165900e+01	2.740900e+05
3.170900e+01	2.735810e+05
3.175900e+01	2.736640e+05
3.180900e+01	2.731740e+05
3.185900e+01	2.734900e+05
3.190900e+01	2.733180e+05
3.196000e+01	2.730820e+05
3.201000e+01	2.789360e+05
3.206000e+01	2.798100e+05
3.210900e+01	2.783690e+05
3.216100e+01	2.778470e+05
3.221000e+01	2.779280e+05
3.226100e+01	2.771170e+05
3.231000e+01	2.765750e+05
3.236000e+01	2.754270e+05
3.241100e+01	2.758380e+05
3.246000e+01	2.754540e+05
3.251000e+01	2.763770e+05
3.256000e+01	2.747980e+05
3.261100e+01	2.751380e+05
3.266000e+01	2.744610e+05
3.271100e+01	2.742120e+05
3.276100e+01	2.752240e+05
3.281100e+01	2.751540e+05
3.286100e+01	2.747700e+05
3.291100e+01	2.750540e+05
3.296100e+01	2.747400e+05
3.301100e+01	2.800570e+05
3.306100e+01	2.824860e+05
3.311100e+01	2.802390e+05
3.316200e+01	2.798350e+05
3.321100e+01	2.789250e+05
3.326300e+01	2.789800e+05
3.331200e+01	2.778860e+05
3.336200e+01	2.781150e+05
3.341200e+01	2.775690e+05
3.346200e+01	2.774650e+05
3.351200e+01	2.765150e+05
3.356200e+01	2.766170e+05
3.361300e+01	2.768410e+05
3.366200e+01	2.769590e+05
3.371300e+01	2.769540e+05
3.376300e+01	2.762330e+05
3.381300e+01	2.768250e+05
3.386300e+01	2.764990e+05
3.391300e+01	2.763540e+05
3.396400e+01	2.760470e+05
3.401400e+01	2.816290e+05
3.406400e+01	2.833310e+05
3.411300e+01	2.820290e+05
3.416400e+01	2.813230e+05
3.421300e+01	2.809900e+05
3.426400e+01	2.801910e+05
3.431400e+01	2.801510e+05
3.436400e+01	2.825700e+05
3.441400e+01	2.804360e+05
3.446400e+01	2.796380e+05
3.451500e+01	2.789400e+05
3.456400e+01	2.785630e+05
3.461500e+01	2.788200e+05
3.466500e+01	2.784490e+05
3.471500e+01	2.783830e+05
3.476500e+01	2.782390e+05
3.481400e+01	2.775230e+05
3.486500e+01	2.781980e+05
3.491500e+01	2.779680e+05
3.496500e+01	2.780100e+05
3.501500e+01	2.839010e+05
3.506500e+01	2.856140e+05
3.511600e+01	2.836780e+05
3.516600e+01	2.833280e+05
3.521600e+01	2.821990e+05
3.526600e+01	2.820190e+05
3.531600e+01	2.815790e+05
3.536600e+01	2.812000e+05
3.541600e+01	2.807710e+05
3.546600e+01	2.807100e+05
3.551600e+01	2.807610e+05
3.556600e+01	2.799590e+05
3.561600e+01	2.807060e+05
3.566600e+01	2.800650e+05
3.571600e+01	2.803620e+05
3.576600e+01	2.799290e+05
3.581700e+01	2.810790e+05
3.586700e+01	2.795430e+05
3.591700e+01	2.798490e+05
3.596800e+01	2.791730e+05
3.601700e+01	2.858480e+05
3.606700e+01	2.875590e+05
3.611700e+01	2.857000e+05
3.616800e+01	2.854850e+05
3.621800e+01	2.852710e+05
3.626800e+01	2.840470e+05
3.631800e+01	2.834530e+05
3.636800e+01	2.834180e+05
3.641800e+01	2.838320e+05
3.646800e+01	2.832550e+05
3.651800e+01	2.825580e+05
3.656800e+01	2.818990e+05
3.661800e+01	2.824770e+05
3.666800e+01	2.832410e+05
3.671900e+01	2.823870e+05
3.676900e+01	2.824350e+05
3.681800e+01	2.823970e+05
3.686900e+01	2.824920e+05
3.691900e+01	2.815830e+05
3.696900e+01	2.825210e+05
3.701900e+01	2.884970e+05
3.706900e+01	2.898740e+05
3.711900e+01	2.877140e+05
3.716900e+01	2.875720e+05
3.721900e+01	2.862370e+05
3.726900e+01	2.867060e+05
3.732000e+01	2.862890e+05
3.737000e+01	2.857560e+05
3.742000e+01	2.853750e+05
3.747000e+01	2.850160e+05
3.752000e+01	2.850160e+05
3.757000e+01	2.846680e+05
3.762000e+01	2.849730e+05
3.767000e+01	2.845470e+05
3.772100e+01	2.845900e+05
3.777000e+01	2.834630e+05
3.782000e+01	2.850330e+05
3.787000e+01	2.843550e+05
3.792000e+01	2.844120e+05
3.797100e+01	2.834480e+05
3.802100e+01	2.921640e+05
3.807100e+01	2.913830e+05
3.812100e+01	2.906160e+05
3.817200e+01	2.896110e+05
3.822200e+01	2.892150e+05
3.827100e+01	2.891610e+05
3.832100e+01	2.879160e+05
3.837100e+01	2.881900e+05
3.842200e+01	2.874210e+05
3.847200e+01	2.877450e+05
3.852200e+01	2.875670e+05
3.857200e+01	2.870650e+05
3.862200e+01	2.873160e+05
3.867200e+01	2.876280e+05
3.872200e+01	2.865030e+05
3.877200e+01	2.871690e+05
3.882200e+01	2.860860e+05
3.887300e+01	2.867450e+05
3.892200e+01	2.870380e+05
3.897200e+01	2.861500e+05
3.902300e+01	2.935330e+05
3.907300e+01	2.942680e+05
3.912300e+01	2.930320e+05
3.917300e+01	2.915660e+05
3.922300e+01	2.941510e+05
3.927300e+01	2.910910e+05
3.932300e+01	2.915590e+05
3.937300e+01	2.902190e+05
3.942300e+01	2.900390e+05
3.947300e+01	2.891230e+05
3.952400e+01	2.893540e+05
3.957300e+01	2.887470e+05
3.962500e+01	2.898570e+05
3.967400e+01	2.888240e+05
3.972400e+01	2.889170e+05
3.977500e+01	2.884550e+05
3.982400e+01	2.887460e+05
3.987500e+01	2.890310e+05
3.992500e+01	2.887480e+05
3.997400e+01	2.897440e+05
4.002500e+01	2.955750e+05
4.007500e+01	2.961810e+05
4.012500e+01	2.947010e+05
4.017500e+01	2.932090e+05
4.022500e+01	2.935590e+05
4.027500e+01	2.932150e+05
4.032500e+01	2.922980e+05
4.037500e+01	2.924250e+05
4.042500e+01	2.924080e+05
4.047500e+01	2.920070e+05
4.052500e+01	2.918260e+05
4.057600e+01	2.913580e+05
4.062600e+01	2.917610e+05
4.067600e+01	2.913930e+05
4.072600e+01	2.914900e+05
4.077600e+01	2.905580e+05
4.082600e+01	2.913140e+05
4.087600e+01	2.909240e+05
4.092700e+01	2.914660e+05
4.097700e+01	2.916300e+05
4.102700e+01	2.978290e+05
4.107700e+01	2.974830e+05
4.112700e+01	2.967570e+05
4.117700e+01	2.951360e+05
4.122700e+01	2.959750e+05
4.127800e+01	2.956830e+05
4.132700e+01	2.947310e+05
4.137700e+01	2.936110e+05
4.142700e+01	2.939860e+05
4.147800e+01	2.941740e+05
4.152700e+01	2.939070e+05
4.157700e+01	2.935360e+05
4.162800e+01	2.933130e+05
4.167700e+01	2.936420e+05
4.172700e+01	2.930430e+05
4.177700e+01	2.930430e+05
4.182800e+01	2.931420e+05
4.187800e+01	2.933660e+05
4.192800e+01	2.924950e+05
4.197800e+01	2.935320e+05
4.202800e+01	3.004080e+05
4.207800e+01	2.997950e+05
4.212800e+01	2.988390e+05
4.217900e+01	2.979830e+05
4.222800e+01	2.973590e+05
4.227900e+01	2.975820e+05
4.232900e+01	2.965450e+05
4.237900e+01	2.966640e+05
4.242900e+01	2.965310e+05
4.247900e+01	2.954260e+05
4.252900e+01	2.958150e+05
4.257900e+01	2.948860e+05
4.263000e+01	2.959990e+05
4.267900e+01	2.952140e+05
4.273000e+01	2.952200e+05
4.278100e+01	2.950950e+05
4.283000e+01	2.950170e+05
4.288000e+01	2.946600e+05
4.293000e+01	2.950890e+05
4.298000e+01	2.953830e+05
4.303000e+01	3.024220e+05
4.308100e+01	3.014270e+05
4.313000e+01	3.002550e+05
4.318000e+01	2.995180e+05
4.323000e+01	3.007120e+05
4.328100e+01	3.012950e+05
4.333000e+01	2.984390e+05
4.338100e+01	2.984650e+05
4.343100e+01	2.980470e+05
4.348100e+01	2.980000e+05
4.353100e+01	2.969240e+05
4.358100e+01	2.973290e+05
4.363200e+01	2.971240e+05
4.368200e+01	2.974990e+05
4.373200e+01	2.974670e+05
4.378200e+01	2.963070e+05
4.383200e+01	2.971770e+05
4.388200e+01	2.970880e+05
4.393300e+01	2.961980e+05
4.398200e+01	2.968360e+05
4.403200e+01	3.048100e+05
4.408200e+01	3.035170e+05
4.413200e+01	3.022640e+05
4.418300e+01	3.010570e+05
4.423300e+01	3.006380e+05
4.428300e+01	3.009800e+05
4.433200e+01	2.997820e+05
4.438200e+01	2.995180e+05
4.443300e+01	2.996500e+05
4.448300e+01	2.991000e+05
4.453300e+01	2.995210e+05
4.458300e+01	2.986040e+05
4.463300e+01	2.993610e+05
4.468400e+01	2.992150e+05
4.473400e+01	2.985740e+05
4.478400e+01	2.989770e+05
4.483400e+01	2.986720e+05
4.488300e+01	2.991900e+05
4.493300e+01	2.988220e+05
4.498400e+01	2.992040e+05
4.503400e+01	3.059510e+05
4.508400e+01	3.049640e+05
4.513400e+01	3.039600e+05
4.518400e+01	3.035260e+05
4.523400e+01	3.029370e+05
4.528400e+01	3.026740e+05
4.533400e+01	3.022190e+05
4.538400e+01	3.018860e+05
4.543500e+01	3.012810e+05
4.548500e+01	3.019170e+05
4.553400e+01	3.004670e+05
4.558600e+01	3.004880e+05
4.563500e+01	3.007810e+05
4.568500e+01	3.000100e+05
4.573600e+01	3.008370e+05
4.578500e+01	3.006410e+05
4.583600e+01	3.004060e+05
4.588500e+01	3.000730e+05
4.593500e+01	3.005260e+05
4.598700e+01	3.012710e+05
4.603600e+01	3.078000e+05
4.608600e+01	3.066960e+05
4.613600e+01	3.057820e+05
4.618600e+01	3.040480e+05
4.623700e+01	3.049440e+05
4.628600e+01	3.041020e+05
4.633600e+01	3.045320e+05
4.638700e+01	3.032190e+05
4.643700e+01	3.030790e+05
4.648700e+01	3.027880e+05
4.653700e+01	3.022890e+05
4.658800e+01	3.030260e+05
4.663700e+01	3.027040e+05
4.668700e+01	3.025080e+05
4.673700e+01	3.014890e+05
4.678700e+01	3.015220e+05
4.683700e+01	3.013040e+05
4.688700e+01	3.024370e+05
4.693800e+01	3.021290e+05
4.698700e+01	3.036280e+05
4.703800e+01	3.088120e+05
4.708800e+01	3.087940e+05
4.713800e+01	3.068350e+05
4.718800e+01	3.064940e+05
4.723800e+01	3.059570e+05
4.728800e+01	3.058710e+05
4.733800e+01	3.044040e+05
4.738800e+01	3.047590e+05
4.743900e+01	3.053010e+05
4.748900e+01	3.048410e+05
4.753800e+01	3.039870e+05
4.758900e+01	3.035880e+05
4.763900e+01	3.037410e+05
4.768900e+01	3.045840e+05
4.773900e+01	3.036570e+05
4.778900e+01	3.028010e+05
4.784000e+01	3.037040e+05
4.789000e+01	3.030960e+05
4.793900e+01	3.030850e+05
4.799000e+01	3.041190e+05
4.803900e+01	3.107500e+05
4.809000e+01	3.089400e+05
4.814000e+01	3.088640e+05
4.818900e+01	3.074040e+05
4.824000e+01	3.069670e+05
4.829100e+01	3.073430e+05
4.834000e+01	3.067660e+05
4.839000e+01	3.060260e+05
4.844100e+01	3.059000e+05
4.849000e+01	3.056280e+05
4.854100e+01	3.047980e+05
4.859100e+01	3.051620e+05
4.864100e+01	3.049970e+05
4.869200e+01	3.049490e+05
4.874100e+01	3.047530e+05
4.879100e+01	3.056090e+05
4.884000e+01	3.048110e+05
4.889100e+01	3.051950e+05
4.894100e+01	3.046910e+05
4.899100e+01	3.067900e+05
4.904100e+01	3.117140e+05
4.909200e+01	3.107500e+05
4.914200e+01	3.092260e+05
4.919200e+01	3.082050e+05
4.924200e+01	3.090940e+05
4.929200e+01	3.081620e+05
4.934200e+01	3.082580e+05
4.939300e+01	3.076570e+05
4.944200e+01	3.077780e+05
4.949200e+01	3.071930e+05
4.954200e+01	3.067660e+05
4.959200e+01	3.061220e+05
4.964300e+01	3.071900e+05
4.969300e+01	3.062470e+05
4.974300e+01	3.060130e+05
4.979400e+01	3.059940e+05
4.984300e+01	3.058610e+05
4.989300e+01	3.059260e+05
4.994300e+01	3.058150e+05
4.999300e+01	3.087460e+05
5.004300e+01	3.138840e+05
5.009300e+01	3.124670e+05
5.014300e+01	3.111070e+05
5.019400e+01	3.109840e+05
5.024300e+01	3.105080e+05
5.029400e+01	3.098550e+05
5.034400e+01	3.083360e+05
5.039400e+01	3.090310e+05
5.044500e+01	3.083020e+05
5.049500e+01	3.082080e+05
5.054400e+01	3.077360e+05
5.059400e+01	3.078180e+05
5.064400e+01	3.083740e+05
5.069500e+01	3.078240e+05
5.074500e+01	3.071050e+05
5.079400e+01	3.073440e+05
5.084500e+01	3.079170e+05
5.089500e+01	3.079300e+05
5.094500e+01	3.070390e+05
5.099500e+01	3.099250e+05
5.104500e+01	3.146520e+05
5.109500e+01	3.142080e+05
5.114500e+01	3.134910e+05
5.119500e+01	3.109480e+05
5.124600e+01	3.119180e+05
5.129600e+01	3.104650e+05
5.134500e+01	3.111480e+05
5.139600e+01	3.102680e+05
5.144600e+01	3.103540e+05
5.149600e+01	3.095850e+05
5.154600e+01	3.087550e+05
5.159600e+01	3.088310e+05
5.164600e+01	3.088390e+05
5.169700e+01	3.095450e+05
5.174700e+01	3.093950e+05
5.179700e+01	3.092790e+05
5.184700e+01	3.083160e+05
5.189700e+01	3.095510e+05
5.194700e+01	3.090470e+05
5.199700e+01	3.112490e+05
5.204700e+01	3.162280e+05
5.209700e+01	3.160720e+05
5.214800e+01	3.140430e+05
5.219700e+01	3.131940e+05
5.224700e+01	3.127920e+05
5.229700e+01	3.136390e+05
5.234800e+01	3.124900e+05
5.239700e+01	3.119050e+05
5.244700e+01	3.117730e+05
5.249800e+01	3.113890e+05
5.254800e+01	3.115560e+05
5.259800e+01	3.107020e+05
5.264800e+01	3.105300e+05
5.269900e+01	3.102940e+05
5.274800e+01	3.104460e+05
5.279800e+01	3.108260e+05
5.284900e+01	3.105040e+05
5.289900e+01	3.104450e+05
5.294900e+01	3.106410e+05
5.299900e+01	3.124430e+05
5.304900e+01	3.187800e+05
5.309900e+01	3.170100e+05
5.314900e+01	3.169510e+05
5.320000e+01	3.153260e+05
5.325000e+01	3.147720e+05
5.330000e+01	3.141600e+05
5.334900e+01	3.131840e+05
5.339900e+01	3.133000e+05
5.345000e+01	3.132330e+05
5.350000e+01	3.128090e+05
5.355000e+01	3.121560e+05
5.360100e+01	3.121690e+05
5.365000e+01	3.129620e+05
5.370100e+01	3.124780e+05
5.375000e+01	3.116670e+05
5.380000e+01	3.120540e+05
5.385100e+01	3.114960e+05
5.390100e+01	3.117970e+05
5.395000e+01	3.115220e+05
5.400100e+01	3.145510e+05
5.405100e+01	3.205820e+05
5.410100e+01	3.186550e+05
5.415100e+01	3.171170e+05
5.420100e+01	3.169480e+05
5.425100e+01	3.161020e+05
5.430200e+01	3.162220e+05
5.435100e+01	3.150270e+05
5.440100e+01	3.143160e+05
5.445200e+01	3.144270e+05
5.450100e+01	3.140730e+05
5.455100e+01	3.138670e+05
5.460100e+01	3.130050e+05
5.465100e+01	3.139600e+05
5.470200e+01	3.137350e+05
5.475200e+01	3.131110e+05
5.480200e+01	3.126300e+05
5.485200e+01	3.138870e+05
5.490200e+01	3.133140e+05
5.495300e+01	3.131220e+05
5.500200e+01	3.164870e+05
5.505300e+01	3.215140e+05
5.510300e+01	3.210200e+05
5.515300e+01	3.186160e+05
5.520300e+01	3.182160e+05
5.525400e+01	3.177170e+05
5.530400e+01	3.181110e+05
5.535300e+01	3.170880e+05
5.540300e+01	3.167030e+05
5.545300e+01	3.162210e+05
5.550300e+01	3.159070e+05
5.555400e+01	3.152980e+05
5.560400e+01	3.150910e+05
5.565400e+01	3.150930e+05
5.570400e+01	3.160780e+05
5.575400e+01	3.152610e+05
5.580400e+01	3.146870e+05
5.585400e+01	3.143390e+05
5.590400e+01	3.155420e+05
5.595500e+01	3.145230e+05
5.600500e+01	3.192540e+05
5.605500e+01	3.231580e+05
5.610400e+01	3.213010e+05
5.615500e+01	3.208870e+05
5.620400e+01	3.197540e+05
5.625500e+01	3.197680e+05
5.630500e+01	3.182660e+05
5.635500e+01	3.180500e+05
5.640500e+01	3.174550e+05
5.645500e+01	3.174690e+05
5.650600e+01	3.178970e+05
5.655600e+01	3.179590e+05
5.660600e+01	3.171350e+05
5.665500e+01	3.166940e+05
5.670600e+01	3.161190e+05
5.675600e+01	3.169080e+05
5.680600e+01	3.168900e+05
5.685600e+01	3.169190e+05
5.690700e+01	3.162360e+05
5.695600e+01	3.155690e+05
5.700700e+01	3.198030e+05
5.705600e+01	3.243580e+05
5.710700e+01	3.239320e+05
5.715700e+01	3.223240e+05
5.720700e+01	3.219410e+05
5.725700e+01	3.207510e+05
5.730700e+01	3.205840e+05
5.735700e+01	3.201470e+05
5.740700e+01	3.199690e+05
5.745700e+01	3.194280e+05
5.750700e+01	3.193160e+05
5.755800e+01	3.188620e+05
5.760800e+01	3.189620e+05
5.765800e+01	3.189970e+05
5.770700e+01	3.186510e+05
5.775800e+01	3.180930e+05
5.780800e+01	3.178670e+05
5.785800e+01	3.182170e+05
5.790800e+01	3.175520e+05
5.795800e+01	3.192330e+05
5.800800e+01	3.218290e+05
5.805900e+01	3.263590e+05
5.810800e+01	3.249520e+05
5.815800e+01	3.235850e+05
5.820900e+01	3.235650e+05
5.825900e+01	3.239450e+05
5.830800e+01	3.219460e+05
5.835800e+01	3.216070e+05
5.840900e+01	3.208860e+05
5.845900e+01	3.207970e+05
5.850900e+01	3.209660e+05
5.855900e+01	3.200420e+05
5.860900e+01	3.198770e+05
5.865900e+01	3.194880e+05
5.870900e+01	3.199540e+05
5.876000e+01	3.195580e+05
5.881000e+01	3.195200e+05
5.886000e+01	3.193880e+05
5.891000e+01	3.198940e+05
5.896000e+01	3.188200e+05
5.901000e+01	3.241850e+05
5.906000e+01	3.273550e+05
5.911000e+01	3.264980e+05
5.916000e+01	3.253630e+05
5.921000e+01	3.246310e+05
5.926100e+01	3.232750e+05
5.931000e+01	3.236210e+05
5.936100e+01	3.232530e+05
5.941000e+01	3.219560e+05
5.946000e+01	3.224990e+05
5.951100e+01	3.219130e+05
5.956100e+01	3.222690e+05
5.961100e+01	3.212160e+05
5.966100e+01	3.217270e+05
5.971100e+01	3.213460e+05
5.976100e+01	3.213550e+05
5.981200e+01	3.205210e+05
5.986200e+01	3.206380e+05
5.991200e+01	3.203270e+05
5.996200e+01	3.204520e+05
6.001200e+01	3.251600e+05
6.006200e+01	3.286490e+05
6.011200e+01	3.271830e+05
6.016200e+01	3.264130e+05
6.021300e+01	3.250670e+05
6.026300e+01	3.247160e+05
6.031300e+01	3.242660e+05
6.036300e+01	3.229200e+05
6.041300e+01	3.233330e+05
6.046300e+01	3.227750e+05
6.051300e+01	3.230110e+05
6.056300e+01	3.219180e+05
6.061300e+01	3.226220e+05
6.066300e+01	3.218030e+05
6.071300e+01	3.223990e+05
6.076400e+01	3.214940e+05
6.081400e+01	3.225550e+05
6.086400e+01	3.212940e+05
6.091400e+01	3.214430e+05
6.096400e+01	3.210630e+05
6.101400e+01	3.267930e+05
6.106400e+01	3.285550e+05
6.111300e+01	3.272220e+05
6.116400e+01	3.269620e+05
6.121500e+01	3.256490e+05
6.126400e+01	3.258890e+05
6.131500e+01	3.251030e+05
6.136500e+01	3.253520e+05
6.141400e+01	3.239280e+05
6.146400e+01	3.243540e+05
6.151400e+01	3.231550e+05
6.156400e+01	3.234980e+05
6.161500e+01	3.225790e+05
6.166600e+01	3.228440e+05
6.171500e+01	3.221020e+05
6.176500e+01	3.227440e+05
6.181500e+01	3.215640e+05
6.186500e+01	3.226290e+05
6.191500e+01	3.228620e+05
6.196600e+01	3.221590e+05
6.201600e+01	3.279300e+05
6.206600e+01	3.288970e+05
6.211600e+01	3.291100e+05
6.216600e+01	3.277070e+05
6.221600e+01	3.271830e+05
6.226600e+01	3.257140e+05
6.231700e+01	3.253160e+05
6.236700e+01	3.249310e+05
6.241700e+01	3.240860e+05
6.246700e+01	3.242330e+05
6.251700e+01	3.239910e+05
6.256600e+01	3.231680e+05
6.261700e+01	3.236820e+05
6.266700e+01	3.233590e+05
6.271700e+01	3.233780e+05
6.276700e+01	3.237880e+05
6.281700e+01	3.220110e+05
6.286800e+01	3.230300e+05
6.291800e+01	3.217990e+05
6.296800e+01	3.225440e+05
6.301800e+01	3.277080e+05
6.306700e+01	3.304330e+05
6.311800e+01	3.297370e+05
6.316800e+01	3.277620e+05
6.321800e+01	3.266990e+05
6.326800e+01	3.266050e+05
6.331800e+01	3.254850e+05
6.336800e+01	3.253510e+05
6.341800e+01	3.245970e+05
6.346800e+01	3.240060e+05
6.351900e+01	3.240590e+05
6.356900e+01	3.232570e+05
6.361900e+01	3.236400e+05
6.366800e+01	3.230930e+05
6.371900e+01	3.235020e+05
6.376900e+01	3.224310e+05
6.381900e+01	3.229960e+05
6.386900e+01	3.224280e+05
6.392000e+01	3.234580e+05
6.396900e+01	3.219750e+05
6.402000e+01	3.279810e+05
6.406900e+01	3.294480e+05
6.412000e+01	3.283940e+05
6.417000e+01	3.277880e+05
6.422000e+01	3.264680e+05
6.427000e+01	3.257180e+05
6.432000e+01	3.253450e+05
6.437000e+01	3.248660e+05
6.442000e+01	3.255540e+05
6.447000e+01	3.251200e+05
6.452000e+01	3.238960e+05
6.457100e+01	3.239230e+05
6.462100e+01	3.228450e+05
6.467100e+01	3.227830e+05
6.472100e+01	3.228010e+05
6.477100e+01	3.224870e+05
6.482100e+01	3.222520e+05
6.487100e+01	3.217580e+05
6.492200e+01	3.221740e+05
6.497200e+01	3.225140e+05
6.502200e+01	3.280620e+05
6.507200e+01	3.292560e+05
6.512100e+01	3.281640e+05
6.517200e+01	3.267400e+05
6.522200e+01	3.262060e+05
6.527200e+01	3.252560e+05
6.532200e+01	3.252920e+05
6.537200e+01	3.238110e+05
6.542200e+01	3.237480e+05
6.547200e+01	3.233030e+05
6.552200e+01	3.230690e+05
6.557300e+01	3.228210e+05
6.562300e+01	3.226740e+05
6.567200e+01	3.221680e+05
6.572300e+01	3.223310e+05
6.577200e+01	3.220060e+05
6.582200e+01	3.224630e+05
6.587300e+01	3.213200e+05
6.592400e+01	3.213780e+05
6.597300e+01	3.210390e+05
6.602300e+01	3.267680e+05
6.607300e+01	3.322800e+05
6.612400e+01	3.268800e+05
6.617400e+01	3.262810e+05
6.622300e+01	3.247620e+05
6.627300e+01	3.239210e+05
6.632400e+01	3.231580e+05
6.637400e+01	3.225630e+05
6.642400e+01	3.225520e+05
6.647400e+01	3.224470e+05
6.652400e+01	3.213930e+05
6.657400e+01	3.215690e+05
6.662500e+01	3.205720e+05
6.667400e+01	3.217990e+05
6.672500e+01	3.208950e+05
6.677500e+01	3.213370e+05
6.682500e+01	3.203630e+05
6.687500e+01	3.205820e+05
6.692500e+01	3.203230e+05
6.697500e+01	3.208410e+05
6.702500e+01	3.256890e+05
6.707500e+01	3.265760e+05
6.712500e+01	3.255600e+05
6.717600e+01	3.232700e+05
6.722500e+01	3.230600e+05
6.727600e+01	3.225060e+05
6.732600e+01	3.219770e+05
6.737600e+01	3.216800e+05
6.742600e+01	3.213110e+05
6.747600e+01	3.206640e+05
6.752700e+01	3.215010e+05
6.757600e+01	3.201100e+05
6.762600e+01	3.197120e+05
6.767600e+01	3.190800e+05
6.772600e+01	3.195170e+05
6.777700e+01	3.191810e+05
6.782600e+01	3.191010e+05
6.787700e+01	3.188570e+05
6.792700e+01	3.188490e+05
6.797700e+01	3.191440e+05
6.802700e+01	3.242390e+05
6.807700e+01	3.248240e+05
6.812700e+01	3.232160e+05
6.817700e+01	3.223570e+05
6.822800e+01	3.214880e+05
6.827800e+01	3.200520e+05
6.832700e+01	3.194640e+05
6.837800e+01	3.199920e+05
6.842800e+01	3.191230e+05
6.847700e+01	3.187790e+05
6.852800e+01	3.179720e+05
6.857800e+01	3.182170e+05
6.862800e+01	3.173620e+05
6.867800e+01	3.176140e+05
6.872800e+01	3.170940e+05
6.877800e+01	3.169230e+05
6.882900e+01	3.169530e+05
6.887800e+01	3.162510e+05
6.892800e+01	3.166240e+05
6.897800e+01	3.176190e+05
6.902900e+01	3.219360e+05
6.907800e+01	3.215480e+05
6.912900e+01	3.215990e+05
6.917900e+01	3.193740e+05
6.922900e+01	3.196050e+05
6.927900e+01	3.176980e+05
6.933000e+01	3.179250e+05
6.938000e+01	3.171990e+05
6.943000e+01	3.169600e+05
6.948000e+01	3.165880e+05
6.953000e+01	3.157420e+05
6.958000e+01	3.161230e+05
6.963000e+01	3.149960e+05
6.968000e+01	3.153690e+05
6.973100e+01	3.147630e+05
6.978000e+01	3.148660e+05
6.983100e+01	3.142860e+05
6.988100e+01	3.156310e+05
6.993100e+01	3.134670e+05
6.998000e+01	3.153100e+05
7.003000e+01	3.182710e+05
7.008100e+01	3.200770e+05
7.013100e+01	3.172420e+05
7.018100e+01	3.171170e+05
7.023100e+01	3.152840e+05
7.028200e+01	3.151620e+05
7.033200e+01	3.152650e+05
7.038100e+01	3.143320e+05
7.043200e+01	3.142320e+05
7.048200e+01	3.134900e+05
7.053200e+01	3.129420e+05
7.058200e+01	3.124920e+05
7.063200e+01	3.127520e+05
7.068300e+01	3.119970e+05
7.073200e+01	3.127890e+05
7.078200e+01	3.118250e+05
7.083300e+01	3.117540e+05
7.088200e+01	3.117850e+05
7.093300e+01	3.127340e+05
7.098200e+01	3.116210e+05
7.103300e+01	3.163660e+05
7.108300e+01	3.158220e+05
7.113300e+01	3.148850e+05
7.118300e+01	3.139630e+05
7.123300e+01	3.131140e+05
7.128300e+01	3.123830e+05
7.133300e+01	3.119470e+05
7.138400e+01	3.112810e+05
7.143300e+01	3.101910e+05
7.148400e+01	3.108900e+05
7.153400e+01	3.103170e+05
7.158300e+01	3.106820e+05
7.163400e+01	3.094360e+05
7.168400e+01	3.091140e+05
7.173400e+01	3.092890e+05
7.178300e+01	3.098350e+05
7.183400e+01	3.085130e+05
7.188400e+01	3.085780e+05
7.193400e+01	3.079580e+05
7.198400e+01	3.092160e+05
7.203500e+01	3.132780e+05
7.208400e+01	3.125790e+05
7.213400e+01	3.119220e+05
7.218500e+01	3.110520e+05
7.223500e+01	3.103160e+05
7.228500e+01	3.086390e+05
7.233500e+01	3.090070e+05
7.238500e+01	3.081990e+05
7.243500e+01	3.079260e+05
7.248600e+01	3.069740e+05
7.253600e+01	3.071530e+05
7.258500e+01	3.060150e+05
7.263600e+01	3.068290e+05
7.268500e+01	3.063940e+05
7.273600e+01	3.057900e+05
7.278600e+01	3.059840e+05
7.283600e+01	3.056730e+05
7.288600e+01	3.050280e+05
7.293600e+01	3.056740e+05
7.298600e+01	3.064140e+05
7.303600e+01	3.098520e+05
7.308700e+01	3.096250e+05
7.313700e+01	3.075250e+05
7.318700e+01	3.080980e+05
7.323700e+01	3.062720e+05
7.328700e+01	3.066190e+05
7.333700e+01	3.051480e+05
7.338700e+01	3.052550e+05
7.343700e+01	3.042370e+05
7.348700e+01	3.043330e+05
7.353700e+01	3.034840e+05
7.358700e+01	3.037880e+05
7.363800e+01	3.032040e+05
7.368800e+01	3.048340e+05
7.373700e+01	3.038450e+05
7.378700e+01	3.027470e+05
7.383800e+01	3.025370e+05
7.388800e+01	3.025240e+05
7.393800e+01	3.024780e+05
7.398800e+01	3.021440e+05
7.403800e+01	3.079260e+05
7.408800e+01	3.063340e+05
7.413900e+01	3.060280e+05
7.418800e+01	3.036460e+05
7.423900e+01	3.033450e+05
7.428900e+01	3.021150e+05
7.433900e+01	3.023410e+05
7.438900e+01	3.021680e+05
7.443900e+01	3.008490e+05
7.448900e+01	3.015210e+05
7.453900e+01	3.013910e+05
7.458900e+01	3.008980e+05
7.463900e+01	3.003220e+05
7.468900e+01	3.009610e+05
7.473900e+01	2.995910e+05
7.479000e+01	3.003560e+05
7.483900e+01	2.987990e+05
7.489000e+01	2.996140e+05
7.494000e+01	2.997110e+05
7.499000e+01	2.997080e+05
7.504000e+01	3.036930e+05
7.509000e+01	3.034870e+05
7.514000e+01	3.024820e+05
7.519100e+01	3.013390e+05
7.524100e+01	3.008130e+05
7.529100e+01	2.994500e+05
7.534100e+01	2.993070e+05
7.539100e+01	2.986650e+05
7.544100e+01	2.983760e+05
7.549100e+01	2.977470e+05
7.554100e+01	2.986270e+05
7.559100e+01	2.972560e+05
7.564100e+01	2.972510e+05
7.569200e+01	2.965840e+05
7.574100e+01	2.976730e+05
7.579100e+01	2.976370e+05
7.584200e+01	2.970800e+05
7.589200e+01	2.963460e+05
7.594200e+01	2.963300e+05
7.599200e+01	2.972030e+05
7.604200e+01	3.016050e+05
7.609200e+01	3.003390e+05
7.614200e+01	2.989780e+05
7.619200e+01	2.988930e+05
7.624300e+01	2.970630e+05
7.629300e+01	2.974950e+05
7.634300e+01	2.966950e+05
7.639200e+01	2.967700e+05
7.644200e+01	2.956990e+05
7.649300e+01	2.955630e+05
7.654300e+01	2.941770e+05
7.659300e+01	2.949690e+05
7.664300e+01	2.944590e+05
7.669300e+01	2.936860e+05
7.674300e+01	2.929500e+05
7.679400e+01	2.938320e+05
7.684300e+01	2.938050e+05
7.689400e+01	2.936980e+05
7.694400e+01	2.936140e+05
7.699400e+01	2.946700e+05
7.704300e+01	2.986980e+05
7.709400e+01	2.970430e+05
7.714400e+01	2.959880e+05
7.719400e+01	2.954060e+05
7.724400e+01	2.946650e+05
7.729400e+01	2.936610e+05
7.734500e+01	2.934190e+05
7.739500e+01	2.928280e+05
7.744400e+01	2.926340e+05
7.749400e+01	2.922930e+05
7.754500e+01	2.927330e+05
7.759500e+01	2.913640e+05
7.764500e+01	2.919230e+05
7.769500e+01	2.912740e+05
7.774500e+01	2.913740e+05
7.779500e+01	2.914230e+05
7.784600e+01	2.910500e+05
7.789600e+01	2.903040e+05
7.794500e+01	2.905300e+05
7.799600e+01	2.921040e+05
7.804600e+01	2.958790e+05
7.809500e+01	2.946470e+05
7.814600e+01	2.935590e+05
7.819600e+01	2.924150e+05
7.824600e+01	2.910870e+05
7.829600e+01	2.914100e+05
7.834700e+01	2.908820e+05
7.839600e+01	2.903250e+05
7.844700e+01	2.895110e+05
7.849700e+01	2.888850e+05
7.854700e+01	2.890670e+05
7.859700e+01	2.894910e+05
7.864700e+01	2.885710e+05
7.869700e+01	2.885760e+05
7.874700e+01	2.884480e+05
7.879800e+01	2.883610e+05
7.884800e+01	2.880680e+05
7.889700e+01	2.880740e+05
7.894800e+01	2.913950e+05
7.899700e+01	2.902020e+05
7.904700e+01	2.932090e+05
7.909800e+01	2.906600e+05
7.914800e+01	2.911360e+05
7.919800e+01	2.888920e+05
7.924800e+01	2.890340e+05
7.929800e+01	2.876950e+05
7.934800e+01	2.881440e+05
7.939900e+01	2.873200e+05
7.944900e+01	2.869730e+05
7.949900e+01	2.869240e+05
7.954900e+01	2.868400e+05
7.959800e+01	2.864310e+05
7.964800e+01	2.858290e+05
7.969900e+01	2.852170e+05
7.974900e+01	2.864750e+05
7.979900e+01	2.858900e+05
7.984900e+01	2.856320e+05
7.989900e+01	2.853780e+05
7.994900e+01	2.844720e+05
7.999900e+01	2.877170e+05
8.004900e+01	2.898420e+05
8.009900e+01	2.888670e+05
8.015000e+01	2.881850e+05
8.020000e+01	2.874460e+05
8.025000e+01	2.854930e+05
8.030000e+01	2.859080e+05
8.035000e+01	2.852720e+05
8.040000e+01	2.856880e+05
8.045100e+01	2.842150e+05
8.050000e+01	2.841390e+05
8.055100e+01	2.836410e+05
8.060000e+01	2.840940e+05
8.065100e+01	2.832910e+05
8.070100e+01	2.829190e+05
8.075000e+01	2.830020e+05
8.080100e+01	2.830640e+05
8.085100e+01	2.831970e+05
8.090100e+01	2.823660e+05
8.095100e+01	2.834790e+05
8.100100e+01	2.851810e+05
8.105200e+01	2.880480e+05
8.110100e+01	2.864830e+05
8.115200e+01	2.857000e+05
8.120200e+01	2.846240e+05
8.125200e+01	2.842020e+05
8.130100e+01	2.829010e+05
8.135200e+01	2.828460e+05
8.140200e+01	2.825850e+05
8.145200e+01	2.818920e+05
8.150200e+01	2.816310e+05
8.155200e+01	2.819240e+05
8.160300e+01	2.820900e+05
8.165200e+01	2.812940e+05
8.170200e+01	2.816140e+05
8.175300e+01	2.812570e+05
8.180300e+01	2.814030e+05
8.185300e+01	2.808270e+05
8.190300e+01	2.808370e+05
8.195300e+01	2.811060e+05
8.200300e+01	2.843250e+05
8.205400e+01	2.861020e+05
8.210400e+01	2.842310e+05
8.215400e+01	2.836040e+05
8.220300e+01	2.824130e+05
8.225400e+01	2.820950e+05
8.230400e+01	2.816570e+05
8.235400e+01	2.818350e+05
8.240400e+01	2.804350e+05
8.245400e+01	2.808750e+05
8.250400e+01	2.797540e+05
8.255400e+01	2.804840e+05
8.260400e+01	2.801160e+05
8.265500e+01	2.795020e+05
8.270400e+01	2.781810e+05
8.275500e+01	2.789290e+05
8.280500e+01	2.790710e+05
8.285500e+01	2.794850e+05
8.290400e+01	2.790820e+05
8.295500e+01	2.790310e+05
8.300500e+01	2.818220e+05
8.305500e+01	2.836860e+05
8.310600e+01	2.824030e+05
8.315500e+01	2.817350e+05
8.320500e+01	2.819560e+05
8.325600e+01	2.801090e+05
8.330500e+01	2.800300e+05
8.335600e+01	2.787600e+05
8.340600e+01	2.797260e+05
8.345600e+01	2.782060e+05
8.350600e+01	2.785950e+05
8.355600e+01	2.775460e+05
8.360600e+01	2.780170e+05
8.365700e+01	2.774990e+05
8.370700e+01	2.774780e+05
8.375700e+01	2.777580e+05
8.380700e+01	2.778740e+05
8.385700e+01	2.771300e+05
8.390600e+01	2.766600e+05
8.395700e+01	2.773910e+05
8.400700e+01	2.806190e+05
8.405800e+01	2.831890e+05
8.410700e+01	2.808750e+05
8.415700e+01	2.807780e+05
8.420700e+01	2.786640e+05
8.425700e+01	2.796720e+05
8.430700e+01	2.779910e+05
8.435800e+01	2.787020e+05
8.440800e+01	2.784280e+05
8.445700e+01	2.771690e+05
8.450700e+01	2.769100e+05
8.455800e+01	2.775490e+05
8.460800e+01	2.774070e+05
8.465800e+01	2.772300e+05
8.470800e+01	2.761320e+05
8.475800e+01	2.768280e+05
8.480800e+01	2.772130e+05
8.485900e+01	2.758140e+05
8.490800e+01	2.765550e+05
8.495900e+01	2.755930e+05
8.500900e+01	2.798210e+05
8.505900e+01	2.804800e+05
8.511000e+01	2.801870e+05
8.515900e+01	2.795370e+05
8.520900e+01	2.796050e+05
8.526000e+01	2.774520e+05
8.531000e+01	2.771810e+05
8.536000e+01	2.772080e+05
8.541000e+01	2.776580e+05
8.546000e+01	2.765990e+05
8.551000e+01	2.759560e+05
8.556000e+01	2.761480e+05
8.560900e+01	2.758760e+05
8.566000e+01	2.760270e+05
8.571000e+01	2.768510e+05
8.576000e+01	2.775830e+05
8.581000e+01	2.760420e+05
8.586000e+01	2.761200e+05
8.591100e+01	2.752730e+05
8.596100e+01	2.754080e+05
8.601100e+01	2.785150e+05
8.606000e+01	2.803610e+05
8.611100e+01	2.788250e+05
8.616100e+01	2.787320e+05
8.621100e+01	2.780460e+05
8.626100e+01	2.773890e+05
8.631100e+01	2.772690e+05
8.636100e+01	2.765340e+05
8.641100e+01	2.767860e+05
8.646200e+01	2.759970e+05
8.651200e+01	2.761970e+05
8.656200e+01	2.759090e+05
8.661200e+01	2.766060e+05
8.666200e+01	2.753390e+05
8.671200e+01	2.750760e+05
8.676200e+01	2.745580e+05
8.681200e+01	2.750990e+05
8.686300e+01	2.748740e+05
8.691200e+01	2.747240e+05
8.696300e+01	2.743800e+05
8.701300e+01	2.793850e+05
8.706300e+01	2.805590e+05
8.711300e+01	2.795990e+05
8.716300e+01	2.783290e+05
8.721300e+01	2.782270e+05
8.726300e+01	2.773570e+05
8.731300e+01	2.760760e+05
8.736400e+01	2.774010e+05
8.741400e+01	2.761790e+05
8.746300e+01	2.758990e+05
8.751300e+01	2.747650e+05
8.756400e+01	2.758230e+05
8.761400e+01	2.749070e+05
8.766400e+01	2.750150e+05
8.771400e+01	2.745510e+05
8.776400e+01	2.751850e+05
8.781400e+01	2.747650e+05
8.786400e+01	2.745090e+05
8.791400e+01	2.740600e+05
8.796400e+01	2.747540e+05
8.801500e+01	2.794670e+05
8.806500e+01	2.800830e+05
8.811400e+01	2.786310e+05
8.816400e+01	2.782240e+05
8.821500e+01	2.782280e+05
8.826500e+01	2.773890e+05
8.831500e+01	2.767060e+05
8.836500e+01	2.760580e+05
8.841500e+01	2.764890e+05
8.846500e+01	2.751490e+05
8.851500e+01	2.756150e+05
8.856500e+01	2.753590e+05
8.861600e+01	2.762400e+05
8.866600e+01	2.750980e+05
8.871600e+01	2.746670e+05
8.876600e+01	2.748440e+05
8.881600e+01	2.753570e+05
8.886600e+01	2.747970e+05
8.891600e+01	2.744600e+05
8.896600e+01	2.749950e+05
8.901600e+01	2.799230e+05
8.906600e+01	2.806610e+05
8.911600e+01	2.790620e+05
8.916700e+01	2.790750e+05
8.921600e+01	2.780630e+05
8.926700e+01	2.770570e+05
8.931700e+01	2.763710e+05
8.936600e+01	2.767750e+05
8.941700e+01	2.772870e+05
8.946700e+01	2.767320e+05
8.951700e+01	2.755010e+05
8.956800e+01	2.759890e+05
8.961700e+01	2.754710e+05
8.966800e+01	2.761140e+05
8.971800e+01	2.752370e+05
8.976800e+01	2.757990e+05
8.981800e+01	2.748190e+05
8.986700e+01	2.747920e+05
8.991800e+01	2.745470e+05
8.996800e+01	2.751270e+05
9.001800e+01	2.808670e+05
9.006900e+01	2.808850e+05
9.011800e+01	2.799750e+05
9.016800e+01	2.790360e+05
9.021800e+01	2.791850e+05
9.026900e+01	2.783440e+05
9.031900e+01	2.779040e+05
9.036800e+01	2.769240e+05
9.041800e+01	2.773840e+05
9.046900e+01	2.761100e+05
9.051900e+01	2.768090e+05
9.056900e+01	2.769180e+05
9.062000e+01	2.771030e+05
9.066900e+01	2.759940e+05
9.071900e+01	2.760430e+05
9.076900e+01	2.761500e+05
9.081900e+01	2.757770e+05
9.086900e+01	2.764600e+05
9.092000e+01	2.752890e+05
9.097000e+01	2.762680e+05
9.102000e+01	2.818570e+05
9.107000e+01	2.812840e+05
9.112000e+01	2.803120e+05
9.117000e+01	2.811460e+05
9.122100e+01	2.792460e+05
9.127000e+01	2.792620e+05
9.132000e+01	2.782540e+05
9.137100e+01	2.788530e+05
9.142100e+01	2.785320e+05
9.147100e+01	2.777580e+05
9.152100e+01	2.774470e+05
9.157100e+01	2.776010e+05
9.162100e+01	2.782240e+05
9.167100e+01	2.764610e+05
9.172100e+01	2.770930e+05
9.177100e+01	2.770150e+05
9.182100e+01	2.770730e+05
9.187200e+01	2.772040e+05
9.192100e+01	2.762330e+05
9.197100e+01	2.768010e+05
9.202200e+01	2.833410e+05
9.207200e+01	2.828490e+05
9.212200e+01	2.821330e+05
9.217200e+01	2.806870e+05
9.222300e+01	2.808050e+05
9.227300e+01	2.803540e+05
9.232300e+01	2.791560e+05
9.237300e+01	2.786670e+05
9.242300e+01	2.789830e+05
9.247300e+01	2.789290e+05
9.252300e+01	2.777000e+05
9.257300e+01	2.793670e+05
9.262300e+01	2.782040e+05
9.267300e+01	2.782700e+05
9.272300e+01	2.777440e+05
9.277400e+01	2.783710e+05
9.282400e+01	2.780450e+05
9.287400e+01	2.809430e+05
9.292400e+01	2.775700e+05
9.297400e+01	2.783330e+05
9.302400e+01	2.844220e+05
9.307400e+01	2.843430e+05
9.312400e+01	2.826660e+05
9.317500e+01	2.817550e+05
9.322400e+01	2.817230e+05
9.327500e+01	2.805360e+05
9.332500e+01	2.812220e+05
9.337500e+01	2.804480e+05
9.342400e+01	2.809060e+05
9.347500e+01	2.793150e+05
9.352500e+01	2.799760e+05
9.357400e+01	2.794730e+05
9.362500e+01	2.800600e+05
9.367500e+01	2.788740e+05
9.372500e+01	2.806630e+05
9.377500e+01	2.790280e+05
9.382600e+01	2.792980e+05
9.387600e+01	2.794480e+05
9.392500e+01	2.793510e+05
9.397500e+01	2.797870e+05
9.402500e+01	2.857310e+05
9.407600e+01	2.855490e+05
9.412600e+01	2.846630e+05
9.417600e+01	2.851330e+05
9.422600e+01	2.838790e+05
9.427700e+01	2.833850e+05
9.432700e+01	2.820950e+05
9.437600e+01	2.825710e+05
9.442600e+01	2.816300e+05
9.447600e+01	2.832190e+05
9.452600e+01	2.816160e+05
9.457700e+01	2.822430e+05
9.462700e+01	2.810170e+05
9.467700e+01	2.806930e+05
9.472700e+01	2.807540e+05
9.477700e+01	2.816470e+05
9.482700e+01	2.812730e+05
9.487700e+01	2.809070e+05
9.492800e+01	2.843600e+05
9.497700e+01	2.821000e+05
9.502800e+01	2.890550e+05
9.507800e+01	2.872180e+05
9.512800e+01	2.868070e+05
9.517800e+01	2.851530e+05
9.522800e+01	2.855630e+05
9.527900e+01	2.841510e+05
9.532800e+01	2.843330e+05
9.537800e+01	2.842720e+05
9.542800e+01	2.849260e+05
9.547900e+01	2.835060e+05
9.552800e+01	2.835820e+05
9.557800e+01	2.828380e+05
9.562800e+01	2.841180e+05
9.567800e+01	2.831450e+05
9.572900e+01	2.823850e+05
9.577900e+01	2.830250e+05
9.582900e+01	2.830420e+05
9.587900e+01	2.830120e+05
9.592900e+01	2.824400e+05
9.597900e+01	2.834800e+05
9.602900e+01	2.901350e+05
9.607900e+01	2.899420e+05
9.612900e+01	2.886780e+05
9.617900e+01	2.877000e+05
9.622900e+01	2.874790e+05
9.628000e+01	2.874860e+05
9.633000e+01	2.862120e+05
9.638100e+01	2.865710e+05
9.643000e+01	2.864180e+05
9.648000e+01	2.861280e+05
9.653000e+01	2.851900e+05
9.658100e+01	2.849770e+05
9.663100e+01	2.856270e+05
9.668100e+01	2.852350e+05
9.673000e+01	2.854980e+05
9.678100e+01	2.848640e+05
9.683100e+01	2.852590e+05
9.688100e+01	2.841280e+05
9.693100e+01	2.846680e+05
9.698100e+01	2.847420e+05
9.703100e+01	2.923310e+05
9.708100e+01	2.916490e+05
9.713100e+01	2.909370e+05
9.718100e+01	2.898820e+05
9.723200e+01	2.896730e+05
9.728200e+01	2.893410e+05
9.733100e+01	2.889050e+05
9.738200e+01	2.887440e+05
9.743200e+01	2.880480e+05
9.748200e+01	2.878240e+05
9.753200e+01	2.874330e+05
9.758300e+01	2.877280e+05
9.763200e+01	2.876560e+05
9.768200e+01	2.875440e+05
9.773200e+01	2.872070e+05
9.778300e+01	2.891240e+05
9.783200e+01	2.875870e+05
9.788300e+01	2.877490e+05
9.793300e+01	2.874450e+05
9.798300e+01	2.885640e+05
9.803300e+01	2.941480e+05
9.808300e+01	2.943900e+05
9.813300e+01	2.932530e+05
9.818400e+01	2.929900e+05
9.823300e+01	2.921320e+05
9.828400e+01	2.910630e+05
9.833300e+01	2.906530e+05
9.838300e+01	2.913280e+05
9.843400e+01	2.914410e+05
9.848400e+01	2.905180e+05
9.853400e+01	2.903970e+05
9.858400e+01	2.902240e+05
9.863400e+01	2.900720e+05
9.868400e+01	2.900960e+05
9.873500e+01	2.897660e+05
9.878500e+01	2.896420e+05
9.883500e+01	2.905620e+05
9.888500e+01	2.891670e+05
9.893500e+01	2.896320e+05
9.898500e+01	2.906810e+05
9.903500e+01	2.973710e+05
9.908500e+01	2.965240e+05
9.913500e+01	2.954870e+05
9.918600e+01	2.950480e+05
9.923600e+01	2.950340e+05
9.928500e+01	2.942190e+05
9.933600e+01	2.938650e+05
9.938600e+01	2.935160e+05
9.943600e+01	2.929250e+05
9.948600e+01	2.926450e+05
9.953600e+01	2.925060e+05
9.958600e+01	2.929190e+05
9.963600e+01	2.928710e+05
9.968700e+01	2.922720e+05
9.973700e+01	2.915790e+05
9.978600e+01	2.926350e+05
9.983600e+01	2.925980e+05
9.988600e+01	2.923010e+05
9.993700e+01	2.920950e+05
9.998600e+01	2.933260e+05
1.000360e+02	2.994390e+05
1.000870e+02	2.986520e+05
1.001370e+02	2.979110e+05
1.001870e+02	2.971630e+05
1.002380e+02	2.970000e+05
1.002870e+02	2.964810e+05
1.003380e+02	2.959220e+05
1.003870e+02	2.946050e+05
1.004380e+02	2.960510e+05
1.004880e+02	2.952520e+05
1.005370e+02	2.955760e+05
1.005880e+02	2.947450e+05
1.006380e+02	2.942680e+05
1.006880e+02	2.948120e+05
1.007390e+02	2.950600e+05
1.007880e+02	2.946630e+05
1.008380e+02	2.947060e+05
1.008890e+02	2.943000e+05
1.009390e+02	2.942530e+05
1.009880e+02	2.957110e+05
1.010380e+02	3.018900e+05
1.010890e+02	3.008610e+05
1.011390e+02	3.000120e+05
1.011900e+02	2.990830e+05
1.012390e+02	2.984510e+05
1.012890e+02	2.990150e+05
1.013400e+02	2.978270e+05
1.013900e+02	2.986930e+05
1.014400e+02	2.974670e+05
1.014900e+02	2.971550e+05
1.015390e+02	2.974080e+05
1.015900e+02	2.970090e+05
1.016400e+02	2.973240e+05
1.016900e+02	2.963930e+05
1.017400e+02	2.962760e+05
1.017900e+02	2.966010e+05
1.018410e+02	2.966700e+05
1.018900e+02	2.966650e+05
1.019400e+02	2.962220e+05
1.019910e+02	2.988660e+05
1.020400e+02	3.040880e+05
1.020910e+02	3.021200e+05
1.021410e+02	3.023760e+05
1.021910e+02	3.019260e+05
1.022410e+02	3.013180e+05
1.022910e+02	3.001750e+05
1.023410e+02	3.000200e+05
1.023920e+02	2.996320e+05
1.024410e+02	3.002620e+05
1.024910e+02	2.995590e+05
1.025420e+02	2.994140e+05
1.025920e+02	2.990350e+05
1.026420e+02	2.999110e+05
1.026920e+02	2.990250e+05
1.027420e+02	2.986370e+05
1.027920e+02	2.983780e+05
1.028420e+02	2.986120e+05
1.028920e+02	2.994560e+05
1.029420e+02	2.985510e+05
1.029920e+02	3.013860e+05
1.030420e+02	3.058190e+05
1.030930e+02	3.049120e+05
1.031430e+02	3.036430e+05
1.031930e+02	3.038980e+05
1.032430e+02	3.034380e+05
1.032940e+02	3.034160e+05
1.033430e+02	3.026270e+05
1.033930e+02	3.025330e+05
1.034430e+02	3.024130e+05
1.034930e+02	3.018410e+05
1.035430e+02	3.012600e+05
1.035930e+02	3.010840e+05
1.036440e+02	3.017440e+05
1.036940e+02	3.006720e+05
1.037440e+02	3.013720e+05
1.037940e+02	3.004340e+05
1.038440e+02	3.020220e+05
1.038940e+02	3.015480e+05
1.039450e+02	3.010540e+05
1.039950e+02	3.031360e+05
1.040450e+02	3.082190e+05
1.040950e+02	3.076460e+05
1.041440e+02	3.068690e+05
1.041950e+02	3.049860e+05
1.042450e+02	3.049370e+05
1.042950e+02	3.040820e+05
1.043450e+02	3.046430e+05
1.043950e+02	3.045580e+05
1.044450e+02	3.039180e+05
1.044950e+02	3.039950e+05
1.045450e+02	3.040000e+05
1.045950e+02	3.034010e+05
1.046450e+02	3.027270e+05
1.046960e+02	3.039520e+05
1.047460e+02	3.029640e+05
1.047960e+02	3.033220e+05
1.048460e+02	3.027400e+05
1.048960e+02	3.027570e+05
1.049460e+02	3.026890e+05
1.049960e+02	3.055280e+05
1.050460e+02	3.107290e+05
1.050960e+02	3.097440e+05
1.051460e+02	3.082950e+05
1.051970e+02	3.078330e+05
1.052470e+02	3.075810e+05
1.052960e+02	3.068510e+05
1.053470e+02	3.068390e+05
1.053960e+02	3.059750e+05
1.054470e+02	3.055570e+05
1.054970e+02	3.052920e+05
1.055470e+02	3.065720e+05
1.055970e+02	3.059070e+05
1.056480e+02	3.054750e+05
1.056970e+02	3.053090e+05
1.057480e+02	3.050990e+05
1.057980e+02	3.059660e+05
1.058480e+02	3.057560e+05
1.058970e+02	3.055960e+05
1.059490e+02	3.045160e+05
1.059980e+02	3.078460e+05
1.060490e+02	3.114300e+05
1.060990e+02	3.119320e+05
1.061480e+02	3.102610e+05
1.061980e+02	3.105590e+05
1.062480e+02	3.094760e+05
1.062980e+02	3.091350e+05
1.063490e+02	3.085650e+05
1.063990e+02	3.084550e+05
1.064490e+02	3.087120e+05
1.064990e+02	3.076970e+05
1.065490e+02	3.074520e+05
1.065990e+02	3.070390e+05
1.066500e+02	3.077460e+05
1.066990e+02	3.074900e+05
1.067490e+02	3.075520e+05
1.067990e+02	3.067880e+05
1.068500e+02	3.073780e+05
1.068990e+02	3.071030e+05
1.069500e+02	3.079220e+05
1.070000e+02	3.096730e+05
1.070500e+02	3.158320e+05
1.071000e+02	3.133520e+05
1.071500e+02	3.132820e+05
1.072000e+02	3.119640e+05
1.072500e+02	3.113740e+05
1.073000e+02	3.113670e+05
1.073510e+02	3.101350e+05
1.074010e+02	3.105430e+05
1.074510e+02	3.103940e+05
1.075010e+02	3.110470e+05
1.075510e+02	3.099450e+05
1.076010e+02	3.100460e+05
1.076510e+02	3.098050e+05
1.077020e+02	3.097380e+05
1.077510e+02	3.095410e+05
1.078010e+02	3.094530e+05
1.078510e+02	3.091340e+05
1.079010e+02	3.087950e+05
1.079520e+02	3.093210e+05
1.080010e+02	3.113770e+05
1.080510e+02	3.164120e+05
1.081020e+02	3.156470e+05
1.081520e+02	3.147730e+05
1.082020e+02	3.136090e+05
1.082520e+02	3.132860e+05
1.083020e+02	3.132000e+05
1.083520e+02	3.132940e+05
1.084020e+02	3.120190e+05
1.084530e+02	3.124060e+05
1.085030e+02	3.116110e+05
1.085530e+02	3.114010e+05
1.086020e+02	3.111130e+05
1.086530e+02	3.119450e+05
1.087030e+02	3.110020e+05
1.087530e+02	3.114840e+05
1.088030e+02	3.110130e+05
1.088540e+02	3.115100e+05
1.089040e+02	3.109300e+05
1.089540e+02	3.111730e+05
1.090040e+02	3.132530e+05
1.090540e+02	3.182370e+05
1.091040e+02	3.168740e+05
1.091540e+02	3.159230e+05
1.092040e+02	3.158110e+05
1.092540e+02	3.154570e+05
1.093040e+02	3.147700e+05
1.093540e+02	3.145300e+05
1.094040e+02	3.136660e+05
1.094540e+02	3.138130e+05
1.095040e+02	3.146500e+05
1.095550e+02	3.130270e+05
1.096040e+02	3.132990e+05
1.096550e+02	3.125370e+05
1.097050e+02	3.133050e+05
1.097540e+02	3.129140e+05
1.098050e+02	3.131690e+05
1.098550e+02	3.128230e+05
1.099050e+02	3.130750e+05
1.099560e+02	3.123120e+05
1.100050e+02	3.154280e+05
1.100550e+02	3.205340e+05
1.101060e+02	3.194310e+05
1.101550e+02	3.185950e+05
1.102060e+02	3.176800e+05
1.102560e+02	3.172660e+05
1.103070e+02	3.163980e+05
1.103560e+02	3.168130e+05
1.104060e+02	3.161500e+05
1.104560e+02	3.151600e+05
1.105060e+02	3.155620e+05
1.105570e+02	3.148380e+05
1.106060e+02	3.144570e+05
1.106570e+02	3.152720e+05
1.107070e+02	3.151340e+05
1.107570e+02	3.139570e+05
1.108070e+02	3.149360e+05
1.108570e+02	3.143350e+05
1.109070e+02	3.148520e+05
1.109570e+02	3.142570e+05
1.110070e+02	3.180280e+05
1.110580e+02	3.222680e+05
1.111070e+02	3.217710e+05
1.111580e+02	3.192990e+05
1.112080e+02	3.197080e+05
1.112580e+02	3.191110e+05
1.113080e+02	3.191290e+05
1.113590e+02	3.175650e+05
1.114080e+02	3.177260e+05
1.114580e+02	3.171800e+05
1.115080e+02	3.172400e+05
1.115580e+02	3.172120e+05
1.116080e+02	3.169780e+05
1.116590e+02	3.165840e+05
1.117090e+02	3.169690e+05
1.117590e+02	3.158400e+05
1.118090e+02	3.166520e+05
1.118590e+02	3.162790e+05
1.119090e+02	3.161390e+05
1.119590e+02	3.159020e+05
1.120090e+02	3.195500e+05
1.120600e+02	3.238650e+05
1.121090e+02	3.234020e+05
1.121590e+02	3.217270e+05
1.122090e+02	3.209410e+05
1.122600e+02	3.208200e+05
1.123100e+02	3.206530e+05
1.123600e+02	3.197380e+05
1.124110e+02	3.193560e+05
1.124600e+02	3.188910e+05
1.125100e+02	3.185210e+05
1.125600e+02	3.189420e+05
1.126100e+02	3.176380e+05
1.126610e+02	3.181640e+05
1.127110e+02	3.184940e+05
1.127610e+02	3.177170e+05
1.128100e+02	3.174420e+05
1.128610e+02	3.173000e+05
1.129110e+02	3.186700e+05
1.129610e+02	3.175770e+05
1.130110e+02	3.224580e+05
1.130620e+02	3.245610e+05
1.131120e+02	3.241440e+05
1.131620e+02	3.228470e+05
1.132120e+02	3.221460e+05
1.132620e+02	3.218480e+05
1.133120e+02	3.218990e+05
1.133620e+02	3.206410e+05
1.134120e+02	3.209000e+05
1.134620e+02	3.202220e+05
1.135120e+02	3.210880e+05
1.135620e+02	3.197980e+05
1.136120e+02	3.197300e+05
1.136620e+02	3.195340e+05
1.137120e+02	3.193940e+05
1.137620e+02	3.197520e+05
1.138130e+02	3.182660e+05
1.138620e+02	3.190510e+05
1.139130e+02	3.187720e+05
1.139630e+02	3.192560e+05
1.140130e+02	3.237450e+05
1.140630e+02	3.270480e+05
1.141130e+02	3.255570e+05
1.141630e+02	3.240850e+05
1.142130e+02	3.234270e+05
1.142640e+02	3.231760e+05
1.143130e+02	3.219560e+05
1.143630e+02	3.224750e+05
1.144130e+02	3.213710e+05
1.144640e+02	3.206870e+05
1.145140e+02	3.212620e+05
1.145640e+02	3.207770e+05
1.146140e+02	3.214600e+05
1.146640e+02	3.204690e+05
1.147150e+02	3.206080e+05
1.147650e+02	3.200590e+05
1.148140e+02	3.206890e+05
1.148640e+02	3.201770e+05
1.149140e+02	3.202240e+05
1.149650e+02	3.200970e+05
1.150150e+02	3.245280e+05
1.150650e+02	3.272150e+05
1.151150e+02	3.262330e+05
1.151650e+02	3.258680e+05
1.152150e+02	3.251020e+05
1.152650e+02	3.242600e+05
1.153150e+02	3.242960e+05
1.153660e+02	3.237670e+05
1.154150e+02	3.232530e+05
1.154660e+02	3.238170e+05
1.155160e+02	3.223770e+05
1.155660e+02	3.224100e+05
1.156160e+02	3.214550e+05
1.156660e+02	3.221750e+05
1.157160e+02	3.219410e+05
1.157660e+02	3.222520e+05
1.158160e+02	3.212560e+05
1.158670e+02	3.223720e+05
1.159170e+02	3.213630e+05
1.159670e+02	3.213070e+05
1.160170e+02	3.274560e+05
1.160670e+02	3.291840e+05
1.161170e+02	3.294520e+05
1.161670e+02	3.270270e+05
1.162170e+02	3.261690e+05
1.162680e+02	3.249420e+05
1.163170e+02	3.262800e+05
1.163680e+02	3.248990e+05
1.164180e+02	3.241160e+05
1.165050e+02	3.245450e+05
1.165180e+02	3.237310e+05
1.165680e+02	3.236100e+05
1.166180e+02	3.233880e+05
1.166680e+02	3.230550e+05
1.167180e+02	3.237280e+05
1.167680e+02	3.229680e+05
1.168190e+02	3.224920e+05
1.168690e+02	3.227060e+05
1.169180e+02	3.230830e+05
1.169690e+02	3.229000e+05
1.170190e+02	3.272850e+05
1.170690e+02	3.310650e+05
1.171190e+02	3.291580e+05
1.171690e+02	3.286940e+05
1.172200e+02	3.268530e+05
1.172690e+02	3.269560e+05
1.173190e+02	3.266180e+05
1.173700e+02	3.257110e+05
1.174200e+02	3.250390e+05
1.174690e+02	3.249500e+05
1.175200e+02	3.243660e+05
1.175700e+02	3.248190e+05
1.176200e+02	3.244170e+05
1.176700e+02	3.239030e+05
1.177200e+02	3.246610e+05
1.177700e+02	3.236850e+05
1.178200e+02	3.242270e+05
1.178710e+02	3.239310e+05
1.179200e+02	3.239710e+05
1.179700e+02	3.233550e+05
1.180200e+02	3.291500e+05
1.180700e+02	3.311330e+05
1.181210e+02	3.305190e+05
1.181710e+02	3.285740e+05
1.182210e+02	3.282220e+05
1.182720e+02	3.274360e+05
1.183210e+02	3.279000e+05
1.183710e+02	3.267180e+05
1.184210e+02	3.264610e+05
1.184710e+02	3.266170e+05
1.185210e+02	3.258390e+05
1.185710e+02	3.256770e+05
1.186210e+02	3.246830e+05
1.186710e+02	3.250800e+05
1.187210e+02	3.250370e+05
1.187710e+02	3.249520e+05
1.188210e+02	3.236760e+05
1.188720e+02	3.249780e+05
1.189220e+02	3.237880e+05
1.189720e+02	3.241940e+05
1.190230e+02	3.303320e+05
1.190730e+02	3.324640e+05
1.191230e+02	3.308870e+05
1.191730e+02	3.295800e+05
1.192230e+02	3.285200e+05
1.192730e+02	3.288430e+05
1.193230e+02	3.285460e+05
1.193730e+02	3.282510e+05
1.194230e+02	3.275590e+05
1.194730e+02	3.270970e+05
1.195240e+02	3.271330e+05
1.195740e+02	3.258920e+05
1.196230e+02	3.266940e+05
1.196730e+02	3.260020e+05
1.197230e+02	3.258390e+05
1.197740e+02	3.252560e+05
1.198230e+02	3.244050e+05
1.198730e+02	3.249310e+05
1.199240e+02	3.254820e+05
1.199740e+02	3.251520e+05
1.200240e+02	3.317680e+05
1.200750e+02	3.328490e+05
1.201250e+02	3.318010e+05
1.201750e+02	3.309950e+05
1.202250e+02	3.296360e+05
1.202740e+02	3.298750e+05
1.203250e+02	3.288380e+05
1.203750e+02	3.289600e+05
1.204250e+02	3.275320e+05
1.204750e+02	3.273830e+05
1.205260e+02	3.282310e+05
1.205760e+02	3.269710e+05
1.206250e+02	3.271860e+05
1.206750e+02	3.270250e+05
1.207260e+02	3.264830e+05
1.207760e+02	3.270290e+05
1.208260e+02	3.259020e+05
1.208760e+02	3.261730e+05
1.209260e+02	3.260090e+05
1.209760e+02	3.261540e+05
1.210260e+02	3.317400e+05
1.210760e+02	3.326060e+05
1.211260e+02	3.323610e+05
1.211760e+02	3.312650e+05
1.212260e+02	3.309510e+05
1.212770e+02	3.295370e+05
1.213260e+02	3.296500e+05
1.213770e+02	3.285680e+05
1.214270e+02	3.286600e+05
1.214770e+02	3.276550e+05
1.215270e+02	3.276210e+05
1.215770e+02	3.269310e+05
1.216270e+02	3.276010e+05
1.216770e+02	3.270050e+05
1.217280e+02	3.272790e+05
1.217780e+02	3.270960e+05
1.218270e+02	3.271360e+05
1.218780e+02	3.264900e+05
1.219280e+02	3.268310e+05
1.219780e+02	3.265340e+05
1.220280e+02	3.329110e+05
1.220780e+02	3.337740e+05
1.221280e+02	3.318280e+05
1.221780e+02	3.343350e+05
1.222280e+02	3.303240e+05
1.222780e+02	3.310570e+05
1.223290e+02	3.294970e+05
1.223790e+02	3.292130e+05
1.224280e+02	3.278110e+05
1.224790e+02	3.288270e+05
1.225290e+02	3.278180e+05
1.225800e+02	3.280390e+05
1.226290e+02	3.266990e+05
1.226800e+02	3.278980e+05
1.227290e+02	3.276080e+05
1.227800e+02	3.264540e+05
1.228290e+02	3.267330e+05
1.228800e+02	3.267150e+05
1.229300e+02	3.275900e+05
1.229800e+02	3.269150e+05
1.230300e+02	3.330980e+05
1.230800e+02	3.336750e+05
1.231300e+02	3.326720e+05
1.231800e+02	3.320750e+05
1.232300e+02	3.301040e+05
1.232800e+02	3.294510e+05
1.233300e+02	3.308860e+05
1.233810e+02	3.293450e+05
1.234310e+02	3.287100e+05
1.234810e+02	3.275680e+05
1.235300e+02	3.291170e+05
1.235810e+02	3.278360e+05
1.236310e+02	3.277840e+05
1.236810e+02	3.270270e+05
1.237310e+02	3.279120e+05
1.237810e+02	3.267310e+05
1.238310e+02	3.269280e+05
1.238810e+02	3.261870e+05
1.239310e+02	3.271270e+05
1.239820e+02	3.282330e+05
1.240320e+02	3.324600e+05
1.240820e+02	3.331200e+05
1.241320e+02	3.316990e+05
1.241820e+02	3.320730e+05
1.242320e+02	3.304310e+05
1.242830e+02	3.304810e+05
1.243320e+02	3.291050e+05
1.243820e+02	3.295780e+05
1.244330e+02	3.288820e+05
1.244830e+02	3.286230e+05
1.245330e+02	3.294290e+05
1.245830e+02	3.279590e+05
1.246330e+02	3.270360e+05
1.246830e+02	3.271740e+05
1.247330e+02	3.268820e+05
1.247830e+02	3.273970e+05
1.248330e+02	3.269990e+05
1.248830e+02	3.260650e+05
1.249340e+02	3.269490e+05
1.249840e+02	3.269960e+05
1.250330e+02	3.337030e+05
1.250840e+02	3.328170e+05
1.251330e+02	3.321320e+05
1.251840e+02	3.306300e+05
1.252340e+02	3.299900e+05
1.252840e+02	3.292140e+05
1.253340e+02	3.287040e+05
1.253850e+02	3.289840e+05
1.254340e+02	3.280770e+05
1.254850e+02	3.272480e+05
1.255350e+02	3.271900e+05
1.255850e+02	3.265590e+05
1.256350e+02	3.269650e+05
1.256850e+02	3.281120e+05
1.257350e+02	3.267660e+05
1.257850e+02	3.262390e+05
1.258350e+02	3.249900e+05
1.258850e+02	3.264680e+05
1.259350e+02	3.261370e+05
1.259860e+02	3.276590e+05
1.260350e+02	3.310430e+05
1.260850e+02	3.319120e+05
1.261360e+02	3.306240e+05
1.261860e+02	3.300590e+05
1.262360e+02	3.288940e+05
1.262860e+02	3.281230e+05
1.263360e+02	3.280740e+05
1.263860e+02	3.273880e+05
1.264360e+02	3.270320e+05
1.264860e+02	3.267930e+05
1.265360e+02	3.272780e+05
1.265860e+02	3.257820e+05
1.266380e+02	3.258010e+05
1.266870e+02	3.250210e+05
1.267370e+02	3.263200e+05
1.267870e+02	3.249840e+05
1.268370e+02	3.254830e+05
1.268870e+02	3.244010e+05
1.269380e+02	3.249010e+05
1.269880e+02	3.266360e+05
1.270380e+02	3.304490e+05
1.270880e+02	3.308640e+05
1.271380e+02	3.297030e+05
1.271880e+02	3.288410e+05
1.272380e+02	3.274530e+05
1.272880e+02	3.269010e+05
1.273380e+02	3.270410e+05
1.273880e+02	3.266470e+05
1.274380e+02	3.246940e+05
1.274880e+02	3.257970e+05
1.275380e+02	3.247900e+05
1.275890e+02	3.255270e+05
1.276400e+02	3.240410e+05
1.276890e+02	3.242900e+05
1.277390e+02	3.248120e+05
1.277890e+02	3.235390e+05
1.278380e+02	3.238550e+05
1.278890e+02	3.235200e+05
1.279390e+02	3.237020e+05
1.279890e+02	3.236320e+05
1.280390e+02	3.227330e+05
1.280900e+02	3.234900e+05
1.281390e+02	3.237730e+05
1.281900e+02	3.224810e+05
1.282400e+02	3.226880e+05
1.282900e+02	3.221110e+05
1.283400e+02	3.231860e+05
1.283900e+02	3.218040e+05
1.284400e+02	3.227800e+05
1.284900e+02	3.223960e+05
1.285400e+02	3.221980e+05
1.285900e+02	3.226950e+05
1.286410e+02	3.218430e+05
1.286900e+02	3.219680e+05
1.287400e+02	3.219290e+05
1.287900e+02	3.220980e+05
1.288400e+02	3.216680e+05
