0.000000e+00	1.428324e+02
5.000000e-02	1.428254e+02
1.000000e-01	1.439841e+02
1.510000e-01	1.424715e+02
2.010000e-01	1.423426e+02
2.510000e-01	1.423678e+02
3.010000e-01	1.423955e+02
3.510000e-01	1.425298e+02
4.010000e-01	1.425949e+02
4.510000e-01	1.426673e+02
5.010000e-01	1.426915e+02
5.510000e-01	1.427287e+02
6.010000e-01	1.427525e+02
6.520000e-01	1.427935e+02
7.020000e-01	1.427807e+02
7.520000e-01	1.427866e+02
8.020000e-01	1.427981e+02
8.520000e-01	1.427760e+02
9.040000e-01	1.428169e+02
9.520000e-01	1.428188e+02
1.003000e+00	1.428306e+02
1.053000e+00	1.428149e+02
1.103000e+00	1.439709e+02
1.152000e+00	1.424215e+02
1.203000e+00	1.423530e+02
1.253000e+00	1.423551e+02
1.302000e+00	1.424221e+02
1.353000e+00	1.424790e+02
1.403000e+00	1.426112e+02
1.454000e+00	1.426512e+02
1.503000e+00	1.427300e+02
1.553000e+00	1.427626e+02
1.604000e+00	1.427546e+02
1.653000e+00	1.427538e+02
1.703000e+00	1.427912e+02
1.754000e+00	1.428021e+02
1.803000e+00	1.428126e+02
1.853000e+00	1.428173e+02
1.911000e+00	1.428144e+02
1.954000e+00	1.428136e+02
2.005000e+00	1.428160e+02
2.054000e+00	1.428281e+02
2.104000e+00	1.439569e+02
2.154000e+00	1.423491e+02
2.204000e+00	1.423592e+02
2.255000e+00	1.423633e+02
2.304000e+00	1.423987e+02
2.355000e+00	1.425260e+02
2.404000e+00	1.426474e+02
2.455000e+00	1.426952e+02
2.505000e+00	1.427186e+02
2.555000e+00	1.427594e+02
2.605000e+00	1.427742e+02
2.655000e+00	1.427873e+02
2.705000e+00	1.428255e+02
2.756000e+00	1.427993e+02
2.805000e+00	1.428198e+02
2.855000e+00	1.428217e+02
2.906000e+00	1.428477e+02
2.956000e+00	1.428231e+02
3.006000e+00	1.428217e+02
3.056000e+00	1.428189e+02
3.106000e+00	1.440062e+02
3.156000e+00	1.423572e+02
3.207000e+00	1.423573e+02
3.257000e+00	1.423610e+02
3.306000e+00	1.424480e+02
3.357000e+00	1.425293e+02
3.407000e+00	1.426052e+02
3.457000e+00	1.426854e+02
3.507000e+00	1.427260e+02
3.557000e+00	1.427627e+02
3.607000e+00	1.427693e+02
3.658000e+00	1.427917e+02
3.707000e+00	1.428083e+02
3.757000e+00	1.428159e+02
3.811000e+00	1.428151e+02
3.858000e+00	1.428344e+02
3.907000e+00	1.428275e+02
3.958000e+00	1.428233e+02
4.008000e+00	1.428172e+02
4.058000e+00	1.428659e+02
4.108000e+00	1.440225e+02
4.158000e+00	1.423928e+02
4.208000e+00	1.423451e+02
4.259000e+00	1.423948e+02
4.308000e+00	1.424415e+02
4.359000e+00	1.425451e+02
4.408000e+00	1.426557e+02
4.459000e+00	1.426921e+02
4.509000e+00	1.427585e+02
4.559000e+00	1.427704e+02
4.608000e+00	1.428055e+02
4.659000e+00	1.428135e+02
4.709000e+00	1.428071e+02
4.759000e+00	1.428004e+02
4.809000e+00	1.428306e+02
4.860000e+00	1.427893e+02
4.909000e+00	1.428710e+02
4.960000e+00	1.428396e+02
5.010000e+00	1.428559e+02
5.060000e+00	1.428510e+02
5.110000e+00	1.440227e+02
5.160000e+00	1.423803e+02
5.210000e+00	1.423754e+02
5.260000e+00	1.423962e+02
5.311000e+00	1.424474e+02
5.360000e+00	1.425595e+02
5.410000e+00	1.426271e+02
5.460000e+00	1.427368e+02
5.511000e+00	1.427428e+02
5.561000e+00	1.427947e+02
5.611000e+00	1.427837e+02
5.661000e+00	1.428356e+02
5.711000e+00	1.428153e+02
5.761000e+00	1.428359e+02
5.811000e+00	1.428441e+02
5.861000e+00	1.428547e+02
5.913000e+00	1.428361e+02
5.961000e+00	1.428694e+02
6.012000e+00	1.428721e+02
6.063000e+00	1.428756e+02
6.111000e+00	1.440023e+02
6.162000e+00	1.423816e+02
6.212000e+00	1.423973e+02
6.262000e+00	1.424141e+02
6.313000e+00	1.424688e+02
6.362000e+00	1.425399e+02
6.413000e+00	1.426807e+02
6.462000e+00	1.427032e+02
6.512000e+00	1.427686e+02
6.562000e+00	1.427865e+02
6.614000e+00	1.427963e+02
6.663000e+00	1.428103e+02
6.713000e+00	1.428389e+02
6.763000e+00	1.428107e+02
6.813000e+00	1.428850e+02
6.864000e+00	1.428575e+02
6.913000e+00	1.428541e+02
6.963000e+00	1.428575e+02
7.013000e+00	1.428562e+02
7.064000e+00	1.429073e+02
7.116000e+00	1.440188e+02
7.168000e+00	1.423776e+02
7.214000e+00	1.424301e+02
7.264000e+00	1.424013e+02
7.314000e+00	1.424879e+02
7.364000e+00	1.425702e+02
7.414000e+00	1.426678e+02
7.464000e+00	1.427589e+02
7.514000e+00	1.427495e+02
7.564000e+00	1.427985e+02
7.614000e+00	1.428180e+02
7.665000e+00	1.428545e+02
7.715000e+00	1.428502e+02
7.765000e+00	1.428371e+02
7.815000e+00	1.428448e+02
7.865000e+00	1.428583e+02
7.916000e+00	1.428612e+02
7.965000e+00	1.429100e+02
8.015000e+00	1.428375e+02
8.065000e+00	1.428729e+02
8.116000e+00	1.440018e+02
8.165000e+00	1.423940e+02
8.215000e+00	1.424067e+02
8.266000e+00	1.424123e+02
8.316000e+00	1.424985e+02
8.366000e+00	1.425677e+02
8.416000e+00	1.426620e+02
8.466000e+00	1.427451e+02
8.517000e+00	1.427670e+02
8.566000e+00	1.427929e+02
8.616000e+00	1.428442e+02
8.667000e+00	1.428269e+02
8.717000e+00	1.428526e+02
8.767000e+00	1.428154e+02
8.817000e+00	1.428762e+02
8.867000e+00	1.428704e+02
8.917000e+00	1.428751e+02
8.968000e+00	1.428748e+02
9.018000e+00	1.428431e+02
9.068000e+00	1.428763e+02
9.117000e+00	1.439327e+02
9.168000e+00	1.423853e+02
9.217000e+00	1.424088e+02
9.269000e+00	1.424226e+02
9.318000e+00	1.424501e+02
9.368000e+00	1.426057e+02
9.418000e+00	1.426826e+02
9.468000e+00	1.427836e+02
9.521000e+00	1.427844e+02
9.569000e+00	1.427946e+02
9.618000e+00	1.427927e+02
9.668000e+00	1.428365e+02
9.719000e+00	1.428236e+02
9.770000e+00	1.428594e+02
9.819000e+00	1.428600e+02
9.873000e+00	1.428661e+02
9.920000e+00	1.428655e+02
9.969000e+00	1.428669e+02
1.001900e+01	1.428600e+02
1.006900e+01	1.428978e+02
1.012000e+01	1.439956e+02
1.017000e+01	1.424000e+02
1.021900e+01	1.423988e+02
1.026900e+01	1.424154e+02
1.031900e+01	1.424640e+02
1.036900e+01	1.425553e+02
1.042100e+01	1.426893e+02
1.047000e+01	1.426949e+02
1.052000e+01	1.427590e+02
1.057000e+01	1.427713e+02
1.062200e+01	1.428399e+02
1.067000e+01	1.428111e+02
1.072000e+01	1.428345e+02
1.077100e+01	1.428286e+02
1.082100e+01	1.427922e+02
1.087000e+01	1.428754e+02
1.096500e+01	1.428356e+02
1.097200e+01	1.428693e+02
1.102100e+01	1.428355e+02
1.107100e+01	1.428655e+02
1.112100e+01	1.439407e+02
1.117100e+01	1.423897e+02
1.122200e+01	1.424140e+02
1.127100e+01	1.424397e+02
1.132200e+01	1.424924e+02
1.137100e+01	1.425867e+02
1.142200e+01	1.426686e+02
1.147200e+01	1.427400e+02
1.152200e+01	1.427803e+02
1.157200e+01	1.428363e+02
1.162200e+01	1.428106e+02
1.167200e+01	1.428168e+02
1.172300e+01	1.428288e+02
1.177300e+01	1.428211e+02
1.182200e+01	1.428875e+02
1.187300e+01	1.428546e+02
1.192300e+01	1.428819e+02
1.197300e+01	1.428659e+02
1.202300e+01	1.428717e+02
1.207300e+01	1.428702e+02
1.212400e+01	1.439385e+02
1.217900e+01	1.423918e+02
1.222300e+01	1.424135e+02
1.227300e+01	1.423807e+02
1.232400e+01	1.424872e+02
1.237300e+01	1.426021e+02
1.242400e+01	1.426771e+02
1.247500e+01	1.427280e+02
1.252400e+01	1.427453e+02
1.257400e+01	1.428087e+02
1.262400e+01	1.427747e+02
1.267400e+01	1.428527e+02
1.272400e+01	1.428323e+02
1.277400e+01	1.428526e+02
1.282500e+01	1.428302e+02
1.287600e+01	1.428823e+02
1.292700e+01	1.428295e+02
1.297400e+01	1.428647e+02
1.302500e+01	1.428627e+02
1.307500e+01	1.429106e+02
1.312500e+01	1.437757e+02
1.317500e+01	1.423909e+02
1.322500e+01	1.423800e+02
1.327500e+01	1.424094e+02
1.332500e+01	1.425250e+02
1.337600e+01	1.426187e+02
1.342600e+01	1.426827e+02
1.347500e+01	1.427203e+02
1.352500e+01	1.427820e+02
1.357600e+01	1.428051e+02
1.362500e+01	1.428262e+02
1.367600e+01	1.428137e+02
1.372700e+01	1.428440e+02
1.377600e+01	1.428207e+02
1.382600e+01	1.428331e+02
1.387600e+01	1.428422e+02
1.392600e+01	1.428561e+02
1.397600e+01	1.428556e+02
1.402800e+01	1.428489e+02
1.407600e+01	1.430111e+02
1.412600e+01	1.436961e+02
1.417700e+01	1.423633e+02
1.422700e+01	1.423892e+02
1.427700e+01	1.424078e+02
1.432700e+01	1.425025e+02
1.437700e+01	1.426110e+02
1.442700e+01	1.426600e+02
1.447800e+01	1.427350e+02
1.452700e+01	1.427508e+02
1.457800e+01	1.427868e+02
1.462800e+01	1.427981e+02
1.467800e+01	1.428013e+02
1.472800e+01	1.428138e+02
1.477700e+01	1.428492e+02
1.482800e+01	1.428304e+02
1.487800e+01	1.428480e+02
1.492800e+01	1.428201e+02
1.497800e+01	1.428403e+02
1.503900e+01	1.428289e+02
1.507900e+01	1.430572e+02
1.512900e+01	1.436034e+02
1.517900e+01	1.423395e+02
1.522900e+01	1.423883e+02
1.527900e+01	1.423797e+02
1.532900e+01	1.424863e+02
1.537900e+01	1.425708e+02
1.543000e+01	1.426752e+02
1.548000e+01	1.426975e+02
1.553000e+01	1.427594e+02
1.557900e+01	1.427610e+02
1.563000e+01	1.427771e+02
1.568000e+01	1.427973e+02
1.573100e+01	1.428169e+02
1.578000e+01	1.428240e+02
1.583100e+01	1.428237e+02
1.588000e+01	1.428228e+02
1.593000e+01	1.428472e+02
1.598000e+01	1.428365e+02
1.603100e+01	1.428595e+02
1.608100e+01	1.431233e+02
1.613100e+01	1.434592e+02
1.618100e+01	1.423518e+02
1.623100e+01	1.423606e+02
1.628100e+01	1.423884e+02
1.633100e+01	1.424607e+02
1.638100e+01	1.425949e+02
1.643100e+01	1.426642e+02
1.648100e+01	1.426995e+02
1.653200e+01	1.427447e+02
1.658200e+01	1.427921e+02
1.663300e+01	1.427912e+02
1.668200e+01	1.427934e+02
1.673100e+01	1.427942e+02
1.678400e+01	1.428056e+02
1.683200e+01	1.428154e+02
1.688200e+01	1.428257e+02
1.693300e+01	1.428207e+02
1.698200e+01	1.428065e+02
1.703200e+01	1.428230e+02
1.708200e+01	1.431947e+02
1.713400e+01	1.433803e+02
1.718300e+01	1.423577e+02
1.723300e+01	1.423622e+02
1.728200e+01	1.423661e+02
1.733300e+01	1.424352e+02
1.738300e+01	1.425685e+02
1.743200e+01	1.426633e+02
1.748300e+01	1.427090e+02
1.753300e+01	1.427161e+02
1.758400e+01	1.427448e+02
1.763300e+01	1.427631e+02
1.768300e+01	1.427592e+02
1.773400e+01	1.427990e+02
1.778300e+01	1.428031e+02
1.783400e+01	1.428124e+02
1.788400e+01	1.428277e+02
1.793400e+01	1.427907e+02
1.798400e+01	1.428194e+02
1.803400e+01	1.428090e+02
1.808400e+01	1.432801e+02
1.813500e+01	1.432564e+02
1.818400e+01	1.423274e+02
1.823500e+01	1.423402e+02
1.829500e+01	1.423601e+02
1.833400e+01	1.424486e+02
1.838500e+01	1.425857e+02
1.843500e+01	1.426260e+02
1.848500e+01	1.427014e+02
1.853500e+01	1.427232e+02
1.858500e+01	1.427443e+02
1.863500e+01	1.427536e+02
1.868600e+01	1.427867e+02
1.873600e+01	1.427770e+02
1.878500e+01	1.427639e+02
1.883600e+01	1.427995e+02
1.888500e+01	1.427972e+02
1.893500e+01	1.428196e+02
1.898600e+01	1.428128e+02
1.903600e+01	1.428111e+02
1.908600e+01	1.433377e+02
1.913600e+01	1.431889e+02
1.918600e+01	1.423168e+02
1.923600e+01	1.423341e+02
1.928700e+01	1.423537e+02
1.933700e+01	1.424562e+02
1.938700e+01	1.425605e+02
1.943700e+01	1.426252e+02
1.948700e+01	1.427176e+02
1.953700e+01	1.427299e+02
1.958700e+01	1.427697e+02
1.963800e+01	1.427716e+02
1.968700e+01	1.427810e+02
1.973800e+01	1.427823e+02
1.978700e+01	1.427798e+02
1.983700e+01	1.427857e+02
1.988800e+01	1.428191e+02
1.993700e+01	1.427766e+02
1.998800e+01	1.428119e+02
2.003800e+01	1.428035e+02
2.008800e+01	1.434566e+02
2.013800e+01	1.431078e+02
2.018800e+01	1.423542e+02
2.023800e+01	1.423430e+02
2.028800e+01	1.423777e+02
2.033800e+01	1.424244e+02
2.038800e+01	1.425909e+02
2.044100e+01	1.426319e+02
2.048900e+01	1.426948e+02
2.053900e+01	1.427089e+02
2.058900e+01	1.427479e+02
2.063900e+01	1.427464e+02
2.068900e+01	1.428046e+02
2.073900e+01	1.428015e+02
2.078900e+01	1.427893e+02
2.084000e+01	1.427989e+02
2.088900e+01	1.428018e+02
2.093900e+01	1.428227e+02
2.099000e+01	1.428208e+02
2.104000e+01	1.428274e+02
2.108900e+01	1.435303e+02
2.114000e+01	1.430065e+02
2.119000e+01	1.423458e+02
2.124000e+01	1.423629e+02
2.129100e+01	1.423747e+02
2.134100e+01	1.424835e+02
2.139100e+01	1.425728e+02
2.144000e+01	1.426531e+02
2.149000e+01	1.427054e+02
2.154100e+01	1.427115e+02
2.159100e+01	1.427743e+02
2.164100e+01	1.427801e+02
2.169000e+01	1.427826e+02
2.174100e+01	1.427872e+02
2.179100e+01	1.427877e+02
2.184100e+01	1.428296e+02
2.189100e+01	1.428287e+02
2.194100e+01	1.428286e+02
2.199100e+01	1.428248e+02
2.204200e+01	1.428344e+02
2.209500e+01	1.435779e+02
2.214400e+01	1.428784e+02
2.219200e+01	1.423697e+02
2.224100e+01	1.423409e+02
2.229200e+01	1.423997e+02
2.234200e+01	1.424893e+02
2.239200e+01	1.425903e+02
2.244200e+01	1.426797e+02
2.249300e+01	1.426935e+02
2.254300e+01	1.427452e+02
2.259300e+01	1.427264e+02
2.264200e+01	1.427872e+02
2.269200e+01	1.427782e+02
2.274300e+01	1.428176e+02
2.279300e+01	1.427789e+02
2.284300e+01	1.428377e+02
2.289300e+01	1.427806e+02
2.294300e+01	1.428565e+02
2.299300e+01	1.428106e+02
2.304300e+01	1.428447e+02
2.309400e+01	1.436482e+02
2.314400e+01	1.428339e+02
2.319300e+01	1.423448e+02
2.324400e+01	1.423759e+02
2.329500e+01	1.424022e+02
2.334400e+01	1.424971e+02
2.339500e+01	1.425793e+02
2.344500e+01	1.426621e+02
2.349400e+01	1.427427e+02
2.354800e+01	1.427369e+02
2.359400e+01	1.427961e+02
2.364500e+01	1.427866e+02
2.369400e+01	1.428297e+02
2.374400e+01	1.427762e+02
2.379500e+01	1.428154e+02
2.384500e+01	1.428061e+02
2.389500e+01	1.428101e+02
2.394500e+01	1.428286e+02
2.399500e+01	1.428296e+02
2.404500e+01	1.428259e+02
2.409500e+01	1.437427e+02
2.414500e+01	1.426865e+02
2.419600e+01	1.423826e+02
2.424500e+01	1.423655e+02
2.429500e+01	1.424194e+02
2.434500e+01	1.425143e+02
2.440100e+01	1.426185e+02
2.444700e+01	1.427088e+02
2.449600e+01	1.427282e+02
2.454600e+01	1.427766e+02
2.459600e+01	1.427637e+02
2.464600e+01	1.427809e+02
2.469800e+01	1.428078e+02
2.474700e+01	1.428261e+02
2.479700e+01	1.428215e+02
2.484700e+01	1.428258e+02
2.489800e+01	1.428379e+02
2.494800e+01	1.428575e+02
2.499700e+01	1.428422e+02
2.504700e+01	1.428400e+02
2.509800e+01	1.438060e+02
2.514700e+01	1.426419e+02
2.519800e+01	1.423527e+02
2.524800e+01	1.423696e+02
2.529800e+01	1.424404e+02
2.534800e+01	1.425252e+02
2.539900e+01	1.426337e+02
2.544800e+01	1.426707e+02
2.549800e+01	1.427492e+02
2.554800e+01	1.427917e+02
2.560100e+01	1.427920e+02
2.564800e+01	1.427832e+02
2.569800e+01	1.428131e+02
2.574800e+01	1.428234e+02
2.579800e+01	1.428229e+02
2.584900e+01	1.428336e+02
2.589900e+01	1.428436e+02
2.594900e+01	1.428494e+02
2.599900e+01	1.428464e+02
2.604900e+01	1.428497e+02
2.610000e+01	1.438598e+02
2.615000e+01	1.425803e+02
2.619900e+01	1.423713e+02
2.625000e+01	1.423861e+02
2.629900e+01	1.424414e+02
2.634900e+01	1.425316e+02
2.640000e+01	1.426181e+02
2.645000e+01	1.427045e+02
2.650000e+01	1.427353e+02
2.655000e+01	1.427991e+02
2.660100e+01	1.428051e+02
2.665000e+01	1.428128e+02
2.670100e+01	1.428221e+02
2.675000e+01	1.428267e+02
2.680100e+01	1.428237e+02
2.685000e+01	1.428212e+02
2.690100e+01	1.428625e+02
2.695000e+01	1.428395e+02
2.700200e+01	1.428520e+02
2.705100e+01	1.428445e+02
2.710100e+01	1.439397e+02
2.715200e+01	1.424982e+02
2.720100e+01	1.423795e+02
2.725200e+01	1.424030e+02
2.730100e+01	1.424473e+02
2.735100e+01	1.425502e+02
2.740200e+01	1.426604e+02
2.745200e+01	1.427181e+02
2.750100e+01	1.427785e+02
2.755200e+01	1.427781e+02
2.760200e+01	1.428149e+02
2.765200e+01	1.427868e+02
2.770200e+01	1.428389e+02
2.775200e+01	1.428282e+02
2.780200e+01	1.428361e+02
2.785200e+01	1.428560e+02
2.790300e+01	1.428371e+02
2.795200e+01	1.428636e+02
2.800300e+01	1.428300e+02
2.805300e+01	1.428813e+02
2.810400e+01	1.439738e+02
2.815300e+01	1.424718e+02
2.820300e+01	1.423563e+02
2.825400e+01	1.423756e+02
2.830500e+01	1.424221e+02
2.835300e+01	1.425540e+02
2.840400e+01	1.426277e+02
2.845300e+01	1.427092e+02
2.850300e+01	1.427434e+02
2.855300e+01	1.427664e+02
2.860400e+01	1.428075e+02
2.865400e+01	1.428080e+02
2.870400e+01	1.428327e+02
2.875400e+01	1.428159e+02
2.880500e+01	1.428197e+02
2.885400e+01	1.428386e+02
2.891100e+01	1.428497e+02
2.895500e+01	1.428599e+02
2.900500e+01	1.428675e+02
2.905500e+01	1.428539e+02
2.910600e+01	1.440370e+02
2.915500e+01	1.424279e+02
2.920500e+01	1.423974e+02
2.925500e+01	1.424101e+02
2.930600e+01	1.424418e+02
2.935500e+01	1.425140e+02
2.940600e+01	1.426500e+02
2.945600e+01	1.427027e+02
2.950600e+01	1.427599e+02
2.955600e+01	1.427888e+02
2.960600e+01	1.427889e+02
2.965600e+01	1.428255e+02
2.970600e+01	1.428313e+02
2.975600e+01	1.428360e+02
2.980600e+01	1.428625e+02
2.985600e+01	1.428523e+02
2.990600e+01	1.428303e+02
2.995700e+01	1.428844e+02
3.000700e+01	1.428362e+02
3.005700e+01	1.428677e+02
3.010700e+01	1.440510e+02
3.015700e+01	1.424025e+02
3.020700e+01	1.423845e+02
3.025700e+01	1.423736e+02
3.030800e+01	1.424197e+02
3.035700e+01	1.425442e+02
3.040700e+01	1.426400e+02
3.045700e+01	1.426972e+02
3.050700e+01	1.427724e+02
3.055800e+01	1.427881e+02
3.060800e+01	1.428003e+02
3.065800e+01	1.428043e+02
3.070800e+01	1.428178e+02
3.075800e+01	1.428537e+02
3.080800e+01	1.428432e+02
3.085800e+01	1.428361e+02
3.090800e+01	1.428520e+02
3.095800e+01	1.428109e+02
3.100900e+01	1.428769e+02
3.105800e+01	1.428455e+02
3.110900e+01	1.439846e+02
3.115800e+01	1.423625e+02
3.120800e+01	1.423614e+02
3.125900e+01	1.423771e+02
3.130800e+01	1.424360e+02
3.135900e+01	1.425358e+02
3.141100e+01	1.426338e+02
3.146000e+01	1.427091e+02
3.151000e+01	1.427541e+02
3.156000e+01	1.427642e+02
3.161000e+01	1.427962e+02
3.165900e+01	1.428050e+02
3.170900e+01	1.428157e+02
3.175900e+01	1.428108e+02
3.181000e+01	1.427868e+02
3.186000e+01	1.428454e+02
3.191500e+01	1.428326e+02
3.196000e+01	1.428526e+02
3.201000e+01	1.428459e+02
3.206100e+01	1.428422e+02
3.211100e+01	1.439536e+02
3.216100e+01	1.423652e+02
3.221100e+01	1.423739e+02
3.226100e+01	1.423875e+02
3.231100e+01	1.424540e+02
3.236100e+01	1.425413e+02
3.241100e+01	1.426488e+02
3.246200e+01	1.426989e+02
3.251100e+01	1.427511e+02
3.256200e+01	1.427478e+02
3.261100e+01	1.427925e+02
3.266100e+01	1.427786e+02
3.271200e+01	1.428280e+02
3.276200e+01	1.428085e+02
3.281200e+01	1.428245e+02
3.286200e+01	1.428370e+02
3.291400e+01	1.428282e+02
3.296200e+01	1.428250e+02
3.301200e+01	1.428174e+02
3.306200e+01	1.428548e+02
3.311200e+01	1.440108e+02
3.316300e+01	1.423440e+02
3.321300e+01	1.423606e+02
3.326200e+01	1.423749e+02
3.331200e+01	1.424104e+02
3.336300e+01	1.425452e+02
3.341200e+01	1.425848e+02
3.346300e+01	1.426775e+02
3.351300e+01	1.426930e+02
3.356300e+01	1.427238e+02
3.361400e+01	1.427184e+02
3.366300e+01	1.427759e+02
3.371300e+01	1.427512e+02
3.376300e+01	1.428006e+02
3.381400e+01	1.427848e+02
3.386400e+01	1.427929e+02
3.391400e+01	1.428080e+02
3.396400e+01	1.428089e+02
3.401400e+01	1.428243e+02
3.406400e+01	1.427797e+02
3.411500e+01	1.439770e+02
3.416500e+01	1.423343e+02
3.421500e+01	1.423262e+02
3.426500e+01	1.423286e+02
3.431500e+01	1.424205e+02
3.436500e+01	1.424924e+02
3.441400e+01	1.426395e+02
3.446500e+01	1.426553e+02
3.451500e+01	1.427119e+02
3.456600e+01	1.427339e+02
3.461500e+01	1.427607e+02
3.466500e+01	1.427333e+02
3.471600e+01	1.427682e+02
3.476500e+01	1.427716e+02
3.481600e+01	1.428050e+02
3.486600e+01	1.427989e+02
3.491500e+01	1.428005e+02
3.496600e+01	1.427772e+02
3.501600e+01	1.428018e+02
3.506900e+01	1.428191e+02
3.511600e+01	1.438522e+02
3.516600e+01	1.423456e+02
3.521700e+01	1.423121e+02
3.526600e+01	1.423565e+02
3.531600e+01	1.423826e+02
3.536700e+01	1.425414e+02
3.541600e+01	1.426140e+02
3.546700e+01	1.426517e+02
3.551700e+01	1.427165e+02
3.556700e+01	1.427256e+02
3.561700e+01	1.427366e+02
3.566700e+01	1.427881e+02
3.571800e+01	1.427626e+02
3.576700e+01	1.428049e+02
3.581700e+01	1.427676e+02
3.586800e+01	1.427885e+02
3.592300e+01	1.427644e+02
3.596800e+01	1.428034e+02
3.601800e+01	1.428070e+02
3.606700e+01	1.427796e+02
3.611800e+01	1.439080e+02
3.616800e+01	1.422980e+02
3.621900e+01	1.423315e+02
3.626900e+01	1.423395e+02
3.631800e+01	1.424102e+02
3.636800e+01	1.424837e+02
3.641900e+01	1.425940e+02
3.646900e+01	1.426387e+02
3.651900e+01	1.426900e+02
3.656900e+01	1.427142e+02
3.661900e+01	1.427520e+02
3.666900e+01	1.427461e+02
3.671900e+01	1.427503e+02
3.677200e+01	1.427405e+02
3.682000e+01	1.427745e+02
3.686900e+01	1.427714e+02
3.692100e+01	1.427509e+02
3.696900e+01	1.428202e+02
3.701900e+01	1.427623e+02
3.707800e+01	1.427904e+02
3.712000e+01	1.438022e+02
3.717000e+01	1.422967e+02
3.722000e+01	1.423194e+02
3.727100e+01	1.423346e+02
3.732000e+01	1.423934e+02
3.737000e+01	1.424959e+02
3.742000e+01	1.425841e+02
3.747000e+01	1.426437e+02
3.752000e+01	1.426838e+02
3.757000e+01	1.427220e+02
3.762000e+01	1.427389e+02
3.767100e+01	1.427305e+02
3.772100e+01	1.427450e+02
3.777100e+01	1.427623e+02
3.782100e+01	1.427727e+02
3.787100e+01	1.427611e+02
3.792500e+01	1.427932e+02
3.797200e+01	1.427679e+02
3.802200e+01	1.427717e+02
3.807200e+01	1.427926e+02
3.812200e+01	1.438523e+02
3.817400e+01	1.422884e+02
3.822400e+01	1.423208e+02
3.827200e+01	1.423274e+02
3.832200e+01	1.423795e+02
3.837200e+01	1.424888e+02
3.842300e+01	1.425841e+02
3.847200e+01	1.426535e+02
3.852300e+01	1.426757e+02
3.857200e+01	1.427434e+02
3.862300e+01	1.427238e+02
3.867300e+01	1.427545e+02
3.872300e+01	1.427420e+02
3.877300e+01	1.427702e+02
3.882300e+01	1.427556e+02
3.887300e+01	1.427548e+02
3.892300e+01	1.427692e+02
3.897300e+01	1.427812e+02
3.902300e+01	1.427541e+02
3.907400e+01	1.427976e+02
3.912300e+01	1.437747e+02
3.917400e+01	1.422781e+02
3.922300e+01	1.423046e+02
3.927400e+01	1.423126e+02
3.932400e+01	1.424087e+02
3.937400e+01	1.425033e+02
3.942400e+01	1.425749e+02
3.947400e+01	1.426730e+02
3.952400e+01	1.426700e+02
3.957400e+01	1.427202e+02
3.962500e+01	1.427282e+02
3.967400e+01	1.427394e+02
3.972400e+01	1.427522e+02
3.977500e+01	1.427401e+02
3.982500e+01	1.427726e+02
3.987500e+01	1.427785e+02
3.992500e+01	1.427599e+02
3.997500e+01	1.427615e+02
4.002500e+01	1.427705e+02
4.007600e+01	1.428125e+02
4.012600e+01	1.438151e+02
4.017600e+01	1.422827e+02
4.022600e+01	1.422915e+02
4.027500e+01	1.423257e+02
4.032500e+01	1.423759e+02
4.037600e+01	1.424814e+02
4.042800e+01	1.425863e+02
4.047600e+01	1.426422e+02
4.052600e+01	1.426351e+02
4.057600e+01	1.427159e+02
4.062600e+01	1.427013e+02
4.067700e+01	1.427283e+02
4.072700e+01	1.427439e+02
4.077700e+01	1.427337e+02
4.082800e+01	1.427543e+02
4.087700e+01	1.427469e+02
4.092800e+01	1.427498e+02
4.097800e+01	1.427827e+02
4.102700e+01	1.427758e+02
4.107700e+01	1.428642e+02
4.112700e+01	1.437267e+02
4.117700e+01	1.422694e+02
4.122700e+01	1.423233e+02
4.127700e+01	1.422880e+02
4.132800e+01	1.423801e+02
4.142100e+01	1.424193e+02
4.142900e+01	1.425272e+02
4.147700e+01	1.425843e+02
4.153000e+01	1.426188e+02
4.157800e+01	1.426736e+02
4.162800e+01	1.426744e+02
4.167900e+01	1.426950e+02
4.172900e+01	1.427147e+02
4.177900e+01	1.427260e+02
4.182900e+01	1.427220e+02
4.187800e+01	1.427269e+02
4.192800e+01	1.427387e+02
4.197800e+01	1.427436e+02
4.202900e+01	1.427370e+02
4.207900e+01	1.429692e+02
4.213000e+01	1.435608e+02
4.218000e+01	1.423059e+02
4.222900e+01	1.422978e+02
4.227900e+01	1.423224e+02
4.232900e+01	1.423886e+02
4.238000e+01	1.425124e+02
4.243000e+01	1.426038e+02
4.248100e+01	1.426594e+02
4.253000e+01	1.426779e+02
4.258000e+01	1.427096e+02
4.262900e+01	1.426908e+02
4.268000e+01	1.427556e+02
4.273000e+01	1.427539e+02
4.278000e+01	1.427510e+02
4.283100e+01	1.427698e+02
4.288100e+01	1.427715e+02
4.293100e+01	1.428132e+02
4.298200e+01	1.427895e+02
4.303200e+01	1.427877e+02
4.308100e+01	1.430607e+02
4.313100e+01	1.434904e+02
4.318100e+01	1.423151e+02
4.323100e+01	1.423158e+02
4.328100e+01	1.423270e+02
4.333200e+01	1.424055e+02
4.338100e+01	1.425228e+02
4.343100e+01	1.426358e+02
4.348200e+01	1.426637e+02
4.353100e+01	1.427264e+02
4.358100e+01	1.427173e+02
4.363300e+01	1.427566e+02
4.368200e+01	1.427696e+02
4.373300e+01	1.427590e+02
4.378200e+01	1.427753e+02
4.383300e+01	1.427807e+02
4.388200e+01	1.428116e+02
4.393600e+01	1.428080e+02
4.398200e+01	1.428227e+02
4.403200e+01	1.428143e+02
4.408300e+01	1.431960e+02
4.413300e+01	1.433843e+02
4.418300e+01	1.423047e+02
4.423400e+01	1.423210e+02
4.428300e+01	1.423788e+02
4.433400e+01	1.424435e+02
4.438300e+01	1.425417e+02
4.443300e+01	1.426040e+02
4.448300e+01	1.426738e+02
4.453300e+01	1.427109e+02
4.458300e+01	1.427496e+02
4.463400e+01	1.427574e+02
4.468400e+01	1.427554e+02
4.473400e+01	1.427886e+02
4.478400e+01	1.427923e+02
4.483400e+01	1.428160e+02
4.488400e+01	1.427835e+02
4.493400e+01	1.428209e+02
4.498500e+01	1.428031e+02
4.503500e+01	1.428075e+02
4.508500e+01	1.432855e+02
4.513500e+01	1.432920e+02
4.518500e+01	1.423544e+02
4.523500e+01	1.423609e+02
4.528500e+01	1.423843e+02
4.533500e+01	1.424662e+02
4.538500e+01	1.425399e+02
4.543600e+01	1.426774e+02
4.548500e+01	1.427178e+02
4.553500e+01	1.427068e+02
4.558600e+01	1.427807e+02
4.563600e+01	1.427691e+02
4.568500e+01	1.428196e+02
4.573600e+01	1.427795e+02
4.578600e+01	1.428174e+02
4.583600e+01	1.428122e+02
4.588600e+01	1.428057e+02
4.593600e+01	1.428259e+02
4.598600e+01	1.428040e+02
4.603700e+01	1.428259e+02
4.608600e+01	1.433661e+02
4.613700e+01	1.431463e+02
4.618700e+01	1.423522e+02
4.623700e+01	1.423417e+02
4.628700e+01	1.423870e+02
4.633700e+01	1.424814e+02
4.638700e+01	1.426086e+02
4.643700e+01	1.426713e+02
4.648700e+01	1.427024e+02
4.653700e+01	1.427586e+02
4.658800e+01	1.427584e+02
4.663800e+01	1.427970e+02
4.668800e+01	1.427970e+02
4.673700e+01	1.427927e+02
4.678700e+01	1.427970e+02
4.683800e+01	1.428194e+02
4.688800e+01	1.428058e+02
4.693800e+01	1.428445e+02
4.698800e+01	1.428526e+02
4.703800e+01	1.428132e+02
4.708900e+01	1.434449e+02
4.713900e+01	1.430822e+02
4.718900e+01	1.423390e+02
4.723900e+01	1.423467e+02
4.728900e+01	1.423699e+02
4.733900e+01	1.424479e+02
4.738900e+01	1.425931e+02
4.743900e+01	1.426709e+02
4.748900e+01	1.427087e+02
4.753900e+01	1.427325e+02
4.758900e+01	1.427725e+02
4.764000e+01	1.427654e+02
4.768900e+01	1.428036e+02
4.774000e+01	1.427929e+02
4.779000e+01	1.428187e+02
4.784000e+01	1.427987e+02
4.789000e+01	1.428186e+02
4.794000e+01	1.428073e+02
4.799000e+01	1.428150e+02
4.804000e+01	1.428258e+02
4.809000e+01	1.435506e+02
4.814100e+01	1.429951e+02
4.819000e+01	1.423375e+02
4.824100e+01	1.423568e+02
4.829000e+01	1.423478e+02
4.834100e+01	1.424768e+02
4.839100e+01	1.425929e+02
4.844100e+01	1.426537e+02
4.849100e+01	1.426894e+02
4.854100e+01	1.427458e+02
4.859100e+01	1.427623e+02
4.864100e+01	1.427807e+02
4.869100e+01	1.427858e+02
4.874200e+01	1.428085e+02
4.879200e+01	1.427775e+02
4.884300e+01	1.428295e+02
4.889200e+01	1.428196e+02
4.894200e+01	1.428379e+02
4.899200e+01	1.428352e+02
4.904200e+01	1.428419e+02
4.909200e+01	1.435845e+02
4.914200e+01	1.429243e+02
4.919200e+01	1.423292e+02
4.924300e+01	1.423854e+02
4.929300e+01	1.423705e+02
4.934300e+01	1.424695e+02
4.939400e+01	1.425962e+02
4.944300e+01	1.426413e+02
4.949300e+01	1.427146e+02
4.954400e+01	1.427365e+02
4.959200e+01	1.427630e+02
4.964300e+01	1.427733e+02
4.969300e+01	1.427990e+02
4.974400e+01	1.427755e+02
4.979400e+01	1.427986e+02
4.984300e+01	1.427947e+02
4.989400e+01	1.428249e+02
4.994400e+01	1.428219e+02
4.999400e+01	1.428006e+02
5.004400e+01	1.428364e+02
5.009400e+01	1.436482e+02
5.014400e+01	1.427931e+02
5.019500e+01	1.423241e+02
5.024500e+01	1.423719e+02
5.029500e+01	1.423724e+02
5.034400e+01	1.424884e+02
5.039500e+01	1.425740e+02
5.044700e+01	1.426759e+02
5.049500e+01	1.427027e+02
5.054500e+01	1.427535e+02
5.059500e+01	1.427750e+02
5.064500e+01	1.427863e+02
5.069500e+01	1.427872e+02
5.074500e+01	1.427907e+02
5.079600e+01	1.428041e+02
5.084500e+01	1.428054e+02
5.089500e+01	1.428294e+02
5.094500e+01	1.428260e+02
5.099600e+01	1.428192e+02
5.104800e+01	1.428303e+02
5.109600e+01	1.437295e+02
5.114600e+01	1.427290e+02
5.119600e+01	1.423394e+02
5.124800e+01	1.423175e+02
5.129700e+01	1.424004e+02
5.134600e+01	1.424761e+02
5.139700e+01	1.426004e+02
5.144700e+01	1.426803e+02
5.149700e+01	1.426847e+02
5.154700e+01	1.427563e+02
5.159700e+01	1.427377e+02
5.164700e+01	1.427849e+02
5.169700e+01	1.427747e+02
5.174700e+01	1.427678e+02
5.179800e+01	1.428175e+02
5.184800e+01	1.427567e+02
5.189800e+01	1.428276e+02
5.194700e+01	1.427897e+02
5.199800e+01	1.428163e+02
5.204800e+01	1.427897e+02
5.209800e+01	1.437885e+02
5.214800e+01	1.426544e+02
5.219800e+01	1.423199e+02
5.224800e+01	1.423563e+02
5.229800e+01	1.423716e+02
5.234800e+01	1.424600e+02
5.239800e+01	1.426002e+02
5.244800e+01	1.426335e+02
5.249800e+01	1.427021e+02
5.254900e+01	1.427249e+02
5.259900e+01	1.427391e+02
5.264900e+01	1.427350e+02
5.269900e+01	1.427612e+02
5.274900e+01	1.427609e+02
5.279900e+01	1.427703e+02
5.284900e+01	1.428089e+02
5.289900e+01	1.427907e+02
5.295000e+01	1.427699e+02
5.300000e+01	1.428119e+02
5.304900e+01	1.427746e+02
5.309900e+01	1.438319e+02
5.314900e+01	1.425480e+02
5.320000e+01	1.423093e+02
5.325000e+01	1.423332e+02
5.330000e+01	1.423450e+02
5.335000e+01	1.424191e+02
5.340100e+01	1.425424e+02
5.345000e+01	1.426171e+02
5.350000e+01	1.426987e+02
5.355000e+01	1.426830e+02
5.360000e+01	1.427233e+02
5.365100e+01	1.427414e+02
5.370000e+01	1.427432e+02
5.375100e+01	1.427608e+02
5.380100e+01	1.427570e+02
5.385100e+01	1.427774e+02
5.390100e+01	1.427601e+02
5.395100e+01	1.427836e+02
5.400100e+01	1.427926e+02
5.405200e+01	1.427849e+02
5.410100e+01	1.438798e+02
5.415200e+01	1.424354e+02
5.420400e+01	1.422918e+02
5.425300e+01	1.423195e+02
5.430200e+01	1.423588e+02
5.435200e+01	1.424444e+02
5.440200e+01	1.425462e+02
5.445200e+01	1.426205e+02
5.450300e+01	1.426495e+02
5.455200e+01	1.426759e+02
5.460200e+01	1.427237e+02
5.465300e+01	1.427546e+02
5.470200e+01	1.427274e+02
5.475800e+01	1.427383e+02
5.480300e+01	1.427852e+02
5.485300e+01	1.427582e+02
5.490300e+01	1.427677e+02
5.495300e+01	1.427626e+02
5.500300e+01	1.427493e+02
5.505400e+01	1.428024e+02
5.510300e+01	1.439347e+02
5.515500e+01	1.424276e+02
5.520300e+01	1.423123e+02
5.525400e+01	1.422792e+02
5.530400e+01	1.423538e+02
5.535400e+01	1.424203e+02
5.540400e+01	1.425267e+02
5.545400e+01	1.426039e+02
5.550400e+01	1.426042e+02
5.555400e+01	1.426805e+02
5.560400e+01	1.426461e+02
5.565400e+01	1.427128e+02
5.570500e+01	1.426895e+02
5.575500e+01	1.426943e+02
5.580500e+01	1.427330e+02
5.585500e+01	1.427156e+02
5.590700e+01	1.427177e+02
5.595500e+01	1.427376e+02
5.600600e+01	1.427346e+02
5.605500e+01	1.427397e+02
5.610600e+01	1.439076e+02
5.615600e+01	1.423183e+02
5.620500e+01	1.422797e+02
5.625600e+01	1.423268e+02
5.630500e+01	1.423647e+02
5.635500e+01	1.424252e+02
5.640500e+01	1.425732e+02
5.645600e+01	1.426055e+02
5.650600e+01	1.426673e+02
5.655600e+01	1.426455e+02
5.660600e+01	1.427064e+02
5.665800e+01	1.427360e+02
5.670700e+01	1.427198e+02
5.675700e+01	1.427194e+02
5.680700e+01	1.427371e+02
5.685700e+01	1.427409e+02
5.690700e+01	1.427819e+02
5.695700e+01	1.427408e+02
5.700700e+01	1.427628e+02
5.705700e+01	1.427728e+02
5.710800e+01	1.439567e+02
5.715700e+01	1.422977e+02
5.720900e+01	1.422828e+02
5.725700e+01	1.423107e+02
5.730800e+01	1.423315e+02
5.735800e+01	1.424566e+02
5.740800e+01	1.425352e+02
5.745800e+01	1.426104e+02
5.750900e+01	1.426563e+02
5.755900e+01	1.426700e+02
5.760900e+01	1.427107e+02
5.765800e+01	1.427109e+02
5.770800e+01	1.427266e+02
5.775800e+01	1.427451e+02
5.780900e+01	1.427579e+02
5.785800e+01	1.427449e+02
5.791300e+01	1.427585e+02
5.795900e+01	1.427510e+02
5.800900e+01	1.427574e+02
5.805900e+01	1.427621e+02
5.810900e+01	1.439846e+02
5.816100e+01	1.422985e+02
5.820900e+01	1.422630e+02
5.826000e+01	1.422992e+02
5.830900e+01	1.423424e+02
5.836000e+01	1.424381e+02
5.841000e+01	1.425805e+02
5.846000e+01	1.426136e+02
5.850900e+01	1.426699e+02
5.856000e+01	1.426766e+02
5.861300e+01	1.427174e+02
5.866000e+01	1.427099e+02
5.871100e+01	1.427497e+02
5.876000e+01	1.427196e+02
5.881100e+01	1.427681e+02
5.886000e+01	1.427561e+02
5.891400e+01	1.427563e+02
5.896000e+01	1.427557e+02
5.901100e+01	1.427687e+02
5.906100e+01	1.427680e+02
5.911100e+01	1.439827e+02
5.916100e+01	1.422820e+02
5.921200e+01	1.422834e+02
5.926200e+01	1.423033e+02
5.931100e+01	1.423339e+02
5.936200e+01	1.424475e+02
5.941200e+01	1.425438e+02
5.946200e+01	1.426303e+02
5.951100e+01	1.426422e+02
5.956100e+01	1.426943e+02
5.961100e+01	1.426915e+02
5.966200e+01	1.427478e+02
5.971200e+01	1.427281e+02
5.976200e+01	1.427483e+02
5.981200e+01	1.427302e+02
5.986200e+01	1.427871e+02
5.991300e+01	1.427716e+02
5.996300e+01	1.427736e+02
6.001300e+01	1.427576e+02
6.006200e+01	1.427667e+02
6.011300e+01	1.439990e+02
6.016200e+01	1.423009e+02
6.021300e+01	1.423026e+02
6.026300e+01	1.423001e+02
6.031300e+01	1.423467e+02
6.036300e+01	1.424432e+02
6.041300e+01	1.425474e+02
6.046300e+01	1.426087e+02
6.051300e+01	1.426715e+02
6.056400e+01	1.426721e+02
6.061500e+01	1.427126e+02
6.066500e+01	1.427094e+02
6.071400e+01	1.427334e+02
6.076400e+01	1.427593e+02
6.081500e+01	1.427611e+02
6.087200e+01	1.427510e+02
6.091500e+01	1.427710e+02
6.096500e+01	1.427620e+02
6.101400e+01	1.427726e+02
6.106400e+01	1.428059e+02
6.111400e+01	1.439308e+02
6.116500e+01	1.423036e+02
6.121500e+01	1.423019e+02
6.126500e+01	1.423477e+02
6.131500e+01	1.423446e+02
6.136500e+01	1.425223e+02
6.141600e+01	1.425794e+02
6.146500e+01	1.426585e+02
6.151500e+01	1.426669e+02
6.156600e+01	1.427065e+02
6.161600e+01	1.427379e+02
6.166600e+01	1.427601e+02
6.171600e+01	1.427683e+02
6.176600e+01	1.427496e+02
6.181600e+01	1.427754e+02
6.186600e+01	1.427803e+02
6.191600e+01	1.427693e+02
6.196700e+01	1.427799e+02
6.201700e+01	1.427849e+02
6.206600e+01	1.427753e+02
6.211700e+01	1.439538e+02
6.216700e+01	1.423009e+02
6.221700e+01	1.423122e+02
6.226700e+01	1.423291e+02
6.231700e+01	1.424052e+02
6.236700e+01	1.425054e+02
6.242000e+01	1.426001e+02
6.246700e+01	1.426478e+02
6.251700e+01	1.427062e+02
6.256700e+01	1.427269e+02
6.261800e+01	1.427346e+02
6.266700e+01	1.427514e+02
6.271700e+01	1.427478e+02
6.276800e+01	1.427547e+02
6.281800e+01	1.427877e+02
6.286800e+01	1.427779e+02
6.291800e+01	1.427648e+02
6.296800e+01	1.427939e+02
6.301800e+01	1.427867e+02
6.306900e+01	1.428172e+02
6.311800e+01	1.439364e+02
6.316800e+01	1.422965e+02
6.321900e+01	1.423286e+02
6.326900e+01	1.423277e+02
6.331900e+01	1.423710e+02
6.336900e+01	1.425071e+02
6.342000e+01	1.425763e+02
6.346900e+01	1.426500e+02
6.352000e+01	1.426604e+02
6.356900e+01	1.427009e+02
6.361900e+01	1.427171e+02
6.366900e+01	1.427434e+02
6.372000e+01	1.427847e+02
6.377000e+01	1.427217e+02
6.382000e+01	1.427764e+02
6.387000e+01	1.427420e+02
6.392000e+01	1.427893e+02
6.397100e+01	1.427671e+02
6.402000e+01	1.427913e+02
6.407000e+01	1.427797e+02
6.412100e+01	1.439407e+02
6.417100e+01	1.422757e+02
6.422100e+01	1.422980e+02
6.427100e+01	1.423490e+02
6.432000e+01	1.423861e+02
6.437100e+01	1.425026e+02
6.442100e+01	1.425812e+02
6.447200e+01	1.426297e+02
6.452100e+01	1.426681e+02
6.457100e+01	1.427315e+02
6.462100e+01	1.427269e+02
6.467200e+01	1.427602e+02
6.472200e+01	1.427485e+02
6.477200e+01	1.427613e+02
6.482200e+01	1.427496e+02
6.487200e+01	1.427869e+02
6.492300e+01	1.427762e+02
6.497100e+01	1.428066e+02
6.502300e+01	1.427999e+02
6.507200e+01	1.428149e+02
6.512200e+01	1.438513e+02
6.517300e+01	1.423212e+02
6.522200e+01	1.423197e+02
6.527300e+01	1.423447e+02
6.532200e+01	1.424333e+02
6.537200e+01	1.425141e+02
6.542300e+01	1.426285e+02
6.547200e+01	1.426655e+02
6.552300e+01	1.427139e+02
6.557300e+01	1.427236e+02
6.562300e+01	1.427512e+02
6.567300e+01	1.427626e+02
6.572400e+01	1.427800e+02
6.577300e+01	1.427762e+02
6.582300e+01	1.427872e+02
6.587300e+01	1.427905e+02
6.592600e+01	1.427556e+02
6.597400e+01	1.428006e+02
6.602400e+01	1.428149e+02
6.607400e+01	1.428258e+02
6.612400e+01	1.438636e+02
6.617400e+01	1.423127e+02
6.622600e+01	1.423030e+02
6.627400e+01	1.423569e+02
6.632500e+01	1.423996e+02
6.637400e+01	1.425391e+02
6.642500e+01	1.426204e+02
6.647500e+01	1.426840e+02
6.652500e+01	1.426766e+02
6.657600e+01	1.427605e+02
6.662500e+01	1.427452e+02
6.667500e+01	1.427974e+02
6.672600e+01	1.427570e+02
6.677600e+01	1.427681e+02
6.682800e+01	1.428200e+02
6.687500e+01	1.427795e+02
6.692600e+01	1.428317e+02
6.697600e+01	1.427985e+02
6.702500e+01	1.428244e+02
6.707600e+01	1.428143e+02
6.712700e+01	1.437729e+02
6.717600e+01	1.423118e+02
6.722600e+01	1.423610e+02
6.727700e+01	1.423500e+02
6.732600e+01	1.424392e+02
6.737600e+01	1.425249e+02
6.742700e+01	1.426431e+02
6.747700e+01	1.427036e+02
6.752700e+01	1.427410e+02
6.757700e+01	1.427397e+02
6.762800e+01	1.428005e+02
6.767700e+01	1.427814e+02
6.772700e+01	1.427649e+02
6.777700e+01	1.428180e+02
6.782800e+01	1.428050e+02
6.787700e+01	1.428430e+02
6.792800e+01	1.427822e+02
6.797800e+01	1.428132e+02
6.802700e+01	1.428168e+02
6.807800e+01	1.428921e+02
6.812800e+01	1.437206e+02
6.817700e+01	1.423071e+02
6.822800e+01	1.423306e+02
6.827900e+01	1.423773e+02
6.832800e+01	1.423963e+02
6.837800e+01	1.425899e+02
6.842900e+01	1.426233e+02
6.848000e+01	1.427024e+02
6.852900e+01	1.427224e+02
6.857900e+01	1.427310e+02
6.862900e+01	1.427798e+02
6.867900e+01	1.427604e+02
6.872900e+01	1.427985e+02
6.877900e+01	1.427760e+02
6.882900e+01	1.427798e+02
6.887900e+01	1.428060e+02
6.893100e+01	1.427819e+02
6.897900e+01	1.428054e+02
6.902900e+01	1.428150e+02
6.907900e+01	1.429583e+02
6.913000e+01	1.436506e+02
6.917900e+01	1.422879e+02
6.923000e+01	1.423472e+02
6.928000e+01	1.423546e+02
6.933000e+01	1.424070e+02
6.938000e+01	1.425273e+02
6.943000e+01	1.426404e+02
6.948400e+01	1.426666e+02
6.953200e+01	1.427188e+02
6.958100e+01	1.426978e+02
6.963100e+01	1.427818e+02
6.968000e+01	1.427395e+02
6.973000e+01	1.427843e+02
6.978200e+01	1.427967e+02
6.983100e+01	1.427669e+02
6.988100e+01	1.428259e+02
6.993100e+01	1.427680e+02
6.998100e+01	1.428117e+02
7.003200e+01	1.427939e+02
7.008100e+01	1.430773e+02
7.013200e+01	1.435188e+02
7.018200e+01	1.423139e+02
7.023100e+01	1.423310e+02
7.028200e+01	1.423641e+02
7.033200e+01	1.423997e+02
7.038200e+01	1.425298e+02
7.043200e+01	1.426046e+02
7.048200e+01	1.426909e+02
7.053200e+01	1.426660e+02
7.058300e+01	1.427216e+02
7.063200e+01	1.427601e+02
7.068200e+01	1.427208e+02
7.073300e+01	1.427965e+02
7.078200e+01	1.427450e+02
7.083300e+01	1.427712e+02
7.088300e+01	1.427749e+02
7.093300e+01	1.427863e+02
7.098300e+01	1.427743e+02
7.103300e+01	1.428062e+02
7.108300e+01	1.431635e+02
7.113300e+01	1.434380e+02
