0.000000e+00	3.693210e+05
5.100000e-02	3.700980e+05
1.010000e-01	3.693280e+05
1.510000e-01	3.696730e+05
2.010000e-01	3.697200e+05
2.500000e-01	3.686090e+05
3.010000e-01	3.695600e+05
3.520000e-01	3.680840e+05
4.010000e-01	3.689750e+05
4.510000e-01	3.668730e+05
5.010000e-01	3.685240e+05
5.520000e-01	3.674660e+05
6.020000e-01	3.766720e+05
6.520000e-01	3.777190e+05
7.020000e-01	3.776550e+05
7.510000e-01	3.744920e+05
8.020000e-01	3.747750e+05
8.520000e-01	3.736810e+05
9.020000e-01	3.739780e+05
9.520000e-01	3.722310e+05
1.002000e+00	3.722520e+05
1.052000e+00	3.713060e+05
1.102000e+00	3.714130e+05
1.153000e+00	3.710830e+05
1.203000e+00	3.697460e+05
1.253000e+00	3.704960e+05
1.303000e+00	3.710830e+05
1.353000e+00	3.708860e+05
1.404000e+00	3.699860e+05
1.453000e+00	3.699220e+05
1.503000e+00	3.696660e+05
1.553000e+00	3.700770e+05
1.603000e+00	3.782730e+05
1.654000e+00	3.801690e+05
1.704000e+00	3.770890e+05
1.754000e+00	3.779310e+05
1.804000e+00	3.757460e+05
1.854000e+00	3.761420e+05
1.904000e+00	3.754360e+05
1.954000e+00	3.751540e+05
2.004000e+00	3.738190e+05
2.054000e+00	3.753300e+05
2.105000e+00	3.754910e+05
2.155000e+00	3.735500e+05
2.205000e+00	3.736440e+05
2.254000e+00	3.726840e+05
2.305000e+00	3.711180e+05
2.355000e+00	3.717370e+05
2.405000e+00	3.703970e+05
2.455000e+00	3.729570e+05
2.505000e+00	3.718270e+05
2.555000e+00	3.727160e+05
2.605000e+00	3.809760e+05
2.655000e+00	3.819750e+05
2.706000e+00	3.805810e+05
2.755000e+00	3.801650e+05
2.806000e+00	3.784770e+05
2.856000e+00	3.779010e+05
2.906000e+00	3.765850e+05
2.956000e+00	3.766620e+05
3.006000e+00	3.762710e+05
3.057000e+00	3.761290e+05
3.107000e+00	3.756730e+05
3.157000e+00	3.772300e+05
3.207000e+00	3.754490e+05
3.257000e+00	3.758860e+05
3.307000e+00	3.753740e+05
3.357000e+00	3.750740e+05
3.407000e+00	3.733710e+05
3.457000e+00	3.740960e+05
3.508000e+00	3.745480e+05
3.557000e+00	3.748710e+05
3.607000e+00	3.831470e+05
3.657000e+00	3.836660e+05
3.707000e+00	3.829030e+05
3.758000e+00	3.813340e+05
3.815000e+00	3.802250e+05
3.859000e+00	3.799110e+05
3.909000e+00	3.792360e+05
3.958000e+00	3.793820e+05
4.008000e+00	3.782190e+05
4.059000e+00	3.780310e+05
4.108000e+00	3.780420e+05
4.159000e+00	3.775180e+05
4.209000e+00	3.766320e+05
4.259000e+00	3.760340e+05
4.308000e+00	3.760040e+05
4.359000e+00	3.771020e+05
4.409000e+00	3.752490e+05
4.459000e+00	3.763030e+05
4.509000e+00	3.765030e+05
4.559000e+00	3.762550e+05
4.609000e+00	3.859400e+05
4.659000e+00	3.856870e+05
4.709000e+00	3.848020e+05
4.759000e+00	3.833840e+05
4.809000e+00	3.811290e+05
4.860000e+00	3.813050e+05
4.910000e+00	3.813320e+05
4.960000e+00	3.812270e+05
5.011000e+00	3.798490e+05
5.061000e+00	3.795020e+05
5.111000e+00	3.785230e+05
5.160000e+00	3.796840e+05
5.210000e+00	3.784550e+05
5.260000e+00	3.780240e+05
5.310000e+00	3.780850e+05
5.360000e+00	3.773850e+05
5.411000e+00	3.779200e+05
5.461000e+00	3.769510e+05
5.511000e+00	3.783930e+05
5.561000e+00	3.793270e+05
5.611000e+00	3.873470e+05
5.661000e+00	3.874570e+05
5.711000e+00	3.859290e+05
5.761000e+00	3.849710e+05
5.811000e+00	3.841670e+05
5.861000e+00	3.828420e+05
5.912000e+00	3.826480e+05
5.961000e+00	3.813230e+05
6.011000e+00	3.815070e+05
6.062000e+00	3.812010e+05
6.112000e+00	3.811770e+05
6.162000e+00	3.811730e+05
6.213000e+00	3.796520e+05
6.262000e+00	3.799930e+05
6.312000e+00	3.796320e+05
6.363000e+00	3.807850e+05
6.413000e+00	3.808300e+05
6.463000e+00	3.796270e+05
6.513000e+00	3.783670e+05
6.562000e+00	3.806680e+05
6.613000e+00	3.877380e+05
6.663000e+00	3.894890e+05
6.713000e+00	3.876420e+05
6.763000e+00	3.854040e+05
6.813000e+00	3.847260e+05
6.864000e+00	3.845070e+05
6.914000e+00	3.838790e+05
6.964000e+00	3.835130e+05
7.013000e+00	3.830230e+05
7.064000e+00	3.824720e+05
7.113000e+00	3.816180e+05
7.163000e+00	3.823060e+05
7.213000e+00	3.816130e+05
7.264000e+00	3.811720e+05
7.315000e+00	3.809930e+05
7.364000e+00	3.808560e+05
7.414000e+00	3.808540e+05
7.465000e+00	3.801300e+05
7.515000e+00	3.816060e+05
7.565000e+00	3.814730e+05
7.615000e+00	3.891750e+05
7.665000e+00	3.894820e+05
7.715000e+00	3.884470e+05
7.765000e+00	3.884390e+05
7.815000e+00	3.860480e+05
7.865000e+00	3.858360e+05
7.915000e+00	3.844040e+05
7.966000e+00	3.857030e+05
8.015000e+00	3.835900e+05
8.066000e+00	3.842770e+05
8.116000e+00	3.859880e+05
8.166000e+00	3.841670e+05
8.216000e+00	3.829270e+05
8.266000e+00	3.864430e+05
8.317000e+00	3.829370e+05
8.366000e+00	3.824710e+05
8.416000e+00	3.810880e+05
8.466000e+00	3.810600e+05
8.516000e+00	3.813460e+05
8.566000e+00	3.829840e+05
8.617000e+00	3.925580e+05
8.666000e+00	3.901250e+05
8.717000e+00	3.899430e+05
8.766000e+00	3.879040e+05
8.817000e+00	3.888390e+05
8.868000e+00	3.857950e+05
8.917000e+00	3.868370e+05
8.967000e+00	3.847640e+05
9.018000e+00	3.859370e+05
9.067000e+00	3.839690e+05
9.117000e+00	3.845350e+05
9.168000e+00	3.847850e+05
9.217000e+00	3.839590e+05
9.268000e+00	3.835960e+05
9.318000e+00	3.832720e+05
9.368000e+00	3.836570e+05
9.418000e+00	3.832530e+05
9.468000e+00	3.835590e+05
9.518000e+00	3.827590e+05
9.568000e+00	3.842920e+05
9.618000e+00	3.923880e+05
9.668000e+00	3.926540e+05
9.719000e+00	3.899810e+05
9.769000e+00	3.899590e+05
9.818000e+00	3.875880e+05
9.869000e+00	3.878200e+05
9.919000e+00	3.868400e+05
9.969000e+00	3.879110e+05
1.001900e+01	3.865480e+05
1.006900e+01	3.859000e+05
1.012000e+01	3.849480e+05
1.017000e+01	3.853530e+05
1.022000e+01	3.852380e+05
1.027000e+01	3.843390e+05
1.032000e+01	3.852780e+05
1.037000e+01	3.838560e+05
1.042000e+01	3.839880e+05
1.047000e+01	3.840350e+05
1.052000e+01	3.848650e+05
1.057000e+01	3.864290e+05
1.062100e+01	3.942380e+05
1.067000e+01	3.921540e+05
1.072100e+01	3.908230e+05
1.077100e+01	3.899060e+05
1.082100e+01	3.897240e+05
1.087100e+01	3.885760e+05
1.092100e+01	3.886750e+05
1.097100e+01	3.873410e+05
1.102100e+01	3.870800e+05
1.107100e+01	3.863380e+05
1.112100e+01	3.868830e+05
1.117100e+01	3.868110e+05
1.122200e+01	3.859940e+05
1.127100e+01	3.857320e+05
1.132100e+01	3.847550e+05
1.137200e+01	3.856070e+05
1.142100e+01	3.857200e+05
1.147100e+01	3.861070e+05
1.152200e+01	3.843470e+05
1.157200e+01	3.871830e+05
1.162200e+01	3.939270e+05
1.167300e+01	3.937000e+05
1.172200e+01	3.919000e+05
1.177300e+01	3.911000e+05
1.182300e+01	3.896760e+05
1.187300e+01	3.888470e+05
1.192200e+01	3.882520e+05
1.197300e+01	3.882540e+05
1.202400e+01	3.882200e+05
1.207300e+01	3.870780e+05
1.212400e+01	3.873450e+05
1.217300e+01	3.866460e+05
1.222300e+01	3.867440e+05
1.227400e+01	3.865360e+05
1.232400e+01	3.867640e+05
1.237400e+01	3.858470e+05
1.242400e+01	3.858910e+05
1.247400e+01	3.848640e+05
1.252400e+01	3.859350e+05
1.257400e+01	3.882130e+05
1.262400e+01	3.947540e+05
1.267400e+01	3.930170e+05
1.272400e+01	3.923140e+05
1.277400e+01	3.913200e+05
1.282400e+01	3.905590e+05
1.287400e+01	3.899410e+05
1.292500e+01	3.894660e+05
1.297400e+01	3.883110e+05
1.302400e+01	3.876920e+05
1.307500e+01	3.878750e+05
1.312500e+01	3.871060e+05
1.317500e+01	3.874710e+05
1.322500e+01	3.858940e+05
1.327500e+01	3.865560e+05
1.332600e+01	3.870520e+05
1.337500e+01	3.874170e+05
1.342600e+01	3.860280e+05
1.347600e+01	3.862440e+05
1.352600e+01	3.861580e+05
1.357600e+01	3.893430e+05
1.362600e+01	3.951980e+05
1.367600e+01	3.940090e+05
1.372700e+01	3.924290e+05
1.377600e+01	3.910120e+05
1.382600e+01	3.905110e+05
1.387600e+01	3.907990e+05
1.392700e+01	3.912200e+05
1.397700e+01	3.896050e+05
1.402700e+01	3.883230e+05
1.407700e+01	3.877340e+05
1.412700e+01	3.886690e+05
1.417600e+01	3.879770e+05
1.422700e+01	3.884780e+05
1.427700e+01	3.867750e+05
1.432800e+01	3.863340e+05
1.437700e+01	3.869840e+05
1.442800e+01	3.871420e+05
1.447700e+01	3.873430e+05
1.452800e+01	3.870970e+05
1.457700e+01	3.895880e+05
1.462800e+01	3.954970e+05
1.467800e+01	3.941040e+05
1.472800e+01	3.930540e+05
1.477800e+01	3.927480e+05
1.482800e+01	3.909840e+05
1.487800e+01	3.907080e+05
1.492800e+01	3.892200e+05
1.497800e+01	3.896490e+05
1.502900e+01	3.898790e+05
1.507900e+01	3.886430e+05
1.512900e+01	3.885230e+05
1.517900e+01	3.880260e+05
1.523000e+01	3.886270e+05
1.527900e+01	3.880950e+05
1.532900e+01	3.879120e+05
1.537900e+01	3.883550e+05
1.543000e+01	3.871590e+05
1.547900e+01	3.871690e+05
1.553000e+01	3.866820e+05
1.557900e+01	3.909520e+05
1.562900e+01	3.966430e+05
1.567900e+01	3.937520e+05
1.573100e+01	3.936050e+05
1.578000e+01	3.909710e+05
1.583000e+01	3.914760e+05
1.588000e+01	3.902020e+05
1.593100e+01	3.905710e+05
1.598100e+01	3.890460e+05
1.603100e+01	3.890410e+05
1.608100e+01	3.881680e+05
1.613100e+01	3.884190e+05
1.618000e+01	3.882460e+05
1.623000e+01	3.877260e+05
1.628100e+01	3.875450e+05
1.633100e+01	3.871410e+05
1.638100e+01	3.877940e+05
1.643100e+01	3.872410e+05
1.648100e+01	3.867100e+05
1.653100e+01	3.866450e+05
1.658100e+01	3.909120e+05
1.663200e+01	3.952520e+05
1.668200e+01	3.951080e+05
1.673200e+01	3.929340e+05
1.678200e+01	3.930310e+05
1.683200e+01	3.901730e+05
1.688200e+01	3.891060e+05
1.693200e+01	3.896780e+05
1.698200e+01	3.897130e+05
1.703200e+01	3.884660e+05
1.708300e+01	3.889700e+05
1.713200e+01	3.874420e+05
1.718300e+01	3.877410e+05
1.723300e+01	3.878460e+05
1.728200e+01	3.869880e+05
1.733400e+01	3.877030e+05
1.738300e+01	3.858680e+05
1.743300e+01	3.879690e+05
1.748300e+01	3.854600e+05
1.753300e+01	3.870460e+05
1.758400e+01	3.908850e+05
1.763300e+01	3.949520e+05
1.768300e+01	3.932700e+05
1.773300e+01	3.923020e+05
1.778400e+01	3.911500e+05
1.783400e+01	3.915300e+05
1.788400e+01	3.898040e+05
1.793400e+01	3.888990e+05
1.798400e+01	3.885980e+05
1.803400e+01	3.880120e+05
1.808400e+01	3.885470e+05
1.813400e+01	3.881520e+05
1.818400e+01	3.879680e+05
1.823500e+01	3.871570e+05
1.828500e+01	3.878100e+05
1.833400e+01	3.866680e+05
1.838500e+01	3.871650e+05
1.843500e+01	3.870250e+05
1.848500e+01	3.861970e+05
1.853500e+01	3.854710e+05
1.858500e+01	3.909990e+05
1.863600e+01	3.946160e+05
1.868600e+01	3.934630e+05
1.873600e+01	3.923270e+05
1.878500e+01	3.900860e+05
1.883500e+01	3.899740e+05
1.888500e+01	3.881970e+05
1.893700e+01	3.897620e+05
1.898600e+01	3.883010e+05
1.903700e+01	3.880590e+05
1.908600e+01	3.867370e+05
1.913600e+01	3.867150e+05
1.918600e+01	3.870890e+05
1.923600e+01	3.868500e+05
1.928600e+01	3.863110e+05
1.933700e+01	3.856360e+05
1.938700e+01	3.859270e+05
1.943700e+01	3.857110e+05
1.948700e+01	3.855400e+05
1.953700e+01	3.853130e+05
1.958700e+01	3.916250e+05
1.963700e+01	3.926370e+05
1.968700e+01	3.932430e+05
1.973800e+01	3.904490e+05
1.978700e+01	3.905780e+05
1.983800e+01	3.887080e+05
1.988700e+01	3.885710e+05
1.993800e+01	3.874990e+05
1.998800e+01	3.870140e+05
2.003800e+01	3.872960e+05
2.008800e+01	3.860880e+05
2.013900e+01	3.856010e+05
2.018900e+01	3.856270e+05
2.023900e+01	3.862680e+05
2.028800e+01	3.854280e+05
2.033900e+01	3.850020e+05
2.038900e+01	3.841280e+05
2.043900e+01	3.854980e+05
2.048900e+01	3.838220e+05
2.053900e+01	3.854370e+05
2.058900e+01	3.890010e+05
2.063900e+01	3.947240e+05
2.068900e+01	3.902870e+05
2.074000e+01	3.899940e+05
2.078900e+01	3.884080e+05
2.083900e+01	3.888560e+05
2.088900e+01	3.870440e+05
2.094000e+01	3.871370e+05
2.098900e+01	3.856600e+05
2.104000e+01	3.855490e+05
2.109000e+01	3.850870e+05
2.114000e+01	3.852880e+05
2.119000e+01	3.854470e+05
2.124000e+01	3.839210e+05
2.129000e+01	3.847630e+05
2.134100e+01	3.873710e+05
2.139100e+01	3.849010e+05
2.144100e+01	3.847620e+05
2.149100e+01	3.840040e+05
2.154100e+01	3.827840e+05
2.159100e+01	3.871630e+05
2.164100e+01	3.922570e+05
2.169100e+01	3.900100e+05
2.174200e+01	3.887740e+05
2.179200e+01	3.880220e+05
2.184100e+01	3.860080e+05
2.189200e+01	3.857900e+05
2.194100e+01	3.859540e+05
2.199200e+01	3.850930e+05
2.204200e+01	3.855990e+05
2.209200e+01	3.841440e+05
2.214100e+01	3.833890e+05
2.219200e+01	3.830310e+05
2.224200e+01	3.828860e+05
2.229200e+01	3.828810e+05
2.234200e+01	3.831930e+05
2.239200e+01	3.825520e+05
2.244200e+01	3.829450e+05
2.249300e+01	3.820720e+05
2.254300e+01	3.817740e+05
2.259300e+01	3.876230e+05
2.264300e+01	3.896450e+05
2.269400e+01	3.874530e+05
2.274400e+01	3.857160e+05
2.279300e+01	3.864630e+05
2.284400e+01	3.851000e+05
2.289300e+01	3.844340e+05
2.294300e+01	3.833540e+05
2.299400e+01	3.833160e+05
2.304400e+01	3.830280e+05
2.309400e+01	3.816660e+05
2.314400e+01	3.828700e+05
2.319300e+01	3.823640e+05
2.324400e+01	3.809090e+05
2.329400e+01	3.814130e+05
2.334400e+01	3.803060e+05
2.339400e+01	3.815160e+05
2.344500e+01	3.816830e+05
2.349400e+01	3.800610e+05
2.354500e+01	3.802890e+05
2.359400e+01	3.854060e+05
2.364500e+01	3.890050e+05
2.369400e+01	3.867750e+05
2.374500e+01	3.852630e+05
2.379500e+01	3.843750e+05
2.384500e+01	3.838390e+05
2.389500e+01	3.830850e+05
2.394500e+01	3.827830e+05
2.399500e+01	3.820240e+05
2.404500e+01	3.819040e+05
2.409600e+01	3.803960e+05
2.414500e+01	3.801570e+05
2.419500e+01	3.807000e+05
2.424600e+01	3.811300e+05
2.429600e+01	3.800280e+05
2.434600e+01	3.794030e+05
2.439600e+01	3.799210e+05
2.444600e+01	3.792490e+05
2.449600e+01	3.803810e+05
2.454600e+01	3.788270e+05
2.459700e+01	3.853890e+05
2.464700e+01	3.866260e+05
2.469600e+01	3.852010e+05
2.474700e+01	3.839570e+05
2.479700e+01	3.832860e+05
2.484700e+01	3.820840e+05
2.489700e+01	3.812450e+05
2.494700e+01	3.806390e+05
2.499700e+01	3.804620e+05
2.509100e+01	3.805510e+05
2.515900e+01	3.798250e+05
2.519200e+01	3.789970e+05
2.522100e+01	3.791140e+05
2.525300e+01	3.785110e+05
2.529700e+01	3.785100e+05
2.534800e+01	3.781480e+05
2.539800e+01	3.789590e+05
2.545100e+01	3.782360e+05
2.549800e+01	3.770250e+05
2.554900e+01	3.769260e+05
2.559800e+01	3.846720e+05
2.564900e+01	3.866000e+05
2.569800e+01	3.835480e+05
2.574900e+01	3.848970e+05
2.579800e+01	3.819460e+05
2.584900e+01	3.816950e+05
2.589900e+01	3.802600e+05
2.594900e+01	3.798300e+05
2.600000e+01	3.792240e+05
2.605000e+01	3.786290e+05
2.609900e+01	3.780560e+05
2.615000e+01	3.777580e+05
2.620000e+01	3.779790e+05
2.625000e+01	3.777050e+05
2.630100e+01	3.773170e+05
2.635000e+01	3.762040e+05
2.640000e+01	3.767780e+05
2.645000e+01	3.766530e+05
2.650000e+01	3.769660e+05
2.655000e+01	3.764280e+05
2.660000e+01	3.832770e+05
2.665100e+01	3.842140e+05
2.670000e+01	3.825580e+05
2.675000e+01	3.819260e+05
2.680100e+01	3.807550e+05
2.685100e+01	3.795050e+05
2.690100e+01	3.783790e+05
2.695100e+01	3.777530e+05
2.700100e+01	3.773080e+05
2.705200e+01	3.783600e+05
2.710200e+01	3.763870e+05
2.715100e+01	3.760200e+05
2.720100e+01	3.759450e+05
2.725100e+01	3.768630e+05
2.730200e+01	3.752200e+05
2.735200e+01	3.760350e+05
2.740200e+01	3.751250e+05
2.745200e+01	3.753020e+05
2.750200e+01	3.745160e+05
2.755200e+01	3.751110e+05
2.760100e+01	3.827120e+05
2.765300e+01	3.823150e+05
2.770300e+01	3.799680e+05
2.775300e+01	3.789110e+05
2.780300e+01	3.788090e+05
2.785400e+01	3.777760e+05
2.790300e+01	3.774590e+05
2.795400e+01	3.765920e+05
2.800300e+01	3.763430e+05
2.805300e+01	3.743740e+05
2.810300e+01	3.748660e+05
2.815400e+01	3.742380e+05
2.820400e+01	3.752160e+05
2.825300e+01	3.737590e+05
2.830400e+01	3.734940e+05
2.835400e+01	3.735000e+05
2.840400e+01	3.739180e+05
2.845400e+01	3.736690e+05
2.850400e+01	3.739370e+05
2.855400e+01	3.730370e+05
2.860400e+01	3.809720e+05
2.865400e+01	3.809240e+05
2.870400e+01	3.788750e+05
2.875400e+01	3.778300e+05
2.880400e+01	3.765750e+05
2.885500e+01	3.763340e+05
2.890400e+01	3.742980e+05
2.895400e+01	3.758270e+05
2.900500e+01	3.742900e+05
2.905500e+01	3.745260e+05
2.910500e+01	3.731720e+05
2.915600e+01	3.729630e+05
2.920500e+01	3.725880e+05
2.925600e+01	3.734240e+05
2.930500e+01	3.724240e+05
2.935500e+01	3.721630e+05
2.940500e+01	3.721860e+05
2.945500e+01	3.709450e+05
2.950500e+01	3.720150e+05
2.955600e+01	3.718420e+05
2.960500e+01	3.791330e+05
2.965600e+01	3.785570e+05
2.970600e+01	3.774720e+05
2.975700e+01	3.755420e+05
2.980600e+01	3.757780e+05
2.985700e+01	3.751780e+05
2.990700e+01	3.741220e+05
2.995700e+01	3.728710e+05
3.000600e+01	3.718960e+05
3.005700e+01	3.733590e+05
3.010700e+01	3.719910e+05
3.015700e+01	3.717490e+05
3.020700e+01	3.711840e+05
3.025800e+01	3.709670e+05
3.030700e+01	3.707080e+05
3.035700e+01	3.710790e+05
3.040800e+01	3.707590e+05
3.045700e+01	3.711380e+05
3.050800e+01	3.701190e+05
3.055800e+01	3.707220e+05
3.060900e+01	3.760280e+05
3.065900e+01	3.775430e+05
3.070800e+01	3.751700e+05
3.075800e+01	3.740640e+05
3.080900e+01	3.737770e+05
3.085800e+01	3.733060e+05
3.090800e+01	3.727400e+05
3.095800e+01	3.711870e+05
3.100900e+01	3.717620e+05
3.105900e+01	3.701580e+05
3.110900e+01	3.707410e+05
3.115900e+01	3.692410e+05
3.120900e+01	3.700150e+05
3.125900e+01	3.701680e+05
3.130900e+01	3.694840e+05
3.135900e+01	3.688270e+05
3.140900e+01	3.693430e+05
3.145900e+01	3.689990e+05
3.150900e+01	3.692740e+05
3.155900e+01	3.689560e+05
3.161000e+01	3.758220e+05
3.166000e+01	3.757530e+05
3.171000e+01	3.726620e+05
3.176000e+01	3.732820e+05
3.181100e+01	3.720980e+05
3.186100e+01	3.715130e+05
3.191000e+01	3.696350e+05
3.196100e+01	3.707380e+05
3.201000e+01	3.690260e+05
3.206000e+01	3.696870e+05
3.211000e+01	3.690290e+05
3.216100e+01	3.680340e+05
3.221100e+01	3.682570e+05
3.226100e+01	3.681570e+05
3.231100e+01	3.671110e+05
3.236100e+01	3.670500e+05
3.241100e+01	3.678030e+05
3.246200e+01	3.672720e+05
3.251200e+01	3.672520e+05
3.256200e+01	3.667060e+05
3.261100e+01	3.746320e+05
3.266100e+01	3.737970e+05
3.271100e+01	3.727170e+05
3.276100e+01	3.706180e+05
3.281200e+01	3.710540e+05
3.286200e+01	3.697750e+05
3.291200e+01	3.693280e+05
3.296200e+01	3.679100e+05
3.301200e+01	3.682270e+05
3.306200e+01	3.669960e+05
3.311200e+01	3.669720e+05
3.316200e+01	3.664510e+05
3.321200e+01	3.670020e+05
3.326300e+01	3.664610e+05
3.331300e+01	3.657080e+05
3.336400e+01	3.663790e+05
3.341300e+01	3.650800e+05
3.346300e+01	3.672090e+05
3.351300e+01	3.654660e+05
3.356300e+01	3.658570e+05
3.361300e+01	3.723750e+05
3.366400e+01	3.719340e+05
3.371400e+01	3.707760e+05
3.376400e+01	3.694710e+05
3.381300e+01	3.690790e+05
3.386400e+01	3.679290e+05
3.391400e+01	3.668520e+05
3.396400e+01	3.670300e+05
3.401400e+01	3.660240e+05
3.406400e+01	3.671930e+05
3.411400e+01	3.644410e+05
3.416500e+01	3.659930e+05
3.421500e+01	3.645940e+05
3.426500e+01	3.649130e+05
3.431500e+01	3.646150e+05
3.436500e+01	3.638400e+05
3.441500e+01	3.641840e+05
3.446500e+01	3.643540e+05
3.451500e+01	3.639520e+05
3.456500e+01	3.651950e+05
3.461500e+01	3.707040e+05
3.466500e+01	3.708930e+05
3.471500e+01	3.686620e+05
3.476500e+01	3.673510e+05
3.481500e+01	3.679060e+05
3.486600e+01	3.663470e+05
3.491600e+01	3.662550e+05
3.496600e+01	3.638640e+05
3.501600e+01	3.653700e+05
3.506700e+01	3.640660e+05
3.511600e+01	3.640140e+05
3.516700e+01	3.640020e+05
3.521600e+01	3.638150e+05
3.526700e+01	3.631210e+05
3.531700e+01	3.627040e+05
3.536700e+01	3.629020e+05
3.541700e+01	3.628370e+05
3.546700e+01	3.629350e+05
3.551600e+01	3.622770e+05
3.556800e+01	3.625080e+05
3.561700e+01	3.690910e+05
3.566800e+01	3.689970e+05
3.571700e+01	3.667400e+05
3.576700e+01	3.667140e+05
3.581700e+01	3.649700e+05
3.586700e+01	3.652010e+05
3.591800e+01	3.630780e+05
3.596800e+01	3.631220e+05
3.601800e+01	3.635020e+05
3.606800e+01	3.632710e+05
3.612400e+01	3.627340e+05
3.618700e+01	3.613100e+05
3.625200e+01	3.628060e+05
3.631500e+01	3.615160e+05
3.632400e+01	3.618680e+05
3.636900e+01	3.610120e+05
3.641900e+01	3.606160e+05
3.646900e+01	3.620100e+05
3.651900e+01	3.620230e+05
3.656900e+01	3.623110e+05
3.661900e+01	3.680410e+05
3.666900e+01	3.663790e+05
3.671900e+01	3.664340e+05
3.676900e+01	3.646430e+05
3.681900e+01	3.644020e+05
3.687000e+01	3.638150e+05
3.692000e+01	3.629940e+05
3.697000e+01	3.619990e+05
3.702000e+01	3.618050e+05
3.708100e+01	3.613180e+05
3.712000e+01	3.605830e+05
3.717000e+01	3.592150e+05
3.722000e+01	3.609170e+05
3.727000e+01	3.597010e+05
3.732000e+01	3.598360e+05
3.737000e+01	3.603800e+05
3.742000e+01	3.599420e+05
3.747000e+01	3.600140e+05
3.752000e+01	3.586390e+05
3.757100e+01	3.609980e+05
3.762100e+01	3.664480e+05
3.767100e+01	3.661780e+05
3.772100e+01	3.635210e+05
3.777200e+01	3.631410e+05
3.782100e+01	3.615480e+05
3.787100e+01	3.618440e+05
3.792100e+01	3.609140e+05
3.797200e+01	3.606040e+05
3.802200e+01	3.605390e+05
3.807200e+01	3.593480e+05
3.812200e+01	3.599710e+05
3.817200e+01	3.586920e+05
3.822200e+01	3.598080e+05
3.827200e+01	3.582370e+05
3.832200e+01	3.584800e+05
3.837200e+01	3.576830e+05
3.842200e+01	3.586890e+05
3.847300e+01	3.579540e+05
3.852300e+01	3.579540e+05
3.858500e+01	3.592620e+05
3.862300e+01	3.647830e+05
3.867300e+01	3.637470e+05
3.872300e+01	3.628490e+05
3.877200e+01	3.618450e+05
3.882300e+01	3.615000e+05
3.887400e+01	3.603740e+05
3.892400e+01	3.588490e+05
3.897300e+01	3.584700e+05
3.902300e+01	3.589130e+05
3.907300e+01	3.584380e+05
3.912400e+01	3.577350e+05
3.917300e+01	3.574560e+05
3.922400e+01	3.569330e+05
3.927400e+01	3.574760e+05
3.932400e+01	3.563290e+05
3.937500e+01	3.567900e+05
3.942400e+01	3.562060e+05
3.947500e+01	3.562510e+05
3.952500e+01	3.561570e+05
3.957400e+01	3.575060e+05
3.962500e+01	3.646770e+05
3.967500e+01	3.620990e+05
3.972500e+01	3.609340e+05
3.977500e+01	3.589260e+05
3.982500e+01	3.593520e+05
3.987600e+01	3.577850e+05
3.992500e+01	3.586350e+05
3.997500e+01	3.573970e+05
4.002500e+01	3.586790e+05
4.007600e+01	3.568580e+05
4.012600e+01	3.567530e+05
4.017600e+01	3.560810e+05
4.022700e+01	3.562600e+05
4.027600e+01	3.549500e+05
4.032600e+01	3.551140e+05
4.037700e+01	3.544580e+05
4.042600e+01	3.551290e+05
4.047600e+01	3.555830e+05
4.052700e+01	3.535120e+05
4.057600e+01	3.571700e+05
4.062700e+01	3.616830e+05
4.067700e+01	3.605290e+05
4.072700e+01	3.590120e+05
4.077700e+01	3.586920e+05
4.082700e+01	3.578640e+05
4.087700e+01	3.567160e+05
4.092700e+01	3.561040e+05
4.097700e+01	3.562090e+05
4.102800e+01	3.552550e+05
4.107800e+01	3.556750e+05
4.112700e+01	3.539610e+05
4.117800e+01	3.547030e+05
4.122800e+01	3.548540e+05
4.133200e+01	3.541380e+05
4.148400e+01	3.538290e+05
4.154300e+01	3.531990e+05
4.155400e+01	3.543070e+05
4.157900e+01	3.557180e+05
4.162800e+01	3.609850e+05
4.167900e+01	3.598070e+05
4.172900e+01	3.583660e+05
4.177900e+01	3.571890e+05
4.182900e+01	3.567460e+05
4.188000e+01	3.562510e+05
4.192800e+01	3.549430e+05
4.197900e+01	3.542850e+05
4.203000e+01	3.537090e+05
4.208000e+01	3.539110e+05
4.213000e+01	3.532960e+05
4.217900e+01	3.534830e+05
4.223000e+01	3.527720e+05
4.227900e+01	3.537090e+05
4.233000e+01	3.526600e+05
4.238000e+01	3.528980e+05
4.243000e+01	3.527760e+05
4.248000e+01	3.523020e+05
4.253000e+01	3.514290e+05
4.258000e+01	3.545600e+05
4.263000e+01	3.589450e+05
4.268100e+01	3.587910e+05
4.273000e+01	3.571320e+05
4.278000e+01	3.562090e+05
4.283000e+01	3.545890e+05
4.288100e+01	3.550500e+05
4.293100e+01	3.544160e+05
4.298100e+01	3.529500e+05
4.303000e+01	3.535460e+05
4.308100e+01	3.517830e+05
4.313100e+01	3.525270e+05
4.318100e+01	3.516830e+05
4.323200e+01	3.527070e+05
4.328100e+01	3.523680e+05
4.333100e+01	3.517920e+05
4.338200e+01	3.517670e+05
4.343200e+01	3.515370e+05
4.348100e+01	3.509790e+05
4.353300e+01	3.514580e+05
4.358200e+01	3.545140e+05
4.363200e+01	3.591960e+05
4.368200e+01	3.565800e+05
4.373300e+01	3.560470e+05
4.378300e+01	3.550550e+05
4.383300e+01	3.552560e+05
4.388300e+01	3.537590e+05
4.393300e+01	3.522830e+05
4.398200e+01	3.532520e+05
4.403200e+01	3.515410e+05
4.408300e+01	3.528940e+05
4.413200e+01	3.512880e+05
4.418400e+01	3.509860e+05
4.423300e+01	3.504220e+05
4.428300e+01	3.514650e+05
4.433400e+01	3.500910e+05
4.438300e+01	3.501320e+05
4.443400e+01	3.504360e+05
4.448400e+01	3.508130e+05
4.453300e+01	3.492420e+05
4.458400e+01	3.528150e+05
4.463400e+01	3.580010e+05
4.468400e+01	3.570560e+05
4.473400e+01	3.558980e+05
4.478500e+01	3.536470e+05
4.483500e+01	3.534330e+05
4.488500e+01	3.528770e+05
4.493400e+01	3.517880e+05
4.498400e+01	3.516790e+05
4.503400e+01	3.512060e+05
4.508500e+01	3.509410e+05
4.513500e+01	3.502500e+05
4.518600e+01	3.500710e+05
4.523500e+01	3.507940e+05
4.528500e+01	3.493980e+05
4.533500e+01	3.498240e+05
4.538500e+01	3.489540e+05
4.543600e+01	3.497440e+05
4.556600e+01	3.491330e+05
4.557800e+01	3.487800e+05
4.559000e+01	3.520160e+05
4.563600e+01	3.556790e+05
4.568600e+01	3.555490e+05
4.573600e+01	3.579890e+05
4.578600e+01	3.536740e+05
4.583600e+01	3.526250e+05
4.588700e+01	3.518630e+05
4.593700e+01	3.511510e+05
4.598700e+01	3.503760e+05
4.603700e+01	3.507410e+05
4.608600e+01	3.492400e+05
4.613600e+01	3.493980e+05
4.618600e+01	3.491740e+05
4.623700e+01	3.484470e+05
4.628700e+01	3.499160e+05
4.633700e+01	3.487150e+05
4.638800e+01	3.485950e+05
4.643800e+01	3.481330e+05
4.648800e+01	3.477060e+05
4.653800e+01	3.495390e+05
4.658800e+01	3.516640e+05
4.663800e+01	3.568840e+05
4.668800e+01	3.542280e+05
4.673800e+01	3.532580e+05
4.678800e+01	3.526790e+05
4.683800e+01	3.519300e+05
4.688800e+01	3.519630e+05
4.698100e+01	3.507040e+05
4.699700e+01	3.501430e+05
4.703900e+01	3.501940e+05
4.708900e+01	3.500950e+05
4.713900e+01	3.499030e+05
4.718900e+01	3.489320e+05
4.723900e+01	3.497380e+05
4.728900e+01	3.480250e+05
4.733900e+01	3.482710e+05
4.738900e+01	3.491280e+05
4.743900e+01	3.483690e+05
4.749000e+01	3.491540e+05
4.753900e+01	3.474900e+05
4.758900e+01	3.518160e+05
4.763900e+01	3.556930e+05
4.769000e+01	3.555210e+05
4.774000e+01	3.542610e+05
4.779000e+01	3.523630e+05
4.784000e+01	3.502200e+05
4.789100e+01	3.505170e+05
4.794100e+01	3.492560e+05
4.799000e+01	3.505140e+05
4.804000e+01	3.494330e+05
4.809100e+01	3.480950e+05
4.814100e+01	3.480600e+05
4.819000e+01	3.475490e+05
4.824100e+01	3.491170e+05
4.829100e+01	3.476460e+05
4.834100e+01	3.486630e+05
4.839100e+01	3.474380e+05
4.844100e+01	3.467860e+05
4.849100e+01	3.473630e+05
4.854200e+01	3.475170e+05
4.859200e+01	3.517360e+05
4.864200e+01	3.549580e+05
4.869200e+01	3.531480e+05
4.874100e+01	3.524980e+05
4.879200e+01	3.510150e+05
4.884100e+01	3.519040e+05
4.889200e+01	3.502390e+05
4.894200e+01	3.501590e+05
4.899300e+01	3.489450e+05
4.904200e+01	3.483730e+05
4.909200e+01	3.498120e+05
4.914300e+01	3.474520e+05
4.919200e+01	3.487490e+05
4.924300e+01	3.476590e+05
4.929300e+01	3.480300e+05
4.934300e+01	3.471980e+05
4.939300e+01	3.480490e+05
4.944200e+01	3.482840e+05
4.949300e+01	3.471980e+05
4.954400e+01	3.469090e+05
4.959300e+01	3.516730e+05
4.964400e+01	3.551670e+05
4.969400e+01	3.543400e+05
4.974400e+01	3.525170e+05
4.979400e+01	3.518790e+05
4.984400e+01	3.506840e+05
4.989400e+01	3.542740e+05
4.994400e+01	3.509060e+05
4.999400e+01	3.501130e+05
5.004400e+01	3.503870e+05
5.009500e+01	3.486140e+05
5.014400e+01	3.493750e+05
5.019400e+01	3.479290e+05
5.024400e+01	3.487930e+05
5.029400e+01	3.479530e+05
5.034500e+01	3.478140e+05
5.039500e+01	3.484700e+05
5.044500e+01	3.483410e+05
5.049500e+01	3.487060e+05
5.054500e+01	3.479280e+05
5.059500e+01	3.527920e+05
5.064500e+01	3.558930e+05
5.069500e+01	3.545330e+05
5.074500e+01	3.537500e+05
5.079500e+01	3.533490e+05
5.084600e+01	3.516850e+05
5.089600e+01	3.523740e+05
5.094600e+01	3.504860e+05
5.099700e+01	3.511210e+05
5.104600e+01	3.492690e+05
5.109700e+01	3.501790e+05
5.114600e+01	3.491640e+05
5.119700e+01	3.495140e+05
5.124700e+01	3.490020e+05
5.129700e+01	3.492630e+05
5.134600e+01	3.489080e+05
5.139700e+01	3.489580e+05
5.144700e+01	3.481760e+05
5.149700e+01	3.484280e+05
5.154700e+01	3.487170e+05
5.159700e+01	3.545270e+05
5.164700e+01	3.580420e+05
5.169700e+01	3.549210e+05
5.174700e+01	3.548030e+05
5.179700e+01	3.532040e+05
5.184800e+01	3.528370e+05
5.189800e+01	3.526490e+05
5.194800e+01	3.525720e+05
5.199900e+01	3.515950e+05
5.204700e+01	3.502830e+05
5.209800e+01	3.512150e+05
5.214800e+01	3.500860e+05
5.219800e+01	3.510340e+05
5.224800e+01	3.496770e+05
5.229900e+01	3.499870e+05
5.234900e+01	3.492220e+05
5.239800e+01	3.501410e+05
5.244900e+01	3.499270e+05
5.249900e+01	3.508290e+05
5.254800e+01	3.496420e+05
5.259900e+01	3.559550e+05
5.264900e+01	3.583060e+05
5.269800e+01	3.572150e+05
5.275000e+01	3.561320e+05
5.279900e+01	3.544900e+05
5.285000e+01	3.543230e+05
5.289900e+01	3.530140e+05
5.294900e+01	3.542260e+05
5.300000e+01	3.527780e+05
5.305000e+01	3.533100e+05
5.310000e+01	3.520480e+05
5.315000e+01	3.518630e+05
5.320000e+01	3.513890e+05
5.325000e+01	3.507950e+05
5.330000e+01	3.503890e+05
5.335100e+01	3.521120e+05
5.340100e+01	3.499160e+05
5.345000e+01	3.502150e+05
5.350100e+01	3.507280e+05
5.355000e+01	3.504220e+05
5.360100e+01	3.577610e+05
5.365100e+01	3.589590e+05
5.370100e+01	3.592090e+05
5.375100e+01	3.567300e+05
5.380200e+01	3.572280e+05
5.385100e+01	3.549070e+05
5.390200e+01	3.551760e+05
5.395200e+01	3.543070e+05
5.400200e+01	3.539750e+05
5.405100e+01	3.532160e+05
5.410200e+01	3.539050e+05
5.415200e+01	3.535300e+05
5.420200e+01	3.535850e+05
5.425200e+01	3.527040e+05
5.430200e+01	3.524540e+05
5.435200e+01	3.531380e+05
5.440200e+01	3.527530e+05
5.445200e+01	3.524980e+05
5.450300e+01	3.513930e+05
5.455300e+01	3.527260e+05
5.460300e+01	3.591290e+05
5.465300e+01	3.615060e+05
5.470300e+01	3.603560e+05
5.475300e+01	3.599870e+05
5.480300e+01	3.572820e+05
5.485300e+01	3.566260e+05
5.490300e+01	3.567730e+05
5.495300e+01	3.566870e+05
5.500300e+01	3.566700e+05
5.505300e+01	3.554230e+05
5.510300e+01	3.543490e+05
5.515300e+01	3.541030e+05
5.520400e+01	3.552540e+05
5.525400e+01	3.546520e+05
5.530400e+01	3.552480e+05
5.535400e+01	3.540770e+05
5.540400e+01	3.545520e+05
5.545400e+01	3.534600e+05
5.550400e+01	3.555520e+05
5.555400e+01	3.541110e+05
5.560500e+01	3.614470e+05
5.565500e+01	3.625160e+05
5.570400e+01	3.605490e+05
5.575500e+01	3.614190e+05
5.580500e+01	3.591440e+05
5.585500e+01	3.588790e+05
5.590500e+01	3.580900e+05
5.595600e+01	3.578930e+05
5.600600e+01	3.574700e+05
5.605500e+01	3.572000e+05
5.610600e+01	3.577170e+05
5.615600e+01	3.567800e+05
5.620600e+01	3.558350e+05
5.625500e+01	3.563460e+05
5.630600e+01	3.560390e+05
5.635600e+01	3.572940e+05
5.640600e+01	3.558050e+05
5.645600e+01	3.561180e+05
5.650600e+01	3.558230e+05
5.655600e+01	3.557720e+05
5.660600e+01	3.644430e+05
5.665600e+01	3.645980e+05
5.670700e+01	3.650200e+05
5.675700e+01	3.621420e+05
5.680700e+01	3.614200e+05
5.685700e+01	3.606050e+05
5.690700e+01	3.603190e+05
5.695700e+01	3.608040e+05
5.700700e+01	3.592670e+05
5.705800e+01	3.588560e+05
5.710800e+01	3.593750e+05
5.715800e+01	3.580230e+05
5.720800e+01	3.589950e+05
5.725700e+01	3.582220e+05
5.730800e+01	3.588460e+05
5.735800e+01	3.581630e+05
5.740800e+01	3.578290e+05
5.745800e+01	3.573130e+05
5.750800e+01	3.577460e+05
5.755800e+01	3.591950e+05
5.760900e+01	3.651070e+05
5.765800e+01	3.667120e+05
5.770800e+01	3.650490e+05
5.775800e+01	3.648130e+05
5.780800e+01	3.638870e+05
5.785900e+01	3.627050e+05
5.790900e+01	3.624760e+05
5.795900e+01	3.622490e+05
5.800900e+01	3.612450e+05
5.805900e+01	3.619460e+05
5.810900e+01	3.602900e+05
5.816000e+01	3.614850e+05
5.821000e+01	3.592110e+05
5.826000e+01	3.603730e+05
5.831000e+01	3.602590e+05
5.836000e+01	3.602250e+05
5.841000e+01	3.601540e+05
5.846000e+01	3.593020e+05
5.851000e+01	3.600090e+05
5.856000e+01	3.609540e+05
5.861000e+01	3.690730e+05
5.866000e+01	3.681130e+05
5.871000e+01	3.667850e+05
5.876000e+01	3.661100e+05
5.881000e+01	3.646180e+05
5.886000e+01	3.648790e+05
5.891100e+01	3.645370e+05
5.896100e+01	3.632330e+05
5.901100e+01	3.638850e+05
5.906100e+01	3.626930e+05
5.911200e+01	3.636960e+05
5.916100e+01	3.632900e+05
5.921100e+01	3.628390e+05
5.926100e+01	3.610700e+05
5.931100e+01	3.620670e+05
5.936200e+01	3.620970e+05
5.941200e+01	3.618410e+05
5.946200e+01	3.618080e+05
5.951200e+01	3.626760e+05
5.956200e+01	3.628830e+05
5.961200e+01	3.700660e+05
5.966200e+01	3.709270e+05
5.971200e+01	3.699800e+05
5.976200e+01	3.691800e+05
5.981200e+01	3.681000e+05
5.986200e+01	3.656590e+05
5.991200e+01	3.662930e+05
5.996300e+01	3.663880e+05
6.001300e+01	3.665020e+05
6.006300e+01	3.659490e+05
6.011300e+01	3.648150e+05
6.016300e+01	3.646510e+05
6.021300e+01	3.652180e+05
6.026300e+01	3.640310e+05
6.031400e+01	3.658920e+05
6.036400e+01	3.640460e+05
6.041400e+01	3.643630e+05
6.046400e+01	3.669450e+05
6.051400e+01	3.641480e+05
6.056300e+01	3.666080e+05
6.061400e+01	3.732130e+05
6.066400e+01	3.726020e+05
6.071400e+01	3.708730e+05
6.076400e+01	3.704490e+05
6.081400e+01	3.693090e+05
6.086400e+01	3.694220e+05
6.091400e+01	3.694510e+05
6.096400e+01	3.675720e+05
6.101400e+01	3.677700e+05
6.106400e+01	3.666500e+05
6.111500e+01	3.669440e+05
6.116500e+01	3.668090e+05
6.121500e+01	3.659930e+05
6.126500e+01	3.664590e+05
6.131500e+01	3.651600e+05
6.136500e+01	3.669600e+05
6.141500e+01	3.653030e+05
6.146600e+01	3.655970e+05
6.151600e+01	3.656790e+05
6.156600e+01	3.674620e+05
6.161600e+01	3.751170e+05
6.166600e+01	3.746900e+05
6.171600e+01	3.741660e+05
6.176600e+01	3.725010e+05
6.181700e+01	3.711010e+05
6.186700e+01	3.704550e+05
6.191600e+01	3.708790e+05
6.196600e+01	3.698820e+05
6.201700e+01	3.730430e+05
6.206700e+01	3.702350e+05
6.211600e+01	3.703350e+05
6.216700e+01	3.679710e+05
6.221700e+01	3.691090e+05
6.226700e+01	3.678360e+05
6.231700e+01	3.682850e+05
6.236700e+01	3.675140e+05
6.241800e+01	3.683250e+05
6.246800e+01	3.672170e+05
6.251700e+01	3.686220e+05
6.256700e+01	3.695840e+05
6.261700e+01	3.774050e+05
6.266700e+01	3.760470e+05
6.271800e+01	3.756210e+05
6.276800e+01	3.754770e+05
6.281700e+01	3.733180e+05
6.286800e+01	3.729620e+05
6.291900e+01	3.717670e+05
6.296800e+01	3.721770e+05
6.301900e+01	3.706450e+05
6.306900e+01	3.716000e+05
6.311800e+01	3.709200e+05
6.316800e+01	3.703250e+05
6.321900e+01	3.697710e+05
6.326900e+01	3.704830e+05
6.331900e+01	3.698730e+05
6.336900e+01	3.712230e+05
6.341900e+01	3.689550e+05
6.346900e+01	3.690210e+05
6.351900e+01	3.691550e+05
6.356900e+01	3.719240e+05
6.361900e+01	3.792810e+05
6.367000e+01	3.784850e+05
6.372000e+01	3.783130e+05
6.377000e+01	3.763960e+05
6.382000e+01	3.762870e+05
6.387000e+01	3.746770e+05
6.392000e+01	3.760040e+05
6.397000e+01	3.743480e+05
6.402000e+01	3.739420e+05
6.407100e+01	3.730280e+05
6.412100e+01	3.732990e+05
6.417000e+01	3.730840e+05
6.422000e+01	3.730560e+05
6.427100e+01	3.724940e+05
6.432100e+01	3.730010e+05
6.437100e+01	3.715860e+05
6.442100e+01	3.720480e+05
6.447100e+01	3.723440e+05
6.452100e+01	3.730160e+05
6.457100e+01	3.748570e+05
6.462200e+01	3.807930e+05
6.467200e+01	3.805430e+05
6.472200e+01	3.788600e+05
6.477200e+01	3.792680e+05
6.482100e+01	3.782790e+05
6.487200e+01	3.769660e+05
6.492200e+01	3.767790e+05
6.497200e+01	3.762750e+05
6.502200e+01	3.751550e+05
6.507200e+01	3.750680e+05
6.512200e+01	3.754750e+05
6.517200e+01	3.742380e+05
6.522200e+01	3.741730e+05
6.527200e+01	3.733860e+05
6.532200e+01	3.745590e+05
6.537300e+01	3.739630e+05
6.542300e+01	3.725650e+05
6.547300e+01	3.723430e+05
6.552300e+01	3.727510e+05
6.557300e+01	3.759630e+05
6.562300e+01	3.837070e+05
6.567300e+01	3.817180e+05
6.572400e+01	3.809250e+05
6.577400e+01	3.794200e+05
6.582400e+01	3.780400e+05
6.587300e+01	3.778710e+05
6.592400e+01	3.769050e+05
6.597400e+01	3.776120e+05
6.602500e+01	3.764250e+05
6.607400e+01	3.759130e+05
6.612400e+01	3.762900e+05
6.617400e+01	3.755870e+05
6.622400e+01	3.748920e+05
6.627500e+01	3.758390e+05
6.632500e+01	3.739070e+05
6.637400e+01	3.751850e+05
6.642500e+01	3.741450e+05
6.647500e+01	3.746310e+05
6.652500e+01	3.746360e+05
6.657500e+01	3.773470e+05
6.662500e+01	3.841640e+05
6.667500e+01	3.827300e+05
6.672600e+01	3.825180e+05
6.677500e+01	3.810090e+05
6.682500e+01	3.793540e+05
6.687600e+01	3.788540e+05
6.692600e+01	3.788640e+05
6.697500e+01	3.791300e+05
6.702700e+01	3.776580e+05
6.707600e+01	3.767370e+05
6.712600e+01	3.768200e+05
6.717600e+01	3.760710e+05
6.722600e+01	3.774570e+05
6.727700e+01	3.757890e+05
6.732700e+01	3.767800e+05
6.737700e+01	3.759810e+05
6.742600e+01	3.750880e+05
6.747700e+01	3.758200e+05
6.752700e+01	3.750560e+05
6.757700e+01	3.797340e+05
6.762700e+01	3.851170e+05
6.767800e+01	3.840370e+05
6.772800e+01	3.819510e+05
6.777700e+01	3.818870e+05
6.782800e+01	3.809020e+05
6.787800e+01	3.809770e+05
6.792800e+01	3.799150e+05
6.797700e+01	3.798000e+05
6.802800e+01	3.783850e+05
6.807800e+01	3.787690e+05
6.812800e+01	3.779200e+05
6.817800e+01	3.789540e+05
6.822800e+01	3.767770e+05
6.827800e+01	3.768600e+05
6.832800e+01	3.771590e+05
6.837800e+01	3.772690e+05
6.842900e+01	3.777740e+05
6.847900e+01	3.769340e+05
6.852900e+01	3.765170e+05
6.857900e+01	3.793040e+05
6.862900e+01	3.863460e+05
6.867900e+01	3.853700e+05
6.872900e+01	3.840660e+05
6.877900e+01	3.827570e+05
6.883000e+01	3.818360e+05
6.887900e+01	3.802300e+05
6.892900e+01	3.820910e+05
6.897900e+01	3.805370e+05
6.903000e+01	3.801600e+05
6.907900e+01	3.792660e+05
6.913000e+01	3.789680e+05
6.918000e+01	3.793730e+05
6.923000e+01	3.785680e+05
6.928000e+01	3.786300e+05
6.933000e+01	3.783800e+05
6.938000e+01	3.778390e+05
6.943100e+01	3.782670e+05
6.948000e+01	3.775690e+05
6.953100e+01	3.782620e+05
6.958100e+01	3.814410e+05
6.963100e+01	3.872750e+05
6.968000e+01	3.855380e+05
6.973100e+01	3.849380e+05
6.978100e+01	3.845780e+05
6.983100e+01	3.826490e+05
6.988100e+01	3.827520e+05
6.993100e+01	3.822040e+05
6.998100e+01	3.815230e+05
7.003200e+01	3.821910e+05
7.008200e+01	3.805890e+05
7.013200e+01	3.808500e+05
7.018200e+01	3.799410e+05
7.023100e+01	3.801460e+05
7.028200e+01	3.795290e+05
7.033200e+01	3.801280e+05
7.038200e+01	3.802260e+05
7.043200e+01	3.796440e+05
7.048300e+01	3.788620e+05
7.053300e+01	3.791180e+05
7.058200e+01	3.828470e+05
7.063200e+01	3.895440e+05
7.068300e+01	3.867300e+05
7.073300e+01	3.857090e+05
7.078300e+01	3.884310e+05
7.083300e+01	3.841170e+05
7.088400e+01	3.841710e+05
7.093300e+01	3.830290e+05
7.098300e+01	3.833990e+05
7.103300e+01	3.812560e+05
7.108300e+01	3.811460e+05
7.113300e+01	3.818070e+05
7.118400e+01	3.821930e+05
7.123400e+01	3.810460e+05
7.128400e+01	3.810330e+05
7.133300e+01	3.801500e+05
7.138400e+01	3.818380e+05
7.143400e+01	3.790560e+05
7.148400e+01	3.806870e+05
7.153500e+01	3.807720e+05
7.158400e+01	3.843970e+05
7.163500e+01	3.898940e+05
7.168400e+01	3.879970e+05
7.173500e+01	3.873630e+05
7.178500e+01	3.860730e+05
7.183500e+01	3.855910e+05
7.188500e+01	3.835560e+05
7.193500e+01	3.842510e+05
7.198600e+01	3.840070e+05
7.203600e+01	3.835700e+05
7.208600e+01	3.831750e+05
7.213600e+01	3.832250e+05
7.218500e+01	3.817430e+05
7.223500e+01	3.827190e+05
7.228500e+01	3.814600e+05
7.233600e+01	3.826790e+05
7.238500e+01	3.821170e+05
7.243700e+01	3.810090e+05
7.248600e+01	3.811710e+05
7.253700e+01	3.816320e+05
7.258600e+01	3.871280e+05
7.263600e+01	3.910930e+05
7.268600e+01	3.890260e+05
7.273600e+01	3.876580e+05
7.278600e+01	3.864380e+05
7.283700e+01	3.870250e+05
7.288700e+01	3.854910e+05
7.293700e+01	3.849530e+05
7.298700e+01	3.849400e+05
7.303700e+01	3.830580e+05
7.308800e+01	3.841970e+05
7.313800e+01	3.832880e+05
7.318700e+01	3.845270e+05
7.323700e+01	3.832950e+05
7.328700e+01	3.821790e+05
7.333800e+01	3.827960e+05
7.338800e+01	3.826880e+05
7.343800e+01	3.827770e+05
7.348800e+01	3.834400e+05
7.353800e+01	3.820100e+05
7.358800e+01	3.875200e+05
7.363800e+01	3.908440e+05
7.368800e+01	3.901030e+05
7.373900e+01	3.894180e+05
7.378800e+01	3.879540e+05
7.383800e+01	3.878240e+05
7.388900e+01	3.857760e+05
7.393900e+01	3.861760e+05
7.398900e+01	3.856690e+05
7.403900e+01	3.855920e+05
7.408900e+01	3.841590e+05
7.413900e+01	3.842400e+05
7.418900e+01	3.840630e+05
7.423900e+01	3.835180e+05
7.428900e+01	3.837500e+05
7.433900e+01	3.838960e+05
7.438900e+01	3.827540e+05
7.444000e+01	3.833530e+05
7.449000e+01	3.831800e+05
7.454000e+01	3.832410e+05
7.459000e+01	3.885910e+05
7.464000e+01	3.919530e+05
7.469000e+01	3.901440e+05
7.474000e+01	3.889650e+05
7.479000e+01	3.895070e+05
7.484000e+01	3.870410e+05
7.489000e+01	3.875430e+05
7.494100e+01	3.862290e+05
7.499100e+01	3.860550e+05
7.504100e+01	3.852770e+05
7.509100e+01	3.848010e+05
7.514100e+01	3.858630e+05
7.519100e+01	3.855260e+05
7.524100e+01	3.843710e+05
7.529100e+01	3.846920e+05
7.534100e+01	3.846910e+05
7.539100e+01	3.849170e+05
7.544100e+01	3.833400e+05
7.549200e+01	3.832410e+05
7.554200e+01	3.840550e+05
7.559100e+01	3.893160e+05
7.564200e+01	3.932410e+05
7.569200e+01	3.912810e+05
7.574200e+01	3.905410e+05
7.579200e+01	3.895210e+05
7.584200e+01	3.885780e+05
7.589300e+01	3.875410e+05
7.594300e+01	3.875570e+05
7.599200e+01	3.879220e+05
7.604300e+01	3.854600e+05
7.609200e+01	3.857830e+05
7.614300e+01	3.847690e+05
7.619400e+01	3.860580e+05
7.624300e+01	3.856570e+05
7.629300e+01	3.840360e+05
7.634400e+01	3.847640e+05
7.639400e+01	3.853000e+05
7.644400e+01	3.850900e+05
7.649400e+01	3.848650e+05
7.654400e+01	3.845000e+05
7.659400e+01	3.899070e+05
7.664400e+01	3.923000e+05
7.669400e+01	3.922170e+05
7.674400e+01	3.910840e+05
7.679400e+01	3.935810e+05
7.684400e+01	3.901290e+05
7.689500e+01	3.880910e+05
7.694500e+01	3.881840e+05
7.699500e+01	3.871920e+05
7.704400e+01	3.871110e+05
7.709400e+01	3.871530e+05
7.714400e+01	3.862730e+05
7.719500e+01	3.858930e+05
7.724500e+01	3.857590e+05
7.729500e+01	3.863900e+05
7.734500e+01	3.857320e+05
7.739500e+01	3.864250e+05
7.744500e+01	3.852650e+05
7.749600e+01	3.848130e+05
7.754600e+01	3.846430e+05
7.759500e+01	3.908520e+05
7.764500e+01	3.942080e+05
7.769500e+01	3.928860e+05
7.774600e+01	3.904620e+05
7.779600e+01	3.910400e+05
7.784700e+01	3.886080e+05
7.789600e+01	3.890850e+05
7.794700e+01	3.881850e+05
7.799600e+01	3.875910e+05
7.804700e+01	3.871000e+05
7.809700e+01	3.861670e+05
7.814700e+01	3.865400e+05
7.819700e+01	3.864280e+05
7.824700e+01	3.864500e+05
7.829700e+01	3.886210e+05
7.834700e+01	3.868190e+05
7.839700e+01	3.848890e+05
7.844800e+01	3.867680e+05
7.849700e+01	3.846960e+05
7.854700e+01	3.857800e+05
7.859800e+01	3.913400e+05
7.864800e+01	3.946650e+05
7.869800e+01	3.920470e+05
7.874800e+01	3.921960e+05
7.879800e+01	3.911520e+05
7.884800e+01	3.898970e+05
7.889800e+01	3.890210e+05
7.894800e+01	3.887070e+05
7.899800e+01	3.883490e+05
7.904800e+01	3.872000e+05
7.909800e+01	3.872020e+05
7.914800e+01	3.868690e+05
7.919900e+01	3.875680e+05
7.924800e+01	3.867490e+05
7.929900e+01	3.869180e+05
7.934900e+01	3.862550e+05
7.939900e+01	3.867870e+05
7.944900e+01	3.857790e+05
7.949900e+01	3.865740e+05
7.955000e+01	3.861550e+05
7.959900e+01	3.930940e+05
7.965000e+01	3.939550e+05
7.970000e+01	3.926210e+05
7.975000e+01	3.918920e+05
7.980000e+01	3.911160e+05
7.985000e+01	3.911750e+05
7.990000e+01	3.891010e+05
7.995100e+01	3.891980e+05
8.000000e+01	3.887100e+05
8.005100e+01	3.882410e+05
8.010000e+01	3.884380e+05
8.015100e+01	3.874800e+05
8.020100e+01	3.872020e+05
8.025000e+01	3.869360e+05
8.030100e+01	3.857130e+05
8.035100e+01	3.871790e+05
8.040100e+01	3.867210e+05
8.045100e+01	3.879990e+05
8.050100e+01	3.851700e+05
8.055100e+01	3.870390e+05
8.060100e+01	3.928810e+05
8.065100e+01	3.945270e+05
8.070100e+01	3.940040e+05
8.075200e+01	3.922880e+05
8.080100e+01	3.908470e+05
8.085100e+01	3.895960e+05
8.090200e+01	3.900890e+05
8.095200e+01	3.892380e+05
8.100100e+01	3.901620e+05
8.105200e+01	3.883760e+05
8.110200e+01	3.881700e+05
8.115300e+01	3.875150e+05
8.120200e+01	3.883390e+05
8.125200e+01	3.876340e+05
8.130200e+01	3.878990e+05
8.135300e+01	3.867420e+05
8.140300e+01	3.873740e+05
8.145200e+01	3.861560e+05
8.150300e+01	3.865970e+05
8.155300e+01	3.861170e+05
8.160300e+01	3.945360e+05
8.165300e+01	3.951810e+05
8.170300e+01	3.929590e+05
8.175300e+01	3.920140e+05
8.180300e+01	3.922310e+05
8.185400e+01	3.909430e+05
8.190400e+01	3.903540e+05
8.195400e+01	3.899280e+05
8.200400e+01	3.890400e+05
8.205400e+01	3.898750e+05
8.210400e+01	3.884550e+05
8.215400e+01	3.884620e+05
8.220400e+01	3.886340e+05
8.225400e+01	3.874870e+05
8.230400e+01	3.879640e+05
8.235500e+01	3.871510e+05
8.240500e+01	3.884830e+05
8.245500e+01	3.870280e+05
8.250500e+01	3.871080e+05
8.255500e+01	3.873770e+05
8.260500e+01	3.944470e+05
8.265500e+01	3.955650e+05
8.270500e+01	3.934680e+05
8.275600e+01	3.925030e+05
8.280600e+01	3.916170e+05
8.285600e+01	3.906240e+05
8.290500e+01	3.911360e+05
8.295600e+01	3.900980e+05
8.300600e+01	3.895300e+05
8.305600e+01	3.887050e+05
8.310600e+01	3.885370e+05
8.315600e+01	3.881570e+05
8.320600e+01	3.884300e+05
8.325700e+01	3.881210e+05
8.330700e+01	3.869490e+05
8.335700e+01	3.869760e+05
8.340600e+01	3.877860e+05
8.345700e+01	3.870190e+05
8.350600e+01	3.875720e+05
8.355700e+01	3.868060e+05
8.360600e+01	3.939320e+05
8.365700e+01	3.965160e+05
8.370700e+01	3.931660e+05
8.375700e+01	3.940560e+05
8.380700e+01	3.925400e+05
8.385700e+01	3.910700e+05
8.390700e+01	3.895020e+05
8.395800e+01	3.893770e+05
8.400800e+01	3.900870e+05
8.405800e+01	3.893540e+05
8.410800e+01	3.891350e+05
8.415800e+01	3.878530e+05
8.420700e+01	3.881240e+05
8.425800e+01	3.880230e+05
8.430800e+01	3.875500e+05
8.435800e+01	3.886520e+05
8.440900e+01	3.873210e+05
8.445900e+01	3.873710e+05
8.450800e+01	3.868910e+05
8.455900e+01	3.870810e+05
8.460900e+01	3.958940e+05
8.465900e+01	3.948080e+05
8.470900e+01	3.941980e+05
8.475900e+01	3.917680e+05
8.480900e+01	3.924990e+05
8.485900e+01	3.914870e+05
8.490900e+01	3.915670e+05
8.496000e+01	3.903440e+05
8.501000e+01	3.900510e+05
8.506000e+01	3.888670e+05
8.511000e+01	3.883960e+05
8.516000e+01	3.889750e+05
8.521000e+01	3.884680e+05
8.526000e+01	3.880210e+05
8.531000e+01	3.882060e+05
8.536000e+01	3.877260e+05
8.541000e+01	3.885830e+05
8.546000e+01	3.881740e+05
8.551000e+01	3.877490e+05
8.556000e+01	3.879810e+05
8.561100e+01	3.945460e+05
8.566000e+01	3.951590e+05
8.571100e+01	3.943260e+05
8.576100e+01	3.931650e+05
8.581100e+01	3.926250e+05
8.586100e+01	3.908830e+05
8.591200e+01	3.901110e+05
8.596100e+01	3.897390e+05
8.601200e+01	3.902490e+05
8.606100e+01	3.905030e+05
8.611100e+01	3.882080e+05
8.616200e+01	3.882050e+05
8.621200e+01	3.885530e+05
8.626100e+01	3.869290e+05
8.631200e+01	3.880580e+05
8.636300e+01	3.870140e+05
8.641200e+01	3.875850e+05
8.646200e+01	3.866580e+05
8.651200e+01	3.869130e+05
8.656200e+01	3.877980e+05
8.661300e+01	3.944240e+05
8.666300e+01	3.954010e+05
8.671200e+01	3.928040e+05
8.676300e+01	3.919790e+05
8.681200e+01	3.915460e+05
8.686300e+01	3.903360e+05
8.691300e+01	3.891070e+05
8.696300e+01	3.888490e+05
8.701300e+01	3.886700e+05
8.706300e+01	3.890760e+05
8.711300e+01	3.874130e+05
8.716400e+01	3.880520e+05
8.721400e+01	3.871910e+05
8.726400e+01	3.873780e+05
8.731300e+01	3.867180e+05
8.736500e+01	3.863420e+05
8.741400e+01	3.868930e+05
8.746400e+01	3.859930e+05
8.751400e+01	3.859090e+05
8.756500e+01	3.864190e+05
8.761500e+01	3.943110e+05
8.766500e+01	3.940190e+05
8.771400e+01	3.928240e+05
8.776500e+01	3.912790e+05
8.781500e+01	3.904370e+05
8.786500e+01	3.891460e+05
8.791500e+01	3.892130e+05
8.796600e+01	3.888960e+05
8.801500e+01	3.888770e+05
8.806500e+01	3.876910e+05
8.811500e+01	3.867530e+05
8.816500e+01	3.871010e+05
8.821500e+01	3.859970e+05
8.826600e+01	3.874140e+05
8.831600e+01	3.857110e+05
8.836600e+01	3.863750e+05
8.841600e+01	3.857050e+05
8.846600e+01	3.859180e+05
8.851600e+01	3.852260e+05
8.856600e+01	3.871120e+05
8.861600e+01	3.926500e+05
8.866600e+01	3.924500e+05
8.871600e+01	3.906580e+05
8.876700e+01	3.906000e+05
8.881700e+01	3.889710e+05
8.886700e+01	3.888620e+05
8.891700e+01	3.871960e+05
8.896700e+01	3.870600e+05
8.901600e+01	3.875060e+05
8.906700e+01	3.862720e+05
8.911700e+01	3.870320e+05
8.916800e+01	3.851790e+05
8.921700e+01	3.855190e+05
8.926700e+01	3.845550e+05
8.931700e+01	3.855210e+05
8.936700e+01	3.849880e+05
8.941800e+01	3.847080e+05
8.946800e+01	3.838970e+05
8.951800e+01	3.841030e+05
8.956800e+01	3.844380e+05
8.961800e+01	3.927800e+05
8.966800e+01	3.916440e+05
8.971900e+01	3.899760e+05
8.976800e+01	3.889070e+05
8.981900e+01	3.881620e+05
8.986900e+01	3.874860e+05
8.991900e+01	3.865600e+05
8.996900e+01	3.858470e+05
9.001900e+01	3.858980e+05
9.007000e+01	3.853200e+05
9.011900e+01	3.849900e+05
9.016900e+01	3.849010e+05
9.021900e+01	3.843490e+05
9.026900e+01	3.841460e+05
9.031900e+01	3.829680e+05
9.036900e+01	3.829540e+05
9.042000e+01	3.832550e+05
9.047000e+01	3.831500e+05
9.052000e+01	3.827210e+05
9.057100e+01	3.839910e+05
9.062100e+01	3.901990e+05
9.066900e+01	3.905130e+05
9.072000e+01	3.881470e+05
9.077000e+01	3.881320e+05
9.082000e+01	3.862650e+05
9.087100e+01	3.855940e+05
9.092000e+01	3.852890e+05
9.097100e+01	3.852920e+05
9.102000e+01	3.843620e+05
9.107100e+01	3.832370e+05
9.112100e+01	3.830490e+05
9.117100e+01	3.822380e+05
9.122100e+01	3.824050e+05
9.127100e+01	3.817510e+05
9.132100e+01	3.820420e+05
9.137100e+01	3.814850e+05
9.142200e+01	3.820080e+05
9.147200e+01	3.814420e+05
9.152200e+01	3.813030e+05
9.157200e+01	3.823370e+05
9.162200e+01	3.885550e+05
9.167200e+01	3.880970e+05
9.172200e+01	3.860460e+05
9.177300e+01	3.849580e+05
9.182200e+01	3.836290e+05
9.187200e+01	3.845520e+05
9.192300e+01	3.826340e+05
9.197300e+01	3.821940e+05
9.202200e+01	3.821520e+05
9.207200e+01	3.810020e+05
9.212200e+01	3.817510e+05
9.217300e+01	3.807310e+05
9.222300e+01	3.798400e+05
9.227400e+01	3.803430e+05
9.232300e+01	3.797280e+05
9.237400e+01	3.800700e+05
9.242400e+01	3.803280e+05
9.247300e+01	3.797640e+05
9.252300e+01	3.792760e+05
9.257300e+01	3.799500e+05
9.262400e+01	3.880820e+05
9.267500e+01	3.855760e+05
9.272400e+01	3.853250e+05
9.277400e+01	3.835250e+05
9.282400e+01	3.830090e+05
9.287400e+01	3.816850e+05
9.292400e+01	3.813850e+05
9.297500e+01	3.804170e+05
9.302400e+01	3.804310e+05
9.307400e+01	3.797870e+05
9.312400e+01	3.792070e+05
9.317400e+01	3.789480e+05
9.322400e+01	3.792320e+05
9.327500e+01	3.790550e+05
9.332500e+01	3.783760e+05
9.337500e+01	3.779020e+05
9.342500e+01	3.780220e+05
9.347500e+01	3.766190e+05
9.352500e+01	3.777170e+05
9.357600e+01	3.791710e+05
9.362600e+01	3.847340e+05
9.367600e+01	3.835750e+05
9.372600e+01	3.829050e+05
9.377600e+01	3.813270e+05
9.382600e+01	3.815140e+05
9.387600e+01	3.802640e+05
9.392600e+01	3.792210e+05
9.397700e+01	3.788620e+05
9.402700e+01	3.783530e+05
9.407700e+01	3.782910e+05
9.412700e+01	3.778220e+05
9.417700e+01	3.777520e+05
9.422700e+01	3.770130e+05
9.427700e+01	3.767920e+05
9.432700e+01	3.769360e+05
9.437700e+01	3.761460e+05
9.442700e+01	3.768420e+05
9.447700e+01	3.760920e+05
9.452700e+01	3.763220e+05
9.457800e+01	3.772420e+05
9.462800e+01	3.833710e+05
9.467800e+01	3.822040e+05
9.472800e+01	3.807980e+05
9.477800e+01	3.795430e+05
9.482800e+01	3.790560e+05
9.487800e+01	3.780110e+05
9.492800e+01	3.784600e+05
9.497800e+01	3.767500e+05
9.502800e+01	3.770770e+05
9.507900e+01	3.758830e+05
9.512800e+01	3.762740e+05
9.517900e+01	3.754440e+05
9.522800e+01	3.755060e+05
9.527900e+01	3.758150e+05
9.532900e+01	3.740670e+05
9.537900e+01	3.748380e+05
9.542900e+01	3.742860e+05
9.547900e+01	3.758200e+05
9.552900e+01	3.744460e+05
9.558000e+01	3.768060e+05
9.562900e+01	3.813850e+05
9.568000e+01	3.804510e+05
9.573000e+01	3.796210e+05
9.578000e+01	3.787560e+05
9.583000e+01	3.776330e+05
9.587900e+01	3.766530e+05
9.593000e+01	3.745600e+05
9.598000e+01	3.757850e+05
9.603000e+01	3.755330e+05
9.608100e+01	3.744430e+05
9.613100e+01	3.745060e+05
9.618100e+01	3.745580e+05
9.623100e+01	3.747020e+05
9.628100e+01	3.736300e+05
9.633000e+01	3.745380e+05
9.638000e+01	3.736250e+05
9.643100e+01	3.734530e+05
9.648100e+01	3.724870e+05
9.653100e+01	3.723510e+05
9.658200e+01	3.751490e+05
9.663100e+01	3.812200e+05
9.668100e+01	3.788960e+05
9.673100e+01	3.774090e+05
9.678200e+01	3.757110e+05
9.683100e+01	3.752080e+05
9.688200e+01	3.758340e+05
9.693200e+01	3.736820e+05
9.698200e+01	3.747950e+05
9.703200e+01	3.717470e+05
9.708300e+01	3.731480e+05
9.713300e+01	3.721000e+05
9.718200e+01	3.733540e+05
9.723300e+01	3.720820e+05
9.728200e+01	3.719950e+05
9.733300e+01	3.709040e+05
9.738300e+01	3.714990e+05
9.743300e+01	3.715300e+05
9.748300e+01	3.718150e+05
9.753300e+01	3.705520e+05
9.758300e+01	3.736930e+05
9.763400e+01	3.770110e+05
9.768400e+01	3.769060e+05
9.773400e+01	3.758990e+05
9.778400e+01	3.739690e+05
9.783400e+01	3.739170e+05
9.788300e+01	3.724740e+05
9.793400e+01	3.720450e+05
9.798500e+01	3.711140e+05
9.803400e+01	3.719460e+05
9.808400e+01	3.713680e+05
9.813400e+01	3.707450e+05
9.818400e+01	3.692950e+05
9.823400e+01	3.695110e+05
9.828400e+01	3.695330e+05
9.833400e+01	3.699620e+05
9.838400e+01	3.693870e+05
9.843500e+01	3.685920e+05
9.848500e+01	3.691920e+05
9.853500e+01	3.686050e+05
9.858500e+01	3.726120e+05
9.863500e+01	3.757630e+05
9.868500e+01	3.751380e+05
9.873500e+01	3.734520e+05
9.878500e+01	3.725670e+05
9.883500e+01	3.717670e+05
9.888500e+01	3.709240e+05
9.893500e+01	3.697150e+05
9.898500e+01	3.700860e+05
9.903500e+01	3.694510e+05
9.908600e+01	3.691850e+05
9.913600e+01	3.690670e+05
9.918600e+01	3.678930e+05
9.923600e+01	3.684870e+05
9.928600e+01	3.677880e+05
9.933600e+01	3.686060e+05
9.938700e+01	3.676340e+05
9.943600e+01	3.685340e+05
9.948700e+01	3.668780e+05
9.953700e+01	3.667490e+05
9.958700e+01	3.697520e+05
9.963700e+01	3.744440e+05
9.968700e+01	3.735810e+05
9.973700e+01	3.718610e+05
9.978700e+01	3.708020e+05
9.983700e+01	3.691330e+05
9.988800e+01	3.700190e+05
9.993700e+01	3.683910e+05
9.998700e+01	3.691650e+05
1.000380e+02	3.675390e+05
1.000880e+02	3.675290e+05
1.001380e+02	3.659970e+05
1.001880e+02	3.672430e+05
1.002380e+02	3.668860e+05
1.002880e+02	3.674990e+05
1.003380e+02	3.663010e+05
1.003880e+02	3.660450e+05
1.004390e+02	3.650260e+05
1.004890e+02	3.662490e+05
1.005390e+02	3.650130e+05
1.005880e+02	3.691090e+05
1.006380e+02	3.714070e+05
1.006890e+02	3.707540e+05
1.007390e+02	3.692900e+05
1.007890e+02	3.694620e+05
1.008390e+02	3.712210e+05
1.008890e+02	3.683310e+05
1.009390e+02	3.671330e+05
1.009890e+02	3.661260e+05
1.010400e+02	3.669790e+05
1.010890e+02	3.664800e+05
1.011400e+02	3.658420e+05
1.011900e+02	3.638840e+05
1.012400e+02	3.647200e+05
1.012900e+02	3.636100e+05
1.013390e+02	3.648500e+05
1.013900e+02	3.640830e+05
1.014400e+02	3.642020e+05
1.014910e+02	3.642580e+05
1.015400e+02	3.632730e+05
1.015900e+02	3.675830e+05
1.016410e+02	3.711310e+05
1.016920e+02	3.702300e+05
1.017400e+02	3.686630e+05
1.017900e+02	3.670160e+05
1.018410e+02	3.662090e+05
1.018910e+02	3.659020e+05
1.019410e+02	3.651800e+05
1.019910e+02	3.652330e+05
1.020410e+02	3.642240e+05
1.020910e+02	3.645750e+05
1.021410e+02	3.633400e+05
1.021920e+02	3.643090e+05
1.022420e+02	3.634700e+05
1.022920e+02	3.632610e+05
1.023420e+02	3.625580e+05
1.023930e+02	3.620290e+05
1.024420e+02	3.628090e+05
1.024920e+02	3.626060e+05
1.025420e+02	3.631620e+05
1.025920e+02	3.654190e+05
1.026420e+02	3.697430e+05
1.026930e+02	3.678880e+05
1.027430e+02	3.668740e+05
1.027930e+02	3.657900e+05
1.028430e+02	3.648340e+05
1.028930e+02	3.640360e+05
1.029430e+02	3.637890e+05
1.029930e+02	3.623020e+05
1.030430e+02	3.631170e+05
1.030930e+02	3.624270e+05
1.031440e+02	3.626660e+05
1.031940e+02	3.609990e+05
1.032430e+02	3.615280e+05
1.032940e+02	3.617260e+05
1.033440e+02	3.616890e+05
1.033930e+02	3.609940e+05
1.034440e+02	3.609740e+05
1.034940e+02	3.616670e+05
1.035440e+02	3.614600e+05
1.035940e+02	3.650760e+05
1.036440e+02	3.672840e+05
1.036950e+02	3.668450e+05
1.037450e+02	3.641740e+05
1.037950e+02	3.644940e+05
1.038440e+02	3.624560e+05
1.038950e+02	3.641230e+05
1.039440e+02	3.619650e+05
1.039950e+02	3.608720e+05
1.040450e+02	3.617970e+05
1.040960e+02	3.603720e+05
1.041460e+02	3.618540e+05
1.041950e+02	3.605220e+05
1.042460e+02	3.591150e+05
1.042960e+02	3.597470e+05
1.043460e+02	3.596840e+05
1.043950e+02	3.602350e+05
1.044460e+02	3.593200e+05
1.044960e+02	3.595490e+05
1.045470e+02	3.595400e+05
1.045970e+02	3.633680e+05
1.046460e+02	3.665620e+05
1.046970e+02	3.652050e+05
1.047470e+02	3.636390e+05
1.047960e+02	3.628970e+05
1.048460e+02	3.619270e+05
1.048960e+02	3.607480e+05
1.049470e+02	3.603880e+05
1.049970e+02	3.600060e+05
1.050470e+02	3.601040e+05
1.050980e+02	3.596610e+05
1.051470e+02	3.583850e+05
1.051980e+02	3.588310e+05
1.052470e+02	3.589320e+05
1.052980e+02	3.592410e+05
1.053470e+02	3.586260e+05
1.053980e+02	3.575260e+05
1.054470e+02	3.575400e+05
1.054980e+02	3.579730e+05
1.055470e+02	3.575060e+05
1.055990e+02	3.631780e+05
1.056480e+02	3.641170e+05
1.056980e+02	3.629920e+05
1.057480e+02	3.611050e+05
1.057990e+02	3.610860e+05
1.058480e+02	3.604190e+05
1.058990e+02	3.598310e+05
1.059490e+02	3.595800e+05
1.059980e+02	3.581660e+05
1.060490e+02	3.587360e+05
1.060990e+02	3.583910e+05
1.061490e+02	3.622080e+05
1.061990e+02	3.581330e+05
1.062490e+02	3.579260e+05
1.062990e+02	3.576170e+05
1.063490e+02	3.577710e+05
1.063990e+02	3.560120e+05
1.064500e+02	3.576870e+05
1.064990e+02	3.555710e+05
1.065500e+02	3.571510e+05
1.066000e+02	3.617200e+05
1.066500e+02	3.641860e+05
1.067000e+02	3.622910e+05
1.067500e+02	3.604550e+05
1.068000e+02	3.600210e+05
1.068500e+02	3.585090e+05
1.069000e+02	3.589620e+05
1.069500e+02	3.576400e+05
1.070010e+02	3.576850e+05
1.070510e+02	3.574710e+05
1.071010e+02	3.561140e+05
1.071510e+02	3.567710e+05
1.072010e+02	3.569170e+05
1.072510e+02	3.559170e+05
1.073010e+02	3.566160e+05
1.073510e+02	3.545380e+05
1.074010e+02	3.570380e+05
1.074520e+02	3.552930e+05
1.075020e+02	3.569650e+05
1.075520e+02	3.557020e+05
1.076020e+02	3.614780e+05
1.076520e+02	3.623490e+05
1.077020e+02	3.613170e+05
1.077520e+02	3.595400e+05
1.078030e+02	3.585440e+05
1.078530e+02	3.584590e+05
1.079020e+02	3.572410e+05
1.079520e+02	3.572920e+05
1.080020e+02	3.568710e+05
1.080530e+02	3.575410e+05
1.081030e+02	3.552730e+05
1.081530e+02	3.564520e+05
1.082030e+02	3.549140e+05
1.082530e+02	3.555710e+05
1.083040e+02	3.543760e+05
1.083530e+02	3.558270e+05
1.084030e+02	3.547810e+05
1.084530e+02	3.545610e+05
1.085030e+02	3.550380e+05
1.085530e+02	3.537630e+05
1.086040e+02	3.606630e+05
1.086540e+02	3.623270e+05
1.087040e+02	3.607360e+05
1.087540e+02	3.593130e+05
1.088030e+02	3.580930e+05
1.088540e+02	3.562890e+05
1.089040e+02	3.572470e+05
1.089540e+02	3.560370e+05
1.090050e+02	3.556010e+05
1.090540e+02	3.547740e+05
1.091050e+02	3.553900e+05
1.091550e+02	3.537730e+05
1.092050e+02	3.543110e+05
1.092550e+02	3.537590e+05
1.093050e+02	3.547010e+05
1.093550e+02	3.536690e+05
1.094050e+02	3.535860e+05
1.094560e+02	3.539610e+05
1.095050e+02	3.531470e+05
1.095550e+02	3.537590e+05
1.096050e+02	3.592710e+05
1.096560e+02	3.596440e+05
1.097060e+02	3.595580e+05
1.097560e+02	3.583980e+05
1.098060e+02	3.574250e+05
1.098560e+02	3.563960e+05
1.099060e+02	3.559090e+05
1.099560e+02	3.560470e+05
1.100060e+02	3.548070e+05
1.100570e+02	3.552160e+05
1.101070e+02	3.546300e+05
1.101560e+02	3.531800e+05
1.102070e+02	3.537290e+05
1.102560e+02	3.525420e+05
1.103060e+02	3.545300e+05
1.103560e+02	3.528950e+05
1.104070e+02	3.532540e+05
1.104580e+02	3.518080e+05
1.105080e+02	3.532200e+05
1.105570e+02	3.527410e+05
1.106070e+02	3.593210e+05
1.106570e+02	3.613210e+05
1.107070e+02	3.582230e+05
1.107570e+02	3.583470e+05
1.108070e+02	3.562970e+05
1.108570e+02	3.559840e+05
1.109080e+02	3.554500e+05
1.109590e+02	3.552590e+05
1.110080e+02	3.537780e+05
1.110590e+02	3.548520e+05
1.111090e+02	3.531790e+05
1.111590e+02	3.541890e+05
1.112090e+02	3.526640e+05
1.112580e+02	3.532020e+05
1.113090e+02	3.520220e+05
1.113590e+02	3.526960e+05
1.114090e+02	3.552660e+05
1.114590e+02	3.517040e+05
1.115090e+02	3.527760e+05
1.115590e+02	3.524750e+05
1.116090e+02	3.576910e+05
1.116600e+02	3.594540e+05
1.117100e+02	3.583190e+05
1.117590e+02	3.580490e+05
1.118100e+02	3.556840e+05
1.118600e+02	3.559150e+05
1.119100e+02	3.558160e+05
1.119590e+02	3.544830e+05
1.120100e+02	3.546040e+05
1.120600e+02	3.529050e+05
1.121100e+02	3.534150e+05
1.121600e+02	3.524850e+05
1.122100e+02	3.526980e+05
1.122600e+02	3.533400e+05
1.123100e+02	3.520430e+05
1.123610e+02	3.526430e+05
1.124110e+02	3.515020e+05
1.124610e+02	3.527240e+05
1.125110e+02	3.524110e+05
1.125610e+02	3.529430e+05
1.126110e+02	3.585790e+05
1.126610e+02	3.590290e+05
1.127120e+02	3.575180e+05
1.127610e+02	3.579600e+05
1.128120e+02	3.564680e+05
1.128620e+02	3.562920e+05
1.129120e+02	3.549230e+05
1.129620e+02	3.540690e+05
1.130120e+02	3.541050e+05
1.130620e+02	3.534470e+05
1.131120e+02	3.545030e+05
1.131620e+02	3.530550e+05
1.132130e+02	3.521760e+05
1.132620e+02	3.518910e+05
1.133120e+02	3.522670e+05
1.133630e+02	3.525720e+05
1.134120e+02	3.529810e+05
1.134630e+02	3.523390e+05
1.135130e+02	3.521120e+05
1.135630e+02	3.520810e+05
1.136120e+02	3.596910e+05
1.136630e+02	3.595540e+05
1.137140e+02	3.585620e+05
1.137630e+02	3.570040e+05
1.138140e+02	3.552840e+05
1.138630e+02	3.549340e+05
1.139130e+02	3.556430e+05
1.139640e+02	3.544430e+05
1.140140e+02	3.544400e+05
1.140640e+02	3.537770e+05
1.141140e+02	3.533830e+05
1.141640e+02	3.534390e+05
1.142140e+02	3.527570e+05
1.142640e+02	3.539930e+05
1.143140e+02	3.519470e+05
1.143640e+02	3.530260e+05
1.144140e+02	3.508180e+05
1.144650e+02	3.524070e+05
1.145140e+02	3.514040e+05
1.145650e+02	3.533870e+05
1.146150e+02	3.589530e+05
1.146650e+02	3.583500e+05
1.147150e+02	3.576890e+05
1.147660e+02	3.570700e+05
1.148160e+02	3.559050e+05
1.148650e+02	3.561780e+05
1.149160e+02	3.542580e+05
1.149660e+02	3.539780e+05
1.150150e+02	3.533670e+05
1.150660e+02	3.537750e+05
1.151160e+02	3.545380e+05
1.151650e+02	3.525850e+05
1.152170e+02	3.540000e+05
1.152660e+02	3.521140e+05
1.153170e+02	3.531010e+05
1.153670e+02	3.528480e+05
1.154170e+02	3.528810e+05
1.154660e+02	3.517640e+05
1.155170e+02	3.528320e+05
1.155670e+02	3.538990e+05
1.156170e+02	3.598810e+05
1.156670e+02	3.600610e+05
1.157170e+02	3.591900e+05
1.157670e+02	3.567510e+05
1.158170e+02	3.572030e+05
1.158670e+02	3.558550e+05
1.159170e+02	3.556410e+05
1.159680e+02	3.555190e+05
1.160180e+02	3.538430e+05
1.160680e+02	3.551750e+05
1.161180e+02	3.532080e+05
1.161670e+02	3.549830e+05
1.162180e+02	3.522910e+05
1.162680e+02	3.542160e+05
1.163180e+02	3.525710e+05
1.163690e+02	3.534490e+05
1.164180e+02	3.520110e+05
1.164690e+02	3.533940e+05
1.165190e+02	3.534460e+05
1.165680e+02	3.546540e+05
1.166190e+02	3.601070e+05
1.166690e+02	3.614940e+05
1.167190e+02	3.594320e+05
1.167690e+02	3.589190e+05
1.168190e+02	3.569900e+05
1.168690e+02	3.572560e+05
1.169190e+02	3.565640e+05
1.169690e+02	3.557080e+05
1.170190e+02	3.566350e+05
1.170690e+02	3.543960e+05
1.171190e+02	3.562430e+05
1.171700e+02	3.548370e+05
1.172200e+02	3.553230e+05
1.172700e+02	3.541860e+05
1.173200e+02	3.543340e+05
1.173700e+02	3.540970e+05
1.174200e+02	3.539000e+05
1.174710e+02	3.536160e+05
1.175210e+02	3.543820e+05
1.175700e+02	3.547640e+05
1.176200e+02	3.628610e+05
1.176700e+02	3.615850e+05
1.177210e+02	3.605130e+05
1.177710e+02	3.595800e+05
1.178210e+02	3.578340e+05
1.178710e+02	3.593430e+05
1.179210e+02	3.580670e+05
1.179710e+02	3.580750e+05
1.180220e+02	3.559900e+05
1.180710e+02	3.556940e+05
1.181210e+02	3.565950e+05
1.181720e+02	3.554180e+05
1.182220e+02	3.568400e+05
1.182720e+02	3.558970e+05
1.183220e+02	3.549680e+05
1.183720e+02	3.557090e+05
1.184220e+02	3.546500e+05
1.184720e+02	3.552320e+05
1.185220e+02	3.562910e+05
1.185730e+02	3.568850e+05
1.186230e+02	3.633240e+05
1.186720e+02	3.610810e+05
1.187230e+02	3.628800e+05
1.187730e+02	3.601430e+05
1.188230e+02	3.615640e+05
1.188720e+02	3.588630e+05
1.189230e+02	3.598030e+05
1.189730e+02	3.582000e+05
1.190230e+02	3.578540e+05
1.190730e+02	3.581960e+05
1.191230e+02	3.569580e+05
1.191730e+02	3.575480e+05
1.192240e+02	3.560120e+05
1.192740e+02	3.569120e+05
1.193240e+02	3.569240e+05
1.193740e+02	3.571920e+05
1.194240e+02	3.560730e+05
1.194740e+02	3.568900e+05
1.195240e+02	3.555470e+05
1.195740e+02	3.597830e+05
1.196250e+02	3.644200e+05
1.196740e+02	3.656960e+05
1.197250e+02	3.633330e+05
1.197740e+02	3.621480e+05
1.198250e+02	3.609260e+05
1.198740e+02	3.612360e+05
1.199250e+02	3.607260e+05
1.199750e+02	3.601170e+05
1.200250e+02	3.595680e+05
1.200750e+02	3.586240e+05
1.201260e+02	3.589540e+05
1.201750e+02	3.590330e+05
1.202250e+02	3.593820e+05
1.202760e+02	3.581680e+05
1.203250e+02	3.584680e+05
1.203760e+02	3.576990e+05
1.204260e+02	3.578310e+05
1.204760e+02	3.584860e+05
1.205260e+02	3.585400e+05
1.205760e+02	3.613340e+05
1.206260e+02	3.675260e+05
1.206760e+02	3.656800e+05
1.207260e+02	3.668670e+05
1.207770e+02	3.639740e+05
1.208260e+02	3.631890e+05
1.208770e+02	3.629050e+05
1.209270e+02	3.620250e+05
1.209770e+02	3.624270e+05
1.210270e+02	3.604080e+05
1.210770e+02	3.619370e+05
1.211270e+02	3.613640e+05
1.211770e+02	3.612610e+05
1.212270e+02	3.608230e+05
1.212780e+02	3.604240e+05
1.213280e+02	3.604550e+05
1.213770e+02	3.611170e+05
1.214280e+02	3.593880e+05
1.214770e+02	3.601440e+05
1.215280e+02	3.594070e+05
1.215780e+02	3.635630e+05
1.216280e+02	3.688340e+05
1.216780e+02	3.684430e+05
1.217280e+02	3.674560e+05
1.217790e+02	3.653790e+05
1.218280e+02	3.656030e+05
1.218780e+02	3.642330e+05
1.219280e+02	3.645300e+05
1.219790e+02	3.636880e+05
1.220280e+02	3.628320e+05
1.220790e+02	3.628940e+05
1.221290e+02	3.632220e+05
1.221800e+02	3.621210e+05
1.222290e+02	3.629090e+05
1.222790e+02	3.609580e+05
1.223290e+02	3.623070e+05
1.223790e+02	3.613190e+05
1.224300e+02	3.619990e+05
1.224800e+02	3.617550e+05
1.225300e+02	3.613420e+05
1.225790e+02	3.650700e+05
1.226300e+02	3.715460e+05
1.226800e+02	3.708280e+05
1.227300e+02	3.693250e+05
1.227800e+02	3.681450e+05
1.228310e+02	3.672370e+05
1.228810e+02	3.658940e+05
1.229320e+02	3.664880e+05
1.229810e+02	3.657160e+05
1.230310e+02	3.655320e+05
1.230810e+02	3.653010e+05
1.231310e+02	3.640850e+05
1.231810e+02	3.645290e+05
1.232310e+02	3.638710e+05
1.232810e+02	3.643470e+05
1.233320e+02	3.643110e+05
1.233820e+02	3.631620e+05
1.234320e+02	3.637100e+05
1.234810e+02	3.623130e+05
1.235310e+02	3.635860e+05
1.235820e+02	3.659320e+05
1.236310e+02	3.734040e+05
1.236820e+02	3.715660e+05
1.237320e+02	3.707480e+05
1.237820e+02	3.699780e+05
1.238320e+02	3.689160e+05
1.238820e+02	3.687540e+05
1.239320e+02	3.691150e+05
1.239820e+02	3.664200e+05
1.240320e+02	3.670610e+05
1.240820e+02	3.657460e+05
1.241320e+02	3.671120e+05
1.241830e+02	3.657080e+05
1.242330e+02	3.657610e+05
1.242830e+02	3.658430e+05
1.243320e+02	3.653650e+05
1.243830e+02	3.664770e+05
1.244330e+02	3.646180e+05
1.244840e+02	3.661350e+05
1.245340e+02	3.652610e+05
1.245830e+02	3.683840e+05
1.246330e+02	3.741810e+05
1.246840e+02	3.737700e+05
1.247340e+02	3.730620e+05
1.247840e+02	3.719930e+05
1.248340e+02	3.711360e+05
1.248840e+02	3.704190e+05
1.249340e+02	3.695340e+05
1.249840e+02	3.698040e+05
1.250340e+02	3.693840e+05
1.250850e+02	3.690370e+05
1.251350e+02	3.678660e+05
1.251850e+02	3.676990e+05
1.252350e+02	3.682640e+05
1.252850e+02	3.670470e+05
1.253350e+02	3.689730e+05
1.253850e+02	3.666440e+05
1.254350e+02	3.679040e+05
1.254850e+02	3.671810e+05
1.255360e+02	3.683030e+05
1.255860e+02	3.718670e+05
1.256360e+02	3.772300e+05
1.256850e+02	3.761830e+05
1.257360e+02	3.752370e+05
1.257860e+02	3.737820e+05
1.258360e+02	3.724520e+05
1.258860e+02	3.723700e+05
1.259360e+02	3.718490e+05
1.259860e+02	3.721300e+05
1.260360e+02	3.706040e+05
1.260860e+02	3.712410e+05
1.261370e+02	3.709110e+05
1.261870e+02	3.712970e+05
1.262360e+02	3.699410e+05
1.262870e+02	3.704760e+05
1.263370e+02	3.698200e+05
1.263870e+02	3.701310e+05
1.264370e+02	3.692000e+05
1.264870e+02	3.700530e+05
1.265380e+02	3.697590e+05
1.265880e+02	3.740620e+05
1.266370e+02	3.790610e+05
1.266880e+02	3.783490e+05
1.267370e+02	3.772720e+05
1.267880e+02	3.765210e+05
1.268380e+02	3.758540e+05
1.268870e+02	3.745940e+05
1.269380e+02	3.750170e+05
1.269880e+02	3.736430e+05
1.270380e+02	3.733100e+05
1.270880e+02	3.732030e+05
1.271390e+02	3.723620e+05
1.271890e+02	3.727740e+05
1.272390e+02	3.718720e+05
1.272880e+02	3.726660e+05
1.273390e+02	3.725990e+05
1.273880e+02	3.718400e+05
1.274390e+02	3.714370e+05
1.274890e+02	3.719590e+05
1.275390e+02	3.726640e+05
1.275890e+02	3.760490e+05
1.276390e+02	3.816690e+05
1.276890e+02	3.800120e+05
1.277390e+02	3.786190e+05
1.277890e+02	3.815210e+05
1.278390e+02	3.777260e+05
1.278890e+02	3.774300e+05
1.279400e+02	3.768920e+05
1.279900e+02	3.745400e+05
1.280400e+02	3.753800e+05
1.280910e+02	3.738480e+05
1.281400e+02	3.753110e+05
1.281900e+02	3.744440e+05
1.282400e+02	3.732740e+05
1.282910e+02	3.745530e+05
1.283410e+02	3.735970e+05
1.283910e+02	3.736530e+05
1.284410e+02	3.740720e+05
1.284910e+02	3.733610e+05
1.285410e+02	3.730960e+05
1.285910e+02	3.780330e+05
1.286410e+02	3.828760e+05
1.286920e+02	3.814910e+05
1.287420e+02	3.810290e+05
1.287920e+02	3.803270e+05
1.288410e+02	3.783080e+05
1.288920e+02	3.784600e+05
1.289420e+02	3.774570e+05
1.289920e+02	3.774380e+05
1.290410e+02	3.773800e+05
1.290920e+02	3.758970e+05
1.291420e+02	3.765910e+05
1.291930e+02	3.760690e+05
1.292430e+02	3.769480e+05
1.292930e+02	3.760690e+05
1.293430e+02	3.763150e+05
1.293930e+02	3.752800e+05
1.294420e+02	3.748930e+05
1.294930e+02	3.752790e+05
1.295430e+02	3.753800e+05
1.295930e+02	3.820810e+05
1.296430e+02	3.849420e+05
1.296930e+02	3.829130e+05
1.297430e+02	3.824410e+05
1.297930e+02	3.819410e+05
1.298430e+02	3.805400e+05
1.298940e+02	3.806350e+05
1.299430e+02	3.791780e+05
1.299930e+02	3.792950e+05
1.300440e+02	3.776650e+05
1.300940e+02	3.791810e+05
1.301440e+02	3.775890e+05
1.301950e+02	3.787660e+05
1.302440e+02	3.774430e+05
1.302940e+02	3.769480e+05
1.303440e+02	3.776130e+05
1.303940e+02	3.773870e+05
1.304440e+02	3.779180e+05
1.304940e+02	3.774090e+05
1.305450e+02	3.763930e+05
1.305950e+02	3.824230e+05
1.306450e+02	3.855600e+05
1.306950e+02	3.857830e+05
1.307450e+02	3.845620e+05
1.307950e+02	3.828960e+05
1.308450e+02	3.817750e+05
1.308950e+02	3.808470e+05
1.309450e+02	3.812540e+05
1.309960e+02	3.808130e+05
1.310450e+02	3.804460e+05
1.310960e+02	3.794290e+05
1.311460e+02	3.792670e+05
1.311960e+02	3.787670e+05
1.312460e+02	3.783840e+05
1.312960e+02	3.795830e+05
1.313460e+02	3.783570e+05
1.313960e+02	3.790840e+05
1.314460e+02	3.779880e+05
1.314970e+02	3.777570e+05
1.315470e+02	3.790330e+05
1.315970e+02	3.848390e+05
1.316460e+02	3.875820e+05
1.316970e+02	3.858160e+05
1.317460e+02	3.847630e+05
1.317970e+02	3.837890e+05
1.318470e+02	3.830120e+05
1.318970e+02	3.829840e+05
1.319470e+02	3.826340e+05
1.319970e+02	3.811060e+05
1.320470e+02	3.802280e+05
1.320980e+02	3.814620e+05
1.321480e+02	3.818510e+05
1.321980e+02	3.807920e+05
1.322480e+02	3.801560e+05
1.322990e+02	3.795910e+05
1.323470e+02	3.804210e+05
1.323990e+02	3.802050e+05
1.324480e+02	3.791000e+05
1.324990e+02	3.794570e+05
1.325480e+02	3.791930e+05
1.325980e+02	3.855650e+05
1.326490e+02	3.889240e+05
1.326990e+02	3.877150e+05
1.327480e+02	3.862120e+05
1.327990e+02	3.857690e+05
1.328480e+02	3.841870e+05
1.328990e+02	3.835870e+05
1.329490e+02	3.832970e+05
1.329990e+02	3.834240e+05
1.330490e+02	3.818130e+05
1.331000e+02	3.816180e+05
1.331490e+02	3.809330e+05
1.332000e+02	3.821580e+05
1.332500e+02	3.803200e+05
1.333000e+02	3.811040e+05
1.333500e+02	3.805120e+05
1.334000e+02	3.809370e+05
1.334500e+02	3.801790e+05
1.335010e+02	3.804940e+05
1.335500e+02	3.815130e+05
1.336000e+02	3.871140e+05
1.336500e+02	3.899380e+05
1.337010e+02	3.873410e+05
1.337510e+02	3.876520e+05
1.338010e+02	3.864460e+05
1.338510e+02	3.859280e+05
1.339010e+02	3.847800e+05
1.339510e+02	3.849060e+05
1.340010e+02	3.835550e+05
1.340510e+02	3.840180e+05
1.341010e+02	3.826420e+05
1.341510e+02	3.828110e+05
1.342020e+02	3.825810e+05
1.342510e+02	3.822380e+05
1.343010e+02	3.817260e+05
1.343520e+02	3.822110e+05
1.344020e+02	3.824770e+05
1.344520e+02	3.819060e+05
1.345020e+02	3.817520e+05
1.345520e+02	3.812050e+05
1.346020e+02	3.886430e+05
1.346520e+02	3.903260e+05
1.347030e+02	3.893680e+05
1.347530e+02	3.879660e+05
1.348020e+02	3.865320e+05
1.348530e+02	3.856220e+05
1.349030e+02	3.850600e+05
1.349530e+02	3.848220e+05
1.350030e+02	3.848560e+05
1.350530e+02	3.835770e+05
1.351030e+02	3.840170e+05
1.351530e+02	3.833730e+05
1.352040e+02	3.832620e+05
1.352530e+02	3.828500e+05
1.353040e+02	3.825160e+05
1.353540e+02	3.828230e+05
1.354040e+02	3.816800e+05
1.354540e+02	3.825390e+05
1.355040e+02	3.814050e+05
1.355540e+02	3.828380e+05
1.356040e+02	3.891090e+05
1.356540e+02	3.916630e+05
1.357050e+02	3.900920e+05
1.357540e+02	3.890920e+05
1.358040e+02	3.880640e+05
1.358550e+02	3.874740e+05
1.359050e+02	3.863290e+05
1.359550e+02	3.862560e+05
1.360060e+02	3.855570e+05
1.360550e+02	3.854120e+05
1.361050e+02	3.852300e+05
1.361550e+02	3.839940e+05
1.362060e+02	3.848100e+05
1.362550e+02	3.830760e+05
1.363060e+02	3.837810e+05
1.363560e+02	3.831840e+05
1.364050e+02	3.845180e+05
1.364560e+02	3.828080e+05
1.365060e+02	3.829580e+05
1.365560e+02	3.826860e+05
1.366070e+02	3.902050e+05
1.366560e+02	3.920430e+05
1.367060e+02	3.912260e+05
1.367560e+02	3.902290e+05
1.368060e+02	3.887650e+05
1.368570e+02	3.878660e+05
1.369070e+02	3.872670e+05
1.369570e+02	3.870610e+05
1.370070e+02	3.866350e+05
1.370570e+02	3.868170e+05
1.371080e+02	3.852720e+05
1.371570e+02	3.852450e+05
1.372080e+02	3.848100e+05
1.372570e+02	3.856090e+05
1.373080e+02	3.843290e+05
1.373570e+02	3.846400e+05
1.374070e+02	3.839600e+05
1.374580e+02	3.847480e+05
1.375080e+02	3.831060e+05
1.375570e+02	3.845910e+05
1.376080e+02	3.921660e+05
1.376580e+02	3.927650e+05
1.377080e+02	3.911210e+05
1.377590e+02	3.895340e+05
1.378080e+02	3.896760e+05
1.378580e+02	3.887490e+05
1.379090e+02	3.886210e+05
1.379580e+02	3.870290e+05
1.380100e+02	3.873480e+05
1.380590e+02	3.865680e+05
1.381090e+02	3.862640e+05
1.381590e+02	3.867600e+05
1.382090e+02	3.853400e+05
1.382590e+02	3.859100e+05
1.383090e+02	3.855090e+05
1.383590e+02	3.851060e+05
1.384090e+02	3.851710e+05
1.384590e+02	3.845240e+05
1.385100e+02	3.847700e+05
1.385600e+02	3.849810e+05
1.386100e+02	3.957730e+05
1.386600e+02	3.956770e+05
1.387100e+02	3.930390e+05
1.387600e+02	3.910280e+05
1.388110e+02	3.901880e+05
1.388600e+02	3.884980e+05
1.389110e+02	3.885830e+05
1.389610e+02	3.872630e+05
1.390110e+02	3.873880e+05
1.390610e+02	3.870490e+05
1.391110e+02	3.867910e+05
1.391610e+02	3.863800e+05
1.392110e+02	3.864130e+05
1.392610e+02	3.863490e+05
1.393120e+02	3.858410e+05
1.393610e+02	3.853360e+05
1.394110e+02	3.856120e+05
1.394620e+02	3.855400e+05
1.395120e+02	3.853060e+05
1.395610e+02	3.875070e+05
1.396120e+02	3.946930e+05
1.396620e+02	3.942490e+05
1.397120e+02	3.920470e+05
1.397620e+02	3.912090e+05
1.398120e+02	3.900850e+05
1.398620e+02	3.895370e+05
1.399130e+02	3.887190e+05
1.399620e+02	3.876380e+05
1.400120e+02	3.888950e+05
1.400630e+02	3.874510e+05
1.401130e+02	3.877550e+05
1.401620e+02	3.860800e+05
1.402130e+02	3.872920e+05
1.402630e+02	3.858990e+05
1.403130e+02	3.865210e+05
1.403630e+02	3.857920e+05
1.404130e+02	3.862080e+05
1.404630e+02	3.856850e+05
1.405140e+02	3.863640e+05
1.405630e+02	3.867880e+05
1.406140e+02	3.939810e+05
1.406640e+02	3.949440e+05
1.407130e+02	3.927140e+05
1.407640e+02	3.950670e+05
1.408140e+02	3.910160e+05
1.408640e+02	3.915280e+05
1.409140e+02	3.899250e+05
1.409650e+02	3.896770e+05
1.410150e+02	3.883730e+05
1.410640e+02	3.882910e+05
1.411150e+02	3.873510e+05
1.411650e+02	3.880010e+05
1.412150e+02	3.877620e+05
1.412650e+02	3.879350e+05
1.413150e+02	3.870330e+05
1.413650e+02	3.855010e+05
1.414150e+02	3.866890e+05
1.414650e+02	3.871730e+05
1.415150e+02	3.867560e+05
1.415650e+02	3.880850e+05
1.416160e+02	3.951730e+05
1.416660e+02	3.944280e+05
1.417160e+02	3.937650e+05
1.417660e+02	3.930160e+05
1.418170e+02	3.923170e+05
1.418660e+02	3.913010e+05
1.419160e+02	3.900670e+05
1.419660e+02	3.888700e+05
1.420160e+02	3.896320e+05
1.420660e+02	3.889150e+05
1.421160e+02	3.892910e+05
1.421660e+02	3.883650e+05
1.422160e+02	3.877380e+05
1.422670e+02	3.877700e+05
1.423170e+02	3.875500e+05
1.423660e+02	3.881300e+05
1.424170e+02	3.878610e+05
1.424670e+02	3.879790e+05
1.425170e+02	3.864690e+05
1.425680e+02	3.873740e+05
1.426170e+02	3.873090e+05
1.426670e+02	3.877030e+05
1.427180e+02	3.876160e+05
1.427680e+02	3.858850e+05
1.428180e+02	3.869870e+05
1.428670e+02	3.865200e+05
1.429190e+02	3.867450e+05
1.429670e+02	3.864420e+05
1.430170e+02	3.875370e+05
1.430680e+02	3.864090e+05
1.431180e+02	3.867890e+05
