0.000000e+00	3.156540e+05
5.100000e-02	3.159060e+05
1.000000e-01	3.154930e+05
1.500000e-01	3.156800e+05
2.010000e-01	3.148490e+05
2.510000e-01	3.156000e+05
3.010000e-01	3.154300e+05
3.510000e-01	3.158710e+05
4.010000e-01	3.160410e+05
4.510000e-01	3.163260e+05
5.010000e-01	3.153660e+05
5.520000e-01	3.156910e+05
6.020000e-01	3.157350e+05
6.510000e-01	3.164240e+05
7.010000e-01	3.158440e+05
7.510000e-01	3.156240e+05
8.020000e-01	3.155670e+05
8.510000e-01	3.162400e+05
9.030000e-01	3.157570e+05
9.530000e-01	3.153740e+05
1.003000e+00	3.162850e+05
1.052000e+00	3.156830e+05
1.102000e+00	3.156920e+05
1.152000e+00	3.153900e+05
1.202000e+00	3.160750e+05
1.254000e+00	3.157990e+05
1.302000e+00	3.164350e+05
1.352000e+00	3.156350e+05
1.403000e+00	3.162560e+05
1.453000e+00	3.157920e+05
1.503000e+00	3.164080e+05
1.554000e+00	3.161410e+05
1.604000e+00	3.159710e+05
1.653000e+00	3.157480e+05
1.703000e+00	3.161730e+05
1.754000e+00	3.157490e+05
1.804000e+00	3.170800e+05
1.854000e+00	3.170540e+05
1.904000e+00	3.158960e+05
1.953000e+00	3.157580e+05
2.004000e+00	3.158800e+05
2.054000e+00	3.162540e+05
2.104000e+00	3.161810e+05
2.154000e+00	3.171320e+05
2.205000e+00	3.159930e+05
2.254000e+00	3.170030e+05
2.304000e+00	3.170570e+05
2.355000e+00	3.166300e+05
2.404000e+00	3.168370e+05
2.455000e+00	3.168560e+05
2.505000e+00	3.166550e+05
2.555000e+00	3.164220e+05
2.605000e+00	3.166550e+05
2.655000e+00	3.171930e+05
2.705000e+00	3.167780e+05
2.755000e+00	3.167870e+05
2.806000e+00	3.171640e+05
2.855000e+00	3.163850e+05
2.905000e+00	3.170780e+05
2.955000e+00	3.164450e+05
3.005000e+00	3.166530e+05
3.056000e+00	3.161550e+05
3.106000e+00	3.163830e+05
3.156000e+00	3.168510e+05
3.206000e+00	3.172620e+05
3.256000e+00	3.165210e+05
3.306000e+00	3.170110e+05
3.356000e+00	3.163410e+05
3.406000e+00	3.166450e+05
3.456000e+00	3.167760e+05
3.506000e+00	3.169040e+05
3.557000e+00	3.164210e+05
3.607000e+00	3.156740e+05
3.656000e+00	3.169320e+05
3.706000e+00	3.157380e+05
3.757000e+00	3.165590e+05
3.807000e+00	3.170060e+05
3.858000e+00	3.165690e+05
3.908000e+00	3.158630e+05
3.958000e+00	3.171870e+05
4.008000e+00	3.172060e+05
4.058000e+00	3.171650e+05
4.108000e+00	3.163250e+05
4.158000e+00	3.166330e+05
4.208000e+00	3.164530e+05
4.258000e+00	3.171520e+05
4.308000e+00	3.168900e+05
4.358000e+00	3.160560e+05
4.408000e+00	3.169340e+05
4.458000e+00	3.164270e+05
4.508000e+00	3.166570e+05
4.558000e+00	3.162800e+05
4.608000e+00	3.175470e+05
4.659000e+00	3.169980e+05
4.709000e+00	3.172120e+05
4.759000e+00	3.157580e+05
4.809000e+00	3.173310e+05
4.860000e+00	3.169910e+05
4.909000e+00	3.167160e+05
4.960000e+00	3.167550e+05
5.009000e+00	3.172640e+05
5.059000e+00	3.166220e+05
5.109000e+00	3.169120e+05
5.160000e+00	3.171400e+05
5.210000e+00	3.170110e+05
5.260000e+00	3.173660e+05
5.310000e+00	3.162900e+05
5.360000e+00	3.171090e+05
5.410000e+00	3.165880e+05
5.460000e+00	3.178980e+05
5.511000e+00	3.165750e+05
5.560000e+00	3.168430e+05
5.610000e+00	3.162300e+05
5.660000e+00	3.174900e+05
5.710000e+00	3.167580e+05
5.761000e+00	3.169450e+05
5.811000e+00	3.232640e+05
5.861000e+00	3.265710e+05
5.912000e+00	3.248800e+05
5.961000e+00	3.234330e+05
6.011000e+00	3.230940e+05
6.062000e+00	3.221270e+05
6.112000e+00	3.222500e+05
6.162000e+00	3.208560e+05
6.211000e+00	3.214770e+05
6.261000e+00	3.206940e+05
6.312000e+00	3.208720e+05
6.362000e+00	3.201630e+05
6.412000e+00	3.207100e+05
6.462000e+00	3.201360e+05
6.512000e+00	3.200620e+05
6.562000e+00	3.200080e+05
6.612000e+00	3.199970e+05
6.662000e+00	3.197290e+05
6.712000e+00	3.198780e+05
6.763000e+00	3.197430e+05
6.812000e+00	3.268610e+05
6.863000e+00	3.297770e+05
6.913000e+00	3.283630e+05
6.963000e+00	3.278340e+05
7.013000e+00	3.262560e+05
7.063000e+00	3.258750e+05
7.113000e+00	3.250050e+05
7.163000e+00	3.248340e+05
7.213000e+00	3.247030e+05
7.263000e+00	3.245070e+05
7.314000e+00	3.241730e+05
7.364000e+00	3.240330e+05
7.414000e+00	3.242020e+05
7.464000e+00	3.241920e+05
7.514000e+00	3.236110e+05
7.565000e+00	3.231110e+05
7.614000e+00	3.240140e+05
7.664000e+00	3.235450e+05
7.715000e+00	3.234660e+05
7.765000e+00	3.228220e+05
7.814000e+00	3.306260e+05
7.864000e+00	3.326510e+05
7.915000e+00	3.319040e+05
7.965000e+00	3.309330e+05
8.015000e+00	3.303400e+05
8.065000e+00	3.297700e+05
8.115000e+00	3.284070e+05
8.165000e+00	3.277500e+05
8.216000e+00	3.277060e+05
8.266000e+00	3.281010e+05
8.316000e+00	3.269720e+05
8.366000e+00	3.268340e+05
8.416000e+00	3.260790e+05
8.466000e+00	3.270240e+05
8.516000e+00	3.272040e+05
8.566000e+00	3.272620e+05
8.616000e+00	3.267250e+05
8.667000e+00	3.273190e+05
8.716000e+00	3.264840e+05
8.767000e+00	3.264450e+05
8.817000e+00	3.336360e+05
8.866000e+00	3.363770e+05
8.917000e+00	3.347490e+05
8.966000e+00	3.333140e+05
9.017000e+00	3.333720e+05
9.068000e+00	3.328920e+05
9.117000e+00	3.319030e+05
9.167000e+00	3.315770e+05
9.217000e+00	3.312070e+05
9.267000e+00	3.304990e+05
9.317000e+00	3.307160e+05
9.367000e+00	3.298930e+05
9.418000e+00	3.303850e+05
9.468000e+00	3.302680e+05
9.518000e+00	3.291350e+05
9.568000e+00	3.286110e+05
9.618000e+00	3.295100e+05
9.669000e+00	3.295390e+05
9.718000e+00	3.295760e+05
9.768000e+00	3.294730e+05
9.818000e+00	3.367510e+05
9.868000e+00	3.383410e+05
9.918000e+00	3.372650e+05
9.968000e+00	3.365550e+05
1.001800e+01	3.360600e+05
1.006900e+01	3.353580e+05
1.011800e+01	3.347910e+05
1.016900e+01	3.371920e+05
1.021900e+01	3.349010e+05
1.027000e+01	3.348310e+05
1.031900e+01	3.337400e+05
1.036900e+01	3.326270e+05
1.042000e+01	3.323030e+05
1.046900e+01	3.321300e+05
1.052000e+01	3.322080e+05
1.057000e+01	3.319450e+05
1.062000e+01	3.323320e+05
1.067000e+01	3.317790e+05
1.072100e+01	3.312730e+05
1.077100e+01	3.316290e+05
1.082100e+01	3.389570e+05
1.087100e+01	3.409520e+05
1.092000e+01	3.390150e+05
1.097100e+01	3.385480e+05
1.102000e+01	3.366560e+05
1.107100e+01	3.368410e+05
1.112100e+01	3.364930e+05
1.117100e+01	3.358250e+05
1.122100e+01	3.353170e+05
1.127200e+01	3.349200e+05
1.132100e+01	3.347750e+05
1.137100e+01	3.341350e+05
1.142100e+01	3.352180e+05
1.147100e+01	3.341840e+05
1.152200e+01	3.341820e+05
1.157200e+01	3.336790e+05
1.162200e+01	3.336080e+05
1.167200e+01	3.336920e+05
1.172200e+01	3.338760e+05
1.177200e+01	3.333520e+05
1.182200e+01	3.408620e+05
1.187200e+01	3.418810e+05
1.192200e+01	3.399830e+05
1.197200e+01	3.389550e+05
1.202200e+01	3.383370e+05
1.207200e+01	3.380090e+05
1.212300e+01	3.366990e+05
1.217300e+01	3.371360e+05
1.222300e+01	3.364510e+05
1.227300e+01	3.362620e+05
1.232300e+01	3.354370e+05
1.237400e+01	3.357370e+05
1.242300e+01	3.352240e+05
1.247300e+01	3.351440e+05
1.252400e+01	3.346820e+05
1.257400e+01	3.342920e+05
1.262400e+01	3.351230e+05
1.267400e+01	3.344120e+05
1.272400e+01	3.344600e+05
1.277400e+01	3.341870e+05
1.282400e+01	3.410330e+05
1.287400e+01	3.415880e+05
1.292500e+01	3.405080e+05
1.297400e+01	3.393460e+05
1.302500e+01	3.396170e+05
1.307400e+01	3.382660e+05
1.312400e+01	3.381690e+05
1.317400e+01	3.369030e+05
1.322500e+01	3.372910e+05
1.327500e+01	3.364840e+05
1.332500e+01	3.363030e+05
1.337400e+01	3.356930e+05
1.342500e+01	3.360290e+05
1.347600e+01	3.353680e+05
1.352500e+01	3.344660e+05
1.357600e+01	3.353770e+05
1.362500e+01	3.346450e+05
1.367500e+01	3.357580e+05
1.372600e+01	3.346670e+05
1.377600e+01	3.354350e+05
1.382600e+01	3.406870e+05
1.387600e+01	3.425150e+05
1.392600e+01	3.408420e+05
1.397600e+01	3.403920e+05
1.402600e+01	3.387090e+05
1.407600e+01	3.390490e+05
1.412600e+01	3.367490e+05
1.417600e+01	3.376660e+05
1.422600e+01	3.366300e+05
1.427700e+01	3.373330e+05
1.432700e+01	3.353810e+05
1.437700e+01	3.352360e+05
1.442700e+01	3.358440e+05
1.447700e+01	3.352390e+05
1.452700e+01	3.359030e+05
1.457800e+01	3.352380e+05
1.462800e+01	3.353220e+05
1.467800e+01	3.343640e+05
1.472700e+01	3.353240e+05
1.477700e+01	3.348510e+05
1.482700e+01	3.420700e+05
1.487800e+01	3.417540e+05
1.492800e+01	3.405800e+05
1.497900e+01	3.386770e+05
1.502900e+01	3.388690e+05
1.507800e+01	3.374400e+05
1.512800e+01	3.376580e+05
1.517800e+01	3.366180e+05
1.522900e+01	3.362010e+05
1.527900e+01	3.355560e+05
1.532900e+01	3.351050e+05
1.537900e+01	3.353790e+05
1.542900e+01	3.349530e+05
1.548000e+01	3.352440e+05
1.552800e+01	3.338960e+05
1.557900e+01	3.347150e+05
1.563000e+01	3.341290e+05
1.567900e+01	3.346920e+05
1.572900e+01	3.338220e+05
1.578000e+01	3.348120e+05
1.582900e+01	3.402190e+05
1.588000e+01	3.414680e+05
1.592900e+01	3.390540e+05
1.598000e+01	3.387360e+05
1.603000e+01	3.375020e+05
1.608000e+01	3.363330e+05
1.613100e+01	3.359770e+05
1.618000e+01	3.359490e+05
1.623000e+01	3.361260e+05
1.628100e+01	3.350370e+05
1.633100e+01	3.346750e+05
1.638100e+01	3.369710e+05
1.643100e+01	3.351150e+05
1.648100e+01	3.347720e+05
1.653100e+01	3.340720e+05
1.658200e+01	3.329470e+05
1.663100e+01	3.333560e+05
1.668100e+01	3.324950e+05
1.673100e+01	3.326330e+05
1.678200e+01	3.332680e+05
1.683100e+01	3.389470e+05
1.688100e+01	3.393020e+05
1.693200e+01	3.374220e+05
1.698200e+01	3.366140e+05
1.703100e+01	3.354960e+05
1.708200e+01	3.356580e+05
1.713200e+01	3.349140e+05
1.718200e+01	3.342140e+05
1.723200e+01	3.335560e+05
1.728200e+01	3.340020e+05
1.733300e+01	3.325940e+05
1.738300e+01	3.325850e+05
1.743200e+01	3.323370e+05
1.748300e+01	3.322450e+05
1.753300e+01	3.317110e+05
1.758300e+01	3.315490e+05
1.763300e+01	3.319550e+05
1.768400e+01	3.312400e+05
1.773400e+01	3.317040e+05
1.778400e+01	3.307880e+05
1.783300e+01	3.377330e+05
1.788400e+01	3.371530e+05
1.793300e+01	3.358350e+05
1.798400e+01	3.337040e+05
1.803400e+01	3.341820e+05
1.808400e+01	3.329740e+05
1.813400e+01	3.328950e+05
1.818400e+01	3.312900e+05
1.823400e+01	3.321880e+05
1.828500e+01	3.322660e+05
1.833400e+01	3.314110e+05
1.838400e+01	3.304810e+05
1.843400e+01	3.305240e+05
1.848500e+01	3.305030e+05
1.853400e+01	3.301960e+05
1.858500e+01	3.303450e+05
1.863500e+01	3.293390e+05
1.868500e+01	3.300910e+05
1.873500e+01	3.290490e+05
1.878600e+01	3.304970e+05
1.883500e+01	3.345380e+05
1.888500e+01	3.354090e+05
1.893500e+01	3.333350e+05
1.898600e+01	3.324130e+05
1.903600e+01	3.312870e+05
1.908600e+01	3.315180e+05
1.913600e+01	3.297120e+05
1.918600e+01	3.295890e+05
1.923600e+01	3.291130e+05
1.928600e+01	3.285200e+05
1.933600e+01	3.287230e+05
1.938700e+01	3.284420e+05
1.943600e+01	3.282910e+05
1.948600e+01	3.275450e+05
1.953600e+01	3.281310e+05
1.958600e+01	3.273920e+05
1.963700e+01	3.280510e+05
1.968600e+01	3.273590e+05
1.973600e+01	3.268890e+05
1.978700e+01	3.265550e+05
1.983700e+01	3.330660e+05
1.988800e+01	3.317650e+05
1.993700e+01	3.310880e+05
1.998700e+01	3.299840e+05
2.003700e+01	3.291900e+05
2.008700e+01	3.288100e+05
2.013800e+01	3.282480e+05
2.018800e+01	3.280880e+05
2.023800e+01	3.271400e+05
2.028800e+01	3.267100e+05
2.033900e+01	3.257860e+05
2.038800e+01	3.254860e+05
2.043800e+01	3.254350e+05
2.048900e+01	3.256320e+05
2.053800e+01	3.245150e+05
2.058900e+01	3.246800e+05
2.063900e+01	3.243960e+05
2.068900e+01	3.249030e+05
2.073900e+01	3.247720e+05
2.078900e+01	3.250500e+05
2.083800e+01	3.299260e+05
2.088900e+01	3.295910e+05
2.093900e+01	3.277160e+05
2.098900e+01	3.272330e+05
2.103900e+01	3.267870e+05
2.108900e+01	3.266090e+05
2.113900e+01	3.254110e+05
2.119100e+01	3.242210e+05
2.124000e+01	3.240660e+05
2.128900e+01	3.247150e+05
2.134000e+01	3.238960e+05
2.139000e+01	3.228010e+05
2.144000e+01	3.230890e+05
2.149000e+01	3.227140e+05
2.154100e+01	3.225280e+05
2.159000e+01	3.217770e+05
2.164100e+01	3.223370e+05
2.169000e+01	3.222100e+05
2.174100e+01	3.224430e+05
2.179000e+01	3.220160e+05
2.184000e+01	3.277500e+05
2.189100e+01	3.273530e+05
2.194200e+01	3.261970e+05
2.199100e+01	3.241330e+05
2.204100e+01	3.229430e+05
2.209100e+01	3.232070e+05
2.214100e+01	3.225650e+05
2.219200e+01	3.218520e+05
2.224200e+01	3.216680e+05
2.229200e+01	3.205210e+05
2.234200e+01	3.206290e+05
2.239200e+01	3.203740e+05
2.244100e+01	3.197800e+05
2.249200e+01	3.202940e+05
2.254300e+01	3.195760e+05
2.259300e+01	3.193470e+05
2.264200e+01	3.189300e+05
2.269200e+01	3.189250e+05
2.274200e+01	3.185780e+05
2.279200e+01	3.198530e+05
2.284200e+01	3.250040e+05
2.289300e+01	3.239990e+05
2.294300e+01	3.223750e+05
2.299300e+01	3.209280e+05
2.304300e+01	3.209120e+05
2.309300e+01	3.194240e+05
2.314400e+01	3.191840e+05
2.319300e+01	3.185370e+05
2.324400e+01	3.181110e+05
2.329300e+01	3.177160e+05
2.334400e+01	3.179290e+05
2.339400e+01	3.173940e+05
2.344400e+01	3.176370e+05
2.349400e+01	3.166970e+05
2.354400e+01	3.169760e+05
2.359400e+01	3.169470e+05
2.364400e+01	3.166070e+05
2.369500e+01	3.162710e+05
2.374400e+01	3.163770e+05
2.379400e+01	3.168220e+05
2.384500e+01	3.220990e+05
2.389500e+01	3.204830e+05
2.394500e+01	3.185250e+05
2.399500e+01	3.184720e+05
2.404500e+01	3.170260e+05
2.409500e+01	3.171540e+05
2.414500e+01	3.163470e+05
2.419600e+01	3.157960e+05
2.424500e+01	3.156460e+05
2.429600e+01	3.152480e+05
2.434600e+01	3.146420e+05
2.439600e+01	3.145060e+05
2.444600e+01	3.145580e+05
2.449600e+01	3.145680e+05
2.454600e+01	3.139250e+05
2.459600e+01	3.133240e+05
2.464600e+01	3.139150e+05
2.469600e+01	3.139370e+05
2.474600e+01	3.136310e+05
2.479700e+01	3.153340e+05
2.484600e+01	3.190020e+05
2.489700e+01	3.172720e+05
2.494700e+01	3.172650e+05
2.499700e+01	3.155280e+05
2.504600e+01	3.151690e+05
2.509800e+01	3.141660e+05
2.514800e+01	3.141040e+05
2.519800e+01	3.131240e+05
2.524700e+01	3.127260e+05
2.529700e+01	3.129310e+05
2.534700e+01	3.128540e+05
2.539800e+01	3.119710e+05
2.544800e+01	3.116870e+05
2.549800e+01	3.116460e+05
2.554800e+01	3.120880e+05
2.559800e+01	3.122180e+05
2.564800e+01	3.115030e+05
2.569800e+01	3.114860e+05
2.574800e+01	3.103180e+05
2.579800e+01	3.131520e+05
2.584800e+01	3.157950e+05
2.589800e+01	3.159870e+05
2.594900e+01	3.140130e+05
2.599900e+01	3.138720e+05
2.604800e+01	3.121790e+05
2.609800e+01	3.117740e+05
2.614900e+01	3.114700e+05
2.619900e+01	3.109670e+05
2.625000e+01	3.109430e+05
2.629900e+01	3.101860e+05
2.634900e+01	3.097390e+05
2.640000e+01	3.097640e+05
2.645000e+01	3.092530e+05
2.649900e+01	3.089750e+05
2.655000e+01	3.099170e+05
2.660000e+01	3.083740e+05
2.664900e+01	3.091280e+05
2.670000e+01	3.083250e+05
2.675000e+01	3.092970e+05
2.680000e+01	3.101650e+05
2.685000e+01	3.136380e+05
2.690000e+01	3.119790e+05
2.695000e+01	3.111250e+05
2.700000e+01	3.114270e+05
2.705000e+01	3.103170e+05
2.710000e+01	3.096990e+05
2.715100e+01	3.089320e+05
2.720100e+01	3.086310e+05
2.725100e+01	3.080310e+05
2.730100e+01	3.087340e+05
2.735200e+01	3.072920e+05
2.740100e+01	3.080330e+05
2.745100e+01	3.068130e+05
2.750200e+01	3.069090e+05
2.755200e+01	3.066520e+05
2.760200e+01	3.064560e+05
2.765100e+01	3.054560e+05
2.770200e+01	3.063810e+05
2.775300e+01	3.078820e+05
2.780300e+01	3.085960e+05
2.785200e+01	3.123410e+05
2.790200e+01	3.106840e+05
2.795200e+01	3.095040e+05
2.800200e+01	3.076440e+05
2.805300e+01	3.074550e+05
2.810300e+01	3.068800e+05
2.815300e+01	3.072090e+05
2.820300e+01	3.062330e+05
2.825200e+01	3.054560e+05
2.830300e+01	3.051690e+05
2.835300e+01	3.046960e+05
2.840300e+01	3.044960e+05
2.845300e+01	3.054580e+05
2.850300e+01	3.046440e+05
2.855300e+01	3.042120e+05
2.860400e+01	3.041770e+05
2.865300e+01	3.039720e+05
2.870300e+01	3.043600e+05
2.875400e+01	3.040460e+05
2.880400e+01	3.065620e+05
2.885400e+01	3.091190e+05
2.890400e+01	3.079780e+05
2.895400e+01	3.073470e+05
2.900400e+01	3.066840e+05
2.905500e+01	3.048920e+05
2.910500e+01	3.049370e+05
2.915500e+01	3.041330e+05
2.920400e+01	3.039240e+05
2.925500e+01	3.033150e+05
2.930500e+01	3.037250e+05
2.935500e+01	3.034040e+05
2.940500e+01	3.025100e+05
2.945500e+01	3.022510e+05
2.950500e+01	3.026570e+05
2.955500e+01	3.025720e+05
2.960600e+01	3.022420e+05
2.965500e+01	3.021900e+05
2.970500e+01	3.014690e+05
2.975500e+01	3.021200e+05
2.980600e+01	3.046100e+05
2.985600e+01	3.071120e+05
2.990600e+01	3.065280e+05
2.995600e+01	3.049910e+05
3.000600e+01	3.043260e+05
3.005600e+01	3.032000e+05
3.010600e+01	3.034030e+05
3.015700e+01	3.031310e+05
3.020700e+01	3.024160e+05
3.025600e+01	3.021500e+05
3.030700e+01	3.011860e+05
3.035700e+01	3.012140e+05
3.040700e+01	3.007280e+05
3.045700e+01	3.007070e+05
3.050700e+01	3.003780e+05
3.055700e+01	3.007280e+05
3.060700e+01	3.006230e+05
3.065800e+01	3.001760e+05
3.070800e+01	3.007160e+05
3.075700e+01	2.999630e+05
3.080800e+01	3.031720e+05
3.085800e+01	3.054500e+05
3.090800e+01	3.047010e+05
3.095800e+01	3.032550e+05
3.100800e+01	3.030800e+05
3.105700e+01	3.016350e+05
3.110900e+01	3.011590e+05
3.115800e+01	3.000010e+05
3.120800e+01	3.007420e+05
3.125800e+01	3.001360e+05
3.130900e+01	2.997080e+05
3.135900e+01	2.995680e+05
3.140900e+01	2.994430e+05
3.145900e+01	2.992780e+05
3.150900e+01	2.989810e+05
3.155900e+01	2.993370e+05
3.160900e+01	2.988640e+05
3.165900e+01	2.986870e+05
3.171000e+01	2.989570e+05
3.176000e+01	2.987740e+05
3.181000e+01	3.024490e+05
3.185900e+01	3.052220e+05
3.191000e+01	3.034790e+05
3.196000e+01	3.018610e+05
3.201000e+01	3.011720e+05
3.206000e+01	3.004050e+05
3.211000e+01	3.005610e+05
3.216000e+01	2.997960e+05
3.221000e+01	2.996830e+05
3.226000e+01	2.985710e+05
3.231000e+01	3.004060e+05
3.236000e+01	2.987390e+05
3.241100e+01	2.988450e+05
3.246000e+01	2.984330e+05
3.251100e+01	2.983100e+05
3.256100e+01	2.974350e+05
3.261100e+01	2.972690e+05
3.266100e+01	2.976350e+05
3.271100e+01	2.979890e+05
3.276100e+01	2.977480e+05
3.281100e+01	3.010710e+05
3.286100e+01	3.038100e+05
3.291100e+01	3.012140e+05
3.296200e+01	3.010490e+05
3.301200e+01	3.005470e+05
3.306200e+01	3.000600e+05
3.311200e+01	2.989290e+05
3.316300e+01	2.987890e+05
3.321200e+01	2.978930e+05
3.326200e+01	2.982810e+05
3.331200e+01	2.979650e+05
3.336200e+01	2.981460e+05
3.341300e+01	2.970900e+05
3.346200e+01	2.973120e+05
3.351200e+01	2.968330e+05
3.356300e+01	2.965950e+05
3.361300e+01	2.971810e+05
3.366300e+01	2.971700e+05
3.371400e+01	2.971870e+05
3.376300e+01	2.971800e+05
3.381300e+01	3.009410e+05
3.386300e+01	3.023730e+05
3.391300e+01	3.018380e+05
3.396400e+01	3.000100e+05
3.401400e+01	2.998970e+05
3.406300e+01	2.988360e+05
3.411400e+01	2.985460e+05
3.416400e+01	2.982060e+05
3.421400e+01	2.980370e+05
3.426400e+01	2.975370e+05
3.431500e+01	2.968800e+05
3.436500e+01	2.972580e+05
3.441500e+01	2.970980e+05
3.446500e+01	2.962070e+05
3.451400e+01	2.967310e+05
3.456400e+01	2.967460e+05
3.461500e+01	2.965740e+05
3.466400e+01	2.961570e+05
3.471400e+01	2.959890e+05
3.476500e+01	2.959880e+05
3.481500e+01	3.003030e+05
3.486500e+01	3.015440e+05
3.491500e+01	3.010480e+05
3.496500e+01	3.001230e+05
3.501600e+01	2.987700e+05
3.506500e+01	2.989470e+05
3.511600e+01	2.977080e+05
3.516600e+01	2.974690e+05
3.521600e+01	2.968790e+05
3.526700e+01	2.968030e+05
3.531700e+01	2.959550e+05
3.536600e+01	2.966570e+05
3.541600e+01	2.964570e+05
3.546700e+01	2.958730e+05
3.551600e+01	2.959620e+05
3.556700e+01	2.952940e+05
3.561700e+01	2.956960e+05
3.566600e+01	2.954020e+05
3.571700e+01	2.958980e+05
3.576700e+01	2.944360e+05
3.581700e+01	3.007760e+05
3.586700e+01	3.013750e+05
3.591700e+01	2.998680e+05
3.596800e+01	2.986240e+05
3.601700e+01	2.989520e+05
3.606700e+01	2.983160e+05
3.611800e+01	2.978550e+05
3.616800e+01	2.973390e+05
3.621800e+01	2.967300e+05
3.626800e+01	2.966190e+05
3.631800e+01	2.962420e+05
3.636700e+01	2.966930e+05
3.641800e+01	2.960170e+05
3.646800e+01	2.954560e+05
3.651900e+01	2.951390e+05
3.656900e+01	2.958630e+05
3.661800e+01	2.950370e+05
3.666800e+01	2.960670e+05
3.671800e+01	2.948880e+05
3.676900e+01	2.958050e+05
3.681900e+01	3.000160e+05
3.686900e+01	3.022470e+05
3.691900e+01	3.010360e+05
3.696900e+01	2.995610e+05
3.701900e+01	2.994100e+05
3.706900e+01	2.979310e+05
3.711900e+01	2.981360e+05
3.717000e+01	2.969660e+05
3.722000e+01	2.971830e+05
3.727000e+01	2.970750e+05
3.732000e+01	2.972820e+05
3.737000e+01	2.954320e+05
3.742000e+01	2.959540e+05
3.747000e+01	2.955790e+05
3.752100e+01	2.967740e+05
3.757000e+01	2.956610e+05
3.762000e+01	2.960100e+05
3.767000e+01	2.951040e+05
3.772100e+01	2.954050e+05
3.777100e+01	2.961520e+05
3.782100e+01	3.012130e+05
3.787100e+01	3.022620e+05
3.792200e+01	3.015290e+05
3.797100e+01	3.001710e+05
3.802100e+01	2.989950e+05
3.807100e+01	2.991540e+05
3.812100e+01	2.990360e+05
3.817200e+01	2.988430e+05
3.822200e+01	2.969990e+05
3.827100e+01	2.973890e+05
3.832200e+01	2.962350e+05
3.837200e+01	2.979430e+05
3.842200e+01	2.966800e+05
3.847200e+01	2.969210e+05
3.852200e+01	2.962930e+05
3.857300e+01	2.971180e+05
3.862300e+01	2.963770e+05
3.867300e+01	2.965860e+05
3.872300e+01	2.963480e+05
3.877300e+01	2.964110e+05
3.882300e+01	3.023980e+05
3.887200e+01	3.023570e+05
3.892300e+01	3.019010e+05
3.897300e+01	3.013620e+05
3.902300e+01	3.012250e+05
3.907300e+01	2.996620e+05
3.912300e+01	2.990800e+05
3.917300e+01	2.985560e+05
3.922400e+01	2.994880e+05
3.927300e+01	2.978550e+05
3.932400e+01	2.987490e+05
3.937400e+01	2.973060e+05
3.942400e+01	2.975850e+05
3.947400e+01	2.969950e+05
3.952400e+01	2.976850e+05
3.957400e+01	2.977190e+05
3.962400e+01	3.007470e+05
3.967400e+01	2.975080e+05
3.972400e+01	2.968650e+05
3.977400e+01	2.976090e+05
3.982400e+01	3.039160e+05
3.987500e+01	3.041530e+05
3.992500e+01	3.027040e+05
3.997400e+01	3.024230e+05
4.002400e+01	3.004730e+05
4.007400e+01	3.007160e+05
4.012500e+01	3.001210e+05
4.017500e+01	3.000520e+05
4.022500e+01	2.995670e+05
4.027500e+01	2.992670e+05
4.032600e+01	2.989930e+05
4.037500e+01	2.994720e+05
4.042600e+01	2.987320e+05
4.047600e+01	2.985430e+05
4.052600e+01	2.989630e+05
4.057500e+01	2.996540e+05
4.062500e+01	2.993200e+05
4.067600e+01	2.984270e+05
4.072700e+01	2.981310e+05
4.077600e+01	2.985740e+05
4.082600e+01	3.052290e+05
4.087600e+01	3.049690e+05
4.092600e+01	3.044280e+05
4.097700e+01	3.035200e+05
4.102600e+01	3.029730e+05
4.107600e+01	3.020360e+05
4.112700e+01	3.015640e+05
4.117700e+01	3.015310e+05
4.122800e+01	3.012320e+05
4.127700e+01	3.011730e+05
4.132700e+01	3.009970e+05
4.137700e+01	3.001720e+05
4.142700e+01	3.003700e+05
4.147700e+01	3.005840e+05
4.152800e+01	2.999060e+05
4.157800e+01	3.008900e+05
4.162800e+01	2.998920e+05
4.167800e+01	2.993370e+05
4.172800e+01	2.989980e+05
4.177800e+01	3.009210e+05
4.182800e+01	3.071390e+05
4.187800e+01	3.062240e+05
4.192800e+01	3.057930e+05
4.197800e+01	3.052030e+05
4.202900e+01	3.046670e+05
4.207900e+01	3.042760e+05
4.212900e+01	3.038410e+05
4.217900e+01	3.027390e+05
4.222900e+01	3.027160e+05
4.227900e+01	3.018960e+05
4.232900e+01	3.022040e+05
4.238000e+01	3.022030e+05
4.242900e+01	3.023550e+05
4.248000e+01	3.013140e+05
4.253000e+01	3.017690e+05
4.258000e+01	3.022820e+05
4.262900e+01	3.017260e+05
4.267900e+01	3.011900e+05
4.273000e+01	3.014190e+05
4.278000e+01	3.016900e+05
4.283000e+01	3.084930e+05
4.288000e+01	3.089660e+05
4.293000e+01	3.079040e+05
4.298100e+01	3.074420e+05
4.303000e+01	3.058470e+05
4.308000e+01	3.051040e+05
4.313100e+01	3.047520e+05
4.318100e+01	3.055050e+05
4.323100e+01	3.045120e+05
4.328100e+01	3.045740e+05
4.333000e+01	3.032660e+05
4.338100e+01	3.037870e+05
4.343100e+01	3.035100e+05
4.348100e+01	3.037410e+05
4.353200e+01	3.035910e+05
4.358100e+01	3.027830e+05
4.363200e+01	3.037020e+05
4.368200e+01	3.023190e+05
4.373200e+01	3.037520e+05
4.378200e+01	3.040160e+05
4.383100e+01	3.105570e+05
4.388200e+01	3.101180e+05
4.393200e+01	3.093110e+05
4.398200e+01	3.085170e+05
4.403200e+01	3.106590e+05
4.408200e+01	3.077910e+05
4.413300e+01	3.083470e+05
4.418300e+01	3.067740e+05
4.423300e+01	3.061900e+05
4.428300e+01	3.055790e+05
4.433300e+01	3.053230e+05
4.438300e+01	3.054530e+05
4.443300e+01	3.054850e+05
4.448300e+01	3.048530e+05
4.453300e+01	3.049430e+05
4.458300e+01	3.052040e+05
4.463400e+01	3.050770e+05
4.468300e+01	3.053570e+05
4.473400e+01	3.047230e+05
4.478300e+01	3.060340e+05
4.483400e+01	3.127720e+05
4.488300e+01	3.128460e+05
4.493400e+01	3.110020e+05
4.498400e+01	3.111800e+05
4.503400e+01	3.097030e+05
4.508500e+01	3.096420e+05
4.513500e+01	3.091390e+05
4.518400e+01	3.090610e+05
4.523500e+01	3.094010e+05
4.528400e+01	3.086670e+05
4.533500e+01	3.077710e+05
4.538500e+01	3.075950e+05
4.543500e+01	3.078830e+05
4.548500e+01	3.068610e+05
4.553500e+01	3.072050e+05
4.558600e+01	3.070480e+05
4.563500e+01	3.069780e+05
4.568600e+01	3.063690e+05
4.573600e+01	3.069010e+05
4.578500e+01	3.081030e+05
4.583600e+01	3.149530e+05
4.588600e+01	3.136550e+05
4.593600e+01	3.132940e+05
4.598600e+01	3.120930e+05
4.603600e+01	3.120040e+05
4.608600e+01	3.105750e+05
4.613700e+01	3.110840e+05
4.618600e+01	3.104350e+05
4.623700e+01	3.099000e+05
4.628600e+01	3.095330e+05
4.633600e+01	3.095120e+05
4.638700e+01	3.091460e+05
4.643700e+01	3.094710e+05
4.648700e+01	3.095280e+05
4.653700e+01	3.085750e+05
4.658700e+01	3.099240e+05
4.663800e+01	3.089840e+05
4.668700e+01	3.088420e+05
4.673800e+01	3.080270e+05
4.678700e+01	3.104000e+05
4.683800e+01	3.163290e+05
4.688800e+01	3.167530e+05
4.693800e+01	3.150970e+05
4.698800e+01	3.152200e+05
4.703800e+01	3.143070e+05
4.708800e+01	3.135870e+05
4.713800e+01	3.130640e+05
4.718800e+01	3.132160e+05
4.723800e+01	3.121020e+05
4.728800e+01	3.117970e+05
4.733800e+01	3.119960e+05
4.738900e+01	3.114860e+05
4.743900e+01	3.118660e+05
4.748900e+01	3.114310e+05
4.753900e+01	3.117280e+05
4.758900e+01	3.112120e+05
4.763900e+01	3.112450e+05
4.768900e+01	3.107710e+05
4.773900e+01	3.116970e+05
4.778900e+01	3.131720e+05
4.784000e+01	3.192260e+05
4.788900e+01	3.186670e+05
4.794000e+01	3.170830e+05
4.798900e+01	3.171480e+05
4.804000e+01	3.167870e+05
4.808900e+01	3.155680e+05
4.814000e+01	3.150760e+05
4.819000e+01	3.152940e+05
4.824000e+01	3.145870e+05
4.829000e+01	3.151000e+05
4.834100e+01	3.138860e+05
4.839100e+01	3.150500e+05
4.844100e+01	3.128390e+05
4.849100e+01	3.142630e+05
4.854100e+01	3.135550e+05
4.859000e+01	3.138860e+05
4.864100e+01	3.134930e+05
4.869100e+01	3.135970e+05
4.874100e+01	3.133360e+05
4.879100e+01	3.157070e+05
4.884100e+01	3.209720e+05
4.889200e+01	3.209110e+05
4.894100e+01	3.198910e+05
4.899100e+01	3.193560e+05
4.904300e+01	3.190600e+05
4.909200e+01	3.172030e+05
4.914200e+01	3.182300e+05
4.919200e+01	3.173340e+05
4.924200e+01	3.177190e+05
4.929300e+01	3.161320e+05
4.934200e+01	3.168670e+05
4.939200e+01	3.162720e+05
4.944200e+01	3.168360e+05
4.949200e+01	3.164960e+05
4.954300e+01	3.158640e+05
4.959300e+01	3.160860e+05
4.964200e+01	3.160410e+05
4.969300e+01	3.159640e+05
4.974300e+01	3.160440e+05
4.979300e+01	3.188750e+05
4.984300e+01	3.226540e+05
4.989400e+01	3.232140e+05
4.994400e+01	3.219810e+05
4.999400e+01	3.219510e+05
5.004300e+01	3.204800e+05
5.009400e+01	3.202880e+05
5.014500e+01	3.192650e+05
5.019400e+01	3.196250e+05
5.024400e+01	3.190470e+05
5.029400e+01	3.185510e+05
5.034400e+01	3.186680e+05
5.039500e+01	3.187930e+05
5.044500e+01	3.184860e+05
5.049400e+01	3.184970e+05
5.054400e+01	3.182630e+05
5.059400e+01	3.182540e+05
5.064500e+01	3.183670e+05
5.069500e+01	3.177910e+05
5.074500e+01	3.181180e+05
5.079500e+01	3.204200e+05
5.084500e+01	3.265950e+05
5.089500e+01	3.249920e+05
5.094500e+01	3.246260e+05
5.099500e+01	3.235460e+05
5.104500e+01	3.227110e+05
5.109500e+01	3.220630e+05
5.114600e+01	3.220890e+05
5.119600e+01	3.221910e+05
5.124600e+01	3.219010e+05
5.129500e+01	3.209270e+05
5.134600e+01	3.207230e+05
5.139600e+01	3.208990e+05
5.144600e+01	3.201410e+05
5.149600e+01	3.199320e+05
5.154600e+01	3.197740e+05
5.159600e+01	3.213630e+05
5.164700e+01	3.198380e+05
5.169700e+01	3.207710e+05
5.174700e+01	3.196800e+05
5.179600e+01	3.226140e+05
5.184700e+01	3.278900e+05
5.189700e+01	3.274680e+05
5.194700e+01	3.266220e+05
5.199700e+01	3.256820e+05
5.204700e+01	3.252030e+05
5.209700e+01	3.243150e+05
5.214700e+01	3.241900e+05
5.219700e+01	3.237290e+05
5.224800e+01	3.235710e+05
5.229800e+01	3.227750e+05
5.234800e+01	3.231250e+05
5.239800e+01	3.227230e+05
5.244800e+01	3.226320e+05
5.249800e+01	3.215390e+05
5.254800e+01	3.226300e+05
5.259800e+01	3.221480e+05
5.264900e+01	3.227150e+05
5.269900e+01	3.219570e+05
5.274900e+01	3.218210e+05
5.279900e+01	3.245580e+05
5.284900e+01	3.299990e+05
5.289900e+01	3.298580e+05
5.294900e+01	3.292710e+05
5.299900e+01	3.279240e+05
5.305000e+01	3.272810e+05
5.309900e+01	3.269660e+05
5.315000e+01	3.265100e+05
5.319900e+01	3.262620e+05
5.325000e+01	3.249820e+05
5.330000e+01	3.254900e+05
5.335000e+01	3.250490e+05
5.340000e+01	3.258330e+05
5.345100e+01	3.250480e+05
5.350000e+01	3.250860e+05
5.355000e+01	3.242200e+05
5.360000e+01	3.242220e+05
5.365000e+01	3.243000e+05
5.370100e+01	3.242010e+05
5.375000e+01	3.238350e+05
5.380100e+01	3.275780e+05
5.385100e+01	3.322990e+05
5.390100e+01	3.307270e+05
5.395100e+01	3.307750e+05
5.400100e+01	3.301300e+05
5.405200e+01	3.291290e+05
5.410100e+01	3.280200e+05
5.415100e+01	3.286810e+05
5.420100e+01	3.276010e+05
5.425100e+01	3.281490e+05
5.430100e+01	3.270170e+05
5.435100e+01	3.270780e+05
5.440200e+01	3.268580e+05
5.445200e+01	3.266150e+05
5.450200e+01	3.258130e+05
5.455200e+01	3.266530e+05
5.460200e+01	3.266660e+05
5.465200e+01	3.263860e+05
5.470300e+01	3.266250e+05
5.475200e+01	3.262330e+05
5.480200e+01	3.300230e+05
5.485300e+01	3.347640e+05
5.490300e+01	3.336700e+05
5.495300e+01	3.316990e+05
5.500200e+01	3.318220e+05
5.505300e+01	3.311040e+05
5.510300e+01	3.299790e+05
5.515300e+01	3.305550e+05
5.520300e+01	3.298200e+05
5.525400e+01	3.292670e+05
5.530300e+01	3.293160e+05
5.535300e+01	3.290180e+05
5.540300e+01	3.291670e+05
5.545400e+01	3.293380e+05
5.550400e+01	3.289690e+05
5.555500e+01	3.281410e+05
5.560400e+01	3.286720e+05
5.565400e+01	3.286490e+05
5.570400e+01	3.282550e+05
5.575400e+01	3.283360e+05
5.580500e+01	3.313080e+05
5.585400e+01	3.366810e+05
5.590400e+01	3.353050e+05
5.595400e+01	3.343890e+05
5.600500e+01	3.336220e+05
5.605500e+01	3.331030e+05
5.610500e+01	3.325750e+05
5.615500e+01	3.315370e+05
5.620500e+01	3.317180e+05
5.625500e+01	3.320040e+05
5.630500e+01	3.309240e+05
5.635600e+01	3.305560e+05
5.640500e+01	3.311320e+05
5.645500e+01	3.326490e+05
5.650600e+01	3.311850e+05
5.655600e+01	3.305030e+05
5.660600e+01	3.308460e+05
5.665600e+01	3.297490e+05
5.670500e+01	3.299030e+05
5.675600e+01	3.294500e+05
5.680700e+01	3.334010e+05
5.685700e+01	3.388800e+05
5.690700e+01	3.374060e+05
5.695700e+01	3.363120e+05
5.700700e+01	3.365150e+05
5.705700e+01	3.346750e+05
5.710700e+01	3.344150e+05
5.715700e+01	3.342490e+05
5.720700e+01	3.332610e+05
5.725800e+01	3.334900e+05
5.730800e+01	3.327220e+05
5.735800e+01	3.329180e+05
5.740800e+01	3.323800e+05
5.745700e+01	3.318660e+05
5.750700e+01	3.312150e+05
5.755700e+01	3.315190e+05
5.760800e+01	3.315700e+05
5.765800e+01	3.319290e+05
5.770800e+01	3.317380e+05
5.775800e+01	3.314250e+05
5.780800e+01	3.354860e+05
5.785800e+01	3.399890e+05
5.790800e+01	3.380170e+05
5.795900e+01	3.381520e+05
5.800900e+01	3.369490e+05
5.805800e+01	3.360520e+05
5.810900e+01	3.347710e+05
5.815900e+01	3.350030e+05
5.820900e+01	3.348150e+05
5.825900e+01	3.346970e+05
5.830900e+01	3.339070e+05
5.836000e+01	3.335780e+05
5.841000e+01	3.341020e+05
5.846000e+01	3.334360e+05
5.850900e+01	3.327020e+05
5.856000e+01	3.337140e+05
5.860900e+01	3.336660e+05
5.866000e+01	3.326340e+05
5.871100e+01	3.329050e+05
5.876100e+01	3.330350e+05
5.881000e+01	3.376930e+05
5.886000e+01	3.423300e+05
5.891000e+01	3.400690e+05
5.896000e+01	3.383520e+05
5.901000e+01	3.385500e+05
5.906100e+01	3.384450e+05
5.911100e+01	3.372880e+05
5.916000e+01	3.370580e+05
5.921100e+01	3.358880e+05
5.926100e+01	3.364070e+05
5.931100e+01	3.359620e+05
5.936100e+01	3.360160e+05
5.941100e+01	3.358610e+05
5.946200e+01	3.357730e+05
5.951100e+01	3.351140e+05
5.956200e+01	3.343590e+05
5.961200e+01	3.351020e+05
5.966200e+01	3.350440e+05
5.971200e+01	3.348320e+05
5.976200e+01	3.347300e+05
5.981200e+01	3.391180e+05
5.986200e+01	3.423650e+05
5.991200e+01	3.417380e+05
5.996200e+01	3.403190e+05
6.001200e+01	3.405000e+05
6.006200e+01	3.388850e+05
6.011300e+01	3.393150e+05
6.016300e+01	3.384280e+05
6.021300e+01	3.383920e+05
6.026300e+01	3.373970e+05
6.031300e+01	3.375330e+05
6.036300e+01	3.367450e+05
6.041300e+01	3.372510e+05
6.046300e+01	3.368450e+05
6.051400e+01	3.375050e+05
6.056400e+01	3.367310e+05
6.061400e+01	3.366860e+05
6.066300e+01	3.363430e+05
6.071400e+01	3.360590e+05
6.076400e+01	3.368600e+05
6.081400e+01	3.418740e+05
6.086400e+01	3.452400e+05
6.091300e+01	3.431360e+05
6.096400e+01	3.428940e+05
6.101500e+01	3.414980e+05
6.106500e+01	3.411070e+05
6.111500e+01	3.399290e+05
6.116500e+01	3.406100e+05
6.121400e+01	3.395210e+05
6.126500e+01	3.395980e+05
6.131500e+01	3.394590e+05
6.136500e+01	3.396300e+05
6.141500e+01	3.387710e+05
6.146500e+01	3.379790e+05
6.151500e+01	3.383690e+05
6.156500e+01	3.377300e+05
6.161500e+01	3.391260e+05
6.166600e+01	3.376430e+05
6.171500e+01	3.388290e+05
6.176600e+01	3.371400e+05
6.181500e+01	3.440170e+05
6.186600e+01	3.465970e+05
6.191500e+01	3.461700e+05
6.196600e+01	3.441400e+05
6.201800e+01	3.443010e+05
6.206600e+01	3.430110e+05
6.211600e+01	3.425860e+05
6.216700e+01	3.414010e+05
6.221600e+01	3.414400e+05
6.226600e+01	3.408930e+05
6.231600e+01	3.402620e+05
6.236700e+01	3.404870e+05
6.241700e+01	3.398030e+05
6.246700e+01	3.407360e+05
6.251700e+01	3.399740e+05
6.256700e+01	3.399920e+05
6.261700e+01	3.396580e+05
6.266800e+01	3.399170e+05
6.271800e+01	3.395400e+05
6.276800e+01	3.400910e+05
6.281800e+01	3.455000e+05
6.286800e+01	3.484600e+05
6.291800e+01	3.464770e+05
6.296800e+01	3.455660e+05
6.301800e+01	3.446730e+05
6.306800e+01	3.447060e+05
6.311800e+01	3.438230e+05
6.316800e+01	3.428170e+05
6.321800e+01	3.433150e+05
6.326800e+01	3.429450e+05
6.331800e+01	3.426950e+05
6.336900e+01	3.421200e+05
6.341900e+01	3.421980e+05
6.346800e+01	3.412670e+05
6.351900e+01	3.415500e+05
6.356900e+01	3.411680e+05
6.361900e+01	3.415140e+05
6.366900e+01	3.413310e+05
6.371900e+01	3.411660e+05
6.376900e+01	3.402850e+05
6.381900e+01	3.473030e+05
6.387000e+01	3.492610e+05
6.391900e+01	3.491300e+05
6.396900e+01	3.475100e+05
6.401900e+01	3.458210e+05
6.406900e+01	3.459320e+05
6.411900e+01	3.453710e+05
6.417000e+01	3.453070e+05
6.422000e+01	3.443350e+05
6.427000e+01	3.440970e+05
6.432000e+01	3.441910e+05
6.437100e+01	3.430260e+05
6.442100e+01	3.435310e+05
6.447100e+01	3.430380e+05
6.452100e+01	3.428520e+05
6.457100e+01	3.428650e+05
6.462100e+01	3.422700e+05
6.467100e+01	3.421810e+05
6.472100e+01	3.425480e+05
6.477100e+01	3.424380e+05
6.482100e+01	3.489560e+05
6.487100e+01	3.508480e+05
6.492100e+01	3.500000e+05
6.497100e+01	3.484190e+05
6.502100e+01	3.486700e+05
6.507200e+01	3.478700e+05
6.512200e+01	3.477130e+05
6.517200e+01	3.460010e+05
6.522200e+01	3.465540e+05
6.527200e+01	3.453440e+05
6.532200e+01	3.454970e+05
6.537300e+01	3.450980e+05
6.542200e+01	3.452220e+05
6.547300e+01	3.448300e+05
6.552300e+01	3.481780e+05
6.557300e+01	3.453160e+05
6.562200e+01	3.448240e+05
6.567300e+01	3.444530e+05
6.572300e+01	3.441100e+05
6.577300e+01	3.436020e+05
6.582300e+01	3.502800e+05
6.587400e+01	3.523690e+05
6.592300e+01	3.508300e+05
6.597400e+01	3.499240e+05
6.602400e+01	3.488570e+05
6.607300e+01	3.486280e+05
6.612300e+01	3.477440e+05
6.617400e+01	3.478790e+05
6.622300e+01	3.472730e+05
6.627400e+01	3.469280e+05
6.632400e+01	3.465640e+05
6.637400e+01	3.466660e+05
6.642500e+01	3.460320e+05
6.647500e+01	3.463790e+05
6.652400e+01	3.459880e+05
6.657400e+01	3.454840e+05
6.662500e+01	3.456560e+05
6.667500e+01	3.455970e+05
6.672500e+01	3.455600e+05
6.677500e+01	3.449770e+05
6.682500e+01	3.528170e+05
6.687500e+01	3.537050e+05
6.692500e+01	3.520250e+05
6.697500e+01	3.511100e+05
6.702600e+01	3.506850e+05
6.707500e+01	3.494050e+05
6.712600e+01	3.492270e+05
6.717500e+01	3.483930e+05
6.722500e+01	3.487870e+05
6.727600e+01	3.487470e+05
6.732600e+01	3.483080e+05
6.737600e+01	3.481690e+05
6.742700e+01	3.467740e+05
6.747700e+01	3.473920e+05
6.752600e+01	3.473240e+05
6.757700e+01	3.469860e+05
6.762600e+01	3.465380e+05
6.767700e+01	3.463920e+05
6.772700e+01	3.463600e+05
6.777600e+01	3.470440e+05
6.782700e+01	3.536960e+05
6.787700e+01	3.553890e+05
6.792700e+01	3.535150e+05
6.797700e+01	3.524770e+05
6.802700e+01	3.522470e+05
6.807800e+01	3.511130e+05
6.812700e+01	3.508220e+05
6.817700e+01	3.497300e+05
6.822700e+01	3.497570e+05
6.827800e+01	3.491460e+05
6.832800e+01	3.489500e+05
6.837800e+01	3.482400e+05
6.842700e+01	3.490700e+05
6.847800e+01	3.481120e+05
6.852800e+01	3.483550e+05
6.857800e+01	3.475800e+05
6.862800e+01	3.470310e+05
6.867900e+01	3.472310e+05
6.872900e+01	3.475330e+05
6.877900e+01	3.483600e+05
6.882900e+01	3.553090e+05
6.887900e+01	3.550740e+05
6.892900e+01	3.539000e+05
6.897900e+01	3.533720e+05
6.902900e+01	3.517980e+05
6.908000e+01	3.521260e+05
6.913000e+01	3.515000e+05
6.918000e+01	3.509480e+05
6.923000e+01	3.499410e+05
6.928000e+01	3.499440e+05
6.932900e+01	3.497280e+05
6.938000e+01	3.496110e+05
6.942900e+01	3.492830e+05
6.948100e+01	3.488630e+05
6.953000e+01	3.483020e+05
6.958000e+01	3.489300e+05
6.963000e+01	3.485580e+05
6.968100e+01	3.485660e+05
6.973000e+01	3.484170e+05
6.978100e+01	3.488130e+05
6.983000e+01	3.561490e+05
6.988100e+01	3.563610e+05
6.993000e+01	3.550330e+05
6.998100e+01	3.533480e+05
7.003100e+01	3.529100e+05
7.008100e+01	3.521360e+05
7.013100e+01	3.524040e+05
7.018100e+01	3.507500e+05
7.023100e+01	3.507610e+05
7.028200e+01	3.502760e+05
7.033100e+01	3.507070e+05
7.038200e+01	3.496510e+05
7.043200e+01	3.506150e+05
7.048200e+01	3.495420e+05
7.053200e+01	3.498960e+05
7.058300e+01	3.488300e+05
7.063100e+01	3.488490e+05
7.068300e+01	3.486730e+05
7.073300e+01	3.492440e+05
7.078200e+01	3.495790e+05
7.083200e+01	3.559590e+05
7.088200e+01	3.563690e+05
7.093300e+01	3.551670e+05
7.098300e+01	3.539840e+05
7.103300e+01	3.533020e+05
7.108300e+01	3.533730e+05
7.113300e+01	3.517250e+05
7.118300e+01	3.522080e+05
7.123300e+01	3.510380e+05
7.128400e+01	3.513600e+05
7.133400e+01	3.505900e+05
7.138400e+01	3.508520e+05
7.143400e+01	3.496080e+05
7.148400e+01	3.500830e+05
7.153400e+01	3.499690e+05
7.158500e+01	3.494810e+05
7.163400e+01	3.496880e+05
7.168500e+01	3.493940e+05
7.173400e+01	3.491020e+05
7.178400e+01	3.508040e+05
7.183400e+01	3.557950e+05
7.188500e+01	3.559080e+05
7.193500e+01	3.556190e+05
7.198500e+01	3.537020e+05
7.203400e+01	3.537270e+05
7.208500e+01	3.523820e+05
7.213500e+01	3.529080e+05
7.218600e+01	3.514730e+05
7.223500e+01	3.516500e+05
7.228500e+01	3.511290e+05
7.233500e+01	3.504420e+05
7.238500e+01	3.502850e+05
7.243500e+01	3.507520e+05
7.248600e+01	3.501890e+05
7.253500e+01	3.497200e+05
7.258600e+01	3.500700e+05
7.263600e+01	3.493220e+05
7.268600e+01	3.498550e+05
7.273600e+01	3.489130e+05
7.278700e+01	3.514520e+05
7.283600e+01	3.559870e+05
7.288700e+01	3.564350e+05
7.293600e+01	3.543580e+05
7.298600e+01	3.540990e+05
7.303700e+01	3.530160e+05
7.308700e+01	3.519460e+05
7.313700e+01	3.520880e+05
7.318700e+01	3.512410e+05
7.323700e+01	3.510150e+05
7.328700e+01	3.511980e+05
7.333700e+01	3.502310e+05
7.338700e+01	3.496440e+05
7.343700e+01	3.499440e+05
7.348700e+01	3.496070e+05
7.353700e+01	3.494270e+05
7.358800e+01	3.492080e+05
7.363800e+01	3.495380e+05
7.368800e+01	3.488150e+05
7.373800e+01	3.495600e+05
7.378800e+01	3.498100e+05
7.383800e+01	3.558730e+05
7.388800e+01	3.548610e+05
7.393800e+01	3.535770e+05
7.398800e+01	3.523120e+05
7.403900e+01	3.519390e+05
7.408900e+01	3.518910e+05
7.413900e+01	3.510650e+05
7.418900e+01	3.507040e+05
7.423800e+01	3.494840e+05
7.428900e+01	3.499190e+05
7.433900e+01	3.486580e+05
7.438900e+01	3.499860e+05
7.443900e+01	3.484140e+05
7.448900e+01	3.487540e+05
7.454000e+01	3.478220e+05
7.459000e+01	3.480220e+05
7.464000e+01	3.477670e+05
7.469000e+01	3.482070e+05
7.474000e+01	3.483330e+05
7.479000e+01	3.523340e+05
7.484000e+01	3.547150e+05
7.489000e+01	3.541710e+05
7.494000e+01	3.534140e+05
7.499000e+01	3.511540e+05
7.504100e+01	3.520330e+05
7.509100e+01	3.503740e+05
7.514000e+01	3.496220e+05
7.519100e+01	3.493010e+05
7.524100e+01	3.498520e+05
7.529100e+01	3.486260e+05
7.534100e+01	3.483590e+05
7.539200e+01	3.471010e+05
7.544100e+01	3.475200e+05
7.549100e+01	3.471060e+05
7.554100e+01	3.476870e+05
7.559200e+01	3.471090e+05
7.564100e+01	3.465600e+05
7.569100e+01	3.466780e+05
7.574200e+01	3.465670e+05
7.579200e+01	3.484810e+05
7.584200e+01	3.531160e+05
7.589200e+01	3.528040e+05
7.594200e+01	3.505400e+05
7.599300e+01	3.501510e+05
7.604200e+01	3.488960e+05
7.609300e+01	3.488990e+05
7.614200e+01	3.484480e+05
7.619300e+01	3.480150e+05
7.624300e+01	3.467260e+05
7.629300e+01	3.466330e+05
7.634300e+01	3.465840e+05
7.639300e+01	3.461280e+05
7.644300e+01	3.461920e+05
7.649300e+01	3.454790e+05
7.654400e+01	3.457070e+05
7.659400e+01	3.452050e+05
7.664400e+01	3.454220e+05
7.669400e+01	3.449530e+05
7.674300e+01	3.459970e+05
7.679400e+01	3.460700e+05
7.684400e+01	3.513850e+05
7.689400e+01	3.502050e+05
7.694400e+01	3.496280e+05
7.699400e+01	3.477940e+05
7.704400e+01	3.479790e+05
7.709400e+01	3.465650e+05
7.714400e+01	3.458990e+05
7.719400e+01	3.460200e+05
7.724500e+01	3.453180e+05
7.729500e+01	3.450120e+05
7.734400e+01	3.446760e+05
7.739400e+01	3.442900e+05
7.744500e+01	3.443760e+05
7.749500e+01	3.436810e+05
7.754500e+01	3.440010e+05
7.759600e+01	3.431740e+05
7.764500e+01	3.428670e+05
7.769600e+01	3.430820e+05
7.774500e+01	3.423740e+05
7.779600e+01	3.446360e+05
7.784600e+01	3.485140e+05
7.789500e+01	3.477530e+05
7.794600e+01	3.466180e+05
7.799500e+01	3.459690e+05
7.804600e+01	3.451080e+05
7.809600e+01	3.441950e+05
7.814700e+01	3.437910e+05
7.819600e+01	3.430360e+05
7.824600e+01	3.430130e+05
7.829600e+01	3.421040e+05
7.834600e+01	3.421670e+05
7.839700e+01	3.419550e+05
7.844700e+01	3.414640e+05
7.849700e+01	3.409780e+05
7.854700e+01	3.413370e+05
7.859700e+01	3.406230e+05
7.864700e+01	3.411100e+05
7.869800e+01	3.405030e+05
7.874700e+01	3.403520e+05
7.879800e+01	3.419460e+05
7.884800e+01	3.473180e+05
7.889800e+01	3.453630e+05
7.894800e+01	3.442840e+05
7.899800e+01	3.429890e+05
7.904800e+01	3.418110e+05
7.909800e+01	3.417430e+05
7.914800e+01	3.408090e+05
7.919800e+01	3.405270e+05
7.924900e+01	3.401300e+05
7.929800e+01	3.403990e+05
7.934800e+01	3.391290e+05
7.939800e+01	3.384730e+05
7.944800e+01	3.390540e+05
7.949900e+01	3.387840e+05
7.954900e+01	3.381850e+05
7.959900e+01	3.370970e+05
7.965000e+01	3.377200e+05
7.969900e+01	3.379560e+05
7.974900e+01	3.367090e+05
7.979900e+01	3.393820e+05
7.984900e+01	3.434140e+05
7.990000e+01	3.421130e+05
7.994900e+01	3.407040e+05
7.999900e+01	3.395090e+05
8.004900e+01	3.384670e+05
8.010000e+01	3.385400e+05
8.015000e+01	3.379160e+05
8.020000e+01	3.367720e+05
8.025000e+01	3.364100e+05
8.030000e+01	3.357860e+05
8.035000e+01	3.373380e+05
8.040000e+01	3.354410e+05
8.045000e+01	3.358520e+05
8.050100e+01	3.350730e+05
8.055100e+01	3.354640e+05
8.060100e+01	3.347250e+05
8.065100e+01	3.350780e+05
8.070100e+01	3.351250e+05
8.075100e+01	3.346290e+05
8.080300e+01	3.361930e+05
8.085100e+01	3.398080e+05
8.090100e+01	3.389640e+05
8.095100e+01	3.382280e+05
8.100200e+01	3.365590e+05
8.105100e+01	3.356590e+05
8.110200e+01	3.357350e+05
8.115200e+01	3.335320e+05
8.120200e+01	3.347050e+05
8.125200e+01	3.327320e+05
8.130200e+01	3.336420e+05
8.135300e+01	3.328380e+05
8.140200e+01	3.320840e+05
8.145200e+01	3.320430e+05
8.150200e+01	3.324680e+05
8.155300e+01	3.317500e+05
8.160300e+01	3.319470e+05
8.165300e+01	3.314160e+05
8.170300e+01	3.321850e+05
8.175300e+01	3.310750e+05
8.180300e+01	3.335130e+05
8.185300e+01	3.368660e+05
8.190400e+01	3.351510e+05
8.195300e+01	3.339450e+05
8.200400e+01	3.324100e+05
8.205400e+01	3.326410e+05
8.210400e+01	3.316620e+05
8.215400e+01	3.314770e+05
8.220400e+01	3.298760e+05
8.225400e+01	3.299520e+05
8.230400e+01	3.300470e+05
8.235500e+01	3.292190e+05
8.240400e+01	3.291610e+05
8.245400e+01	3.283400e+05
8.250400e+01	3.285330e+05
8.255400e+01	3.283310e+05
8.260500e+01	3.271230e+05
8.265400e+01	3.276270e+05
8.270500e+01	3.281320e+05
8.275400e+01	3.275370e+05
8.280500e+01	3.298870e+05
8.285500e+01	3.322320e+05
8.290600e+01	3.327160e+05
8.295500e+01	3.303580e+05
8.300600e+01	3.293780e+05
8.305500e+01	3.281230e+05
8.310500e+01	3.277770e+05
8.315600e+01	3.275820e+05
8.320600e+01	3.263930e+05
8.325600e+01	3.261990e+05
8.330600e+01	3.262060e+05
8.335600e+01	3.257050e+05
8.340600e+01	3.249600e+05
8.345600e+01	3.283510e+05
8.350600e+01	3.255030e+05
8.355600e+01	3.260200e+05
8.360600e+01	3.242720e+05
8.365600e+01	3.247140e+05
8.370600e+01	3.237920e+05
8.375600e+01	3.248430e+05
8.380700e+01	3.263650e+05
8.385600e+01	3.292520e+05
8.390700e+01	3.273310e+05
8.395600e+01	3.270870e+05
8.400800e+01	3.256500e+05
8.405800e+01	3.247240e+05
8.410800e+01	3.242570e+05
8.415700e+01	3.241230e+05
8.420700e+01	3.232450e+05
8.425800e+01	3.230830e+05
8.430800e+01	3.228270e+05
8.435800e+01	3.225080e+05
8.440800e+01	3.223000e+05
8.445700e+01	3.215120e+05
8.450900e+01	3.220910e+05
8.455800e+01	3.208980e+05
8.460800e+01	3.215600e+05
8.465900e+01	3.206110e+05
8.470900e+01	3.219140e+05
8.475900e+01	3.208660e+05
8.480900e+01	3.238640e+05
8.485900e+01	3.254110e+05
8.490900e+01	3.246670e+05
8.495900e+01	3.244090e+05
8.500900e+01	3.217930e+05
8.505900e+01	3.212520e+05
8.511000e+01	3.211330e+05
8.516000e+01	3.209330e+05
8.520900e+01	3.196630e+05
8.525900e+01	3.203690e+05
8.531000e+01	3.192760e+05
8.535900e+01	3.188000e+05
8.541000e+01	3.185140e+05
8.546000e+01	3.194810e+05
8.551000e+01	3.185060e+05
8.556000e+01	3.181080e+05
8.561100e+01	3.178680e+05
8.566100e+01	3.176930e+05
8.571100e+01	3.180940e+05
8.576100e+01	3.177030e+05
8.581100e+01	3.213530e+05
8.586100e+01	3.223620e+05
8.591100e+01	3.216680e+05
8.596100e+01	3.196950e+05
8.601100e+01	3.193090e+05
8.606100e+01	3.186190e+05
8.611100e+01	3.183790e+05
8.616100e+01	3.173430e+05
8.621100e+01	3.167600e+05
8.626100e+01	3.156540e+05
8.631200e+01	3.162660e+05
8.636100e+01	3.157690e+05
8.641200e+01	3.157780e+05
8.646200e+01	3.150390e+05
8.651200e+01	3.153170e+05
8.656200e+01	3.159950e+05
8.661200e+01	3.153810e+05
8.666200e+01	3.146100e+05
8.671200e+01	3.151470e+05
8.676200e+01	3.148870e+05
8.681200e+01	3.170020e+05
8.686300e+01	3.199650e+05
8.691300e+01	3.183750e+05
8.696200e+01	3.174230e+05
8.701200e+01	3.157120e+05
8.706400e+01	3.150820e+05
8.711400e+01	3.147990e+05
8.716200e+01	3.149600e+05
8.721400e+01	3.144500e+05
8.726400e+01	3.132080e+05
8.731400e+01	3.135230e+05
8.736300e+01	3.120940e+05
8.741300e+01	3.124190e+05
8.746300e+01	3.122730e+05
8.751300e+01	3.129600e+05
8.756400e+01	3.121570e+05
8.761400e+01	3.120460e+05
8.766400e+01	3.117840e+05
8.771400e+01	3.122500e+05
8.776400e+01	3.120830e+05
8.781400e+01	3.147420e+05
8.786400e+01	3.162650e+05
8.791400e+01	3.150820e+05
8.796400e+01	3.141400e+05
8.801500e+01	3.136060e+05
8.806400e+01	3.134150e+05
8.811500e+01	3.123010e+05
8.816500e+01	3.122730e+05
8.821500e+01	3.107890e+05
8.826500e+01	3.109820e+05
8.831500e+01	3.108730e+05
8.836600e+01	3.108660e+05
8.841600e+01	3.100750e+05
8.846500e+01	3.104310e+05
8.851500e+01	3.092710e+05
8.856500e+01	3.100760e+05
8.861700e+01	3.095180e+05
8.866600e+01	3.091740e+05
8.871600e+01	3.084230e+05
8.876600e+01	3.096050e+05
8.881600e+01	3.096050e+05
8.888100e+01	3.137410e+05
8.892100e+01	3.131580e+05
8.896600e+01	3.110960e+05
8.901700e+01	3.110050e+05
8.906700e+01	3.098130e+05
8.911700e+01	3.098660e+05
8.916700e+01	3.094430e+05
8.921700e+01	3.091680e+05
8.926600e+01	3.076930e+05
8.931700e+01	3.077330e+05
8.936700e+01	3.079640e+05
8.941700e+01	3.078950e+05
8.946700e+01	3.074590e+05
8.951800e+01	3.080150e+05
8.956700e+01	3.067730e+05
8.961700e+01	3.068720e+05
8.966700e+01	3.066380e+05
8.971800e+01	3.070460e+05
8.976700e+01	3.063770e+05
8.981800e+01	3.089480e+05
8.986800e+01	3.112640e+05
8.991800e+01	3.108320e+05
8.996900e+01	3.097330e+05
9.009100e+01	3.088760e+05
9.026100e+01	3.081330e+05
9.032300e+01	3.073820e+05
9.033400e+01	3.089790e+05
9.036900e+01	3.066600e+05
9.041900e+01	3.044780e+05
9.046900e+01	3.048570e+05
9.051900e+01	3.052670e+05
9.056900e+01	3.048760e+05
9.062000e+01	3.045260e+05
9.066900e+01	3.042680e+05
9.072000e+01	3.044500e+05
9.076900e+01	3.044700e+05
9.082000e+01	3.082140e+05
9.087000e+01	3.098050e+05
9.092000e+01	3.085480e+05
9.097000e+01	3.068190e+05
9.102000e+01	3.056770e+05
9.107000e+01	3.050010e+05
9.112000e+01	3.057680e+05
9.117000e+01	3.051800e+05
9.122000e+01	3.042630e+05
9.127000e+01	3.038500e+05
9.132100e+01	3.033660e+05
9.137100e+01	3.039770e+05
9.142100e+01	3.031680e+05
9.147100e+01	3.036120e+05
9.152200e+01	3.028760e+05
9.157100e+01	3.026520e+05
9.162100e+01	3.023820e+05
9.167100e+01	3.024490e+05
9.172100e+01	3.027360e+05
9.177100e+01	3.029580e+05
9.182100e+01	3.061260e+05
9.187100e+01	3.071900e+05
9.192200e+01	3.064100e+05
9.197200e+01	3.070200e+05
9.202200e+01	3.045140e+05
9.207300e+01	3.035120e+05
9.212300e+01	3.028110e+05
9.217200e+01	3.025320e+05
9.222200e+01	3.028700e+05
9.227200e+01	3.021970e+05
9.232300e+01	3.025870e+05
9.237200e+01	3.022420e+05
9.242300e+01	3.011200e+05
9.247200e+01	3.013640e+05
9.252300e+01	3.014660e+05
9.257400e+01	3.008830e+05
9.262400e+01	3.010250e+05
9.267400e+01	3.008830e+05
9.272400e+01	3.006360e+05
9.277300e+01	3.006270e+05
9.282300e+01	3.052010e+05
9.287300e+01	3.055580e+05
9.292400e+01	3.052950e+05
9.297400e+01	3.035430e+05
9.302400e+01	3.031000e+05
9.307400e+01	3.024650e+05
9.312400e+01	3.017380e+05
9.317400e+01	3.017090e+05
9.322400e+01	3.013230e+05
9.327400e+01	3.001360e+05
9.332500e+01	3.000190e+05
9.337500e+01	3.000200e+05
9.342600e+01	2.998090e+05
9.347400e+01	2.996540e+05
9.352500e+01	2.999570e+05
9.357500e+01	2.999380e+05
9.362500e+01	2.983690e+05
9.367500e+01	3.007390e+05
9.372500e+01	2.992810e+05
9.377500e+01	2.994380e+05
9.382500e+01	3.036120e+05
9.387500e+01	3.046070e+05
9.392600e+01	3.031910e+05
9.397500e+01	3.031320e+05
9.402600e+01	3.012230e+05
9.407600e+01	3.011430e+05
9.412600e+01	3.004830e+05
9.417600e+01	3.006520e+05
9.422600e+01	3.002040e+05
9.427600e+01	2.998510e+05
9.432700e+01	3.003200e+05
9.437700e+01	2.990990e+05
9.442700e+01	2.994250e+05
9.447700e+01	2.984460e+05
9.452600e+01	2.993870e+05
9.457700e+01	2.983930e+05
9.462700e+01	2.990640e+05
9.467700e+01	2.981150e+05
9.478700e+01	2.985610e+05
9.479500e+01	2.990010e+05
9.482800e+01	3.031750e+05
9.487700e+01	3.040510e+05
9.492700e+01	3.030930e+05
9.497800e+01	3.022650e+05
9.502800e+01	3.006480e+05
9.507800e+01	3.002030e+05
9.512800e+01	3.003810e+05
9.517800e+01	2.997520e+05
9.522800e+01	2.990540e+05
9.527800e+01	2.996590e+05
9.532800e+01	2.987750e+05
9.537900e+01	2.992280e+05
9.542800e+01	2.986300e+05
9.547900e+01	3.012840e+05
9.552800e+01	2.987280e+05
9.557900e+01	2.988540e+05
9.562900e+01	2.981710e+05
9.567900e+01	2.978000e+05
9.572900e+01	2.978850e+05
9.577900e+01	2.985100e+05
9.583000e+01	3.020030e+05
9.588000e+01	3.029970e+05
9.593000e+01	3.025910e+05
9.598000e+01	3.020000e+05
9.603000e+01	3.013170e+05
9.608000e+01	2.998450e+05
9.612900e+01	2.996750e+05
9.618000e+01	2.995790e+05
9.623000e+01	2.999460e+05
9.628000e+01	2.984570e+05
9.633000e+01	2.990550e+05
9.638000e+01	2.984330e+05
9.643000e+01	2.979370e+05
9.648000e+01	2.979170e+05
9.653000e+01	2.984370e+05
9.658000e+01	2.986990e+05
9.663100e+01	2.979810e+05
9.668100e+01	2.974990e+05
9.673200e+01	2.981980e+05
9.678100e+01	2.985610e+05
9.683100e+01	3.030250e+05
9.688100e+01	3.040750e+05
9.693100e+01	3.018840e+05
9.698200e+01	3.012600e+05
9.703100e+01	3.006430e+05
9.708100e+01	3.003360e+05
9.713100e+01	3.000190e+05
9.718100e+01	3.001950e+05
9.723200e+01	2.994200e+05
9.728200e+01	2.995340e+05
9.733300e+01	2.989240e+05
9.738200e+01	2.986490e+05
9.743200e+01	2.985580e+05
9.749100e+01	2.987660e+05
9.753300e+01	2.980730e+05
9.758300e+01	2.978220e+05
9.763300e+01	2.980850e+05
9.768300e+01	2.981730e+05
9.773300e+01	2.985770e+05
9.778300e+01	2.982660e+05
9.783300e+01	3.038850e+05
9.788300e+01	3.034830e+05
9.793400e+01	3.033150e+05
9.798400e+01	3.022390e+05
9.803400e+01	3.013580e+05
9.808300e+01	3.004010e+05
9.813300e+01	3.006660e+05
9.818400e+01	2.999960e+05
9.823300e+01	2.996690e+05
9.828400e+01	3.004700e+05
9.833400e+01	2.993140e+05
9.838300e+01	2.987200e+05
9.843400e+01	2.989330e+05
9.848400e+01	2.992090e+05
9.853500e+01	2.992490e+05
9.858400e+01	2.995540e+05
9.863500e+01	2.983080e+05
9.868400e+01	2.985020e+05
9.873400e+01	2.983690e+05
9.878500e+01	2.991890e+05
9.883500e+01	3.044080e+05
9.888400e+01	3.053310e+05
9.893500e+01	3.034360e+05
9.898500e+01	3.026290e+05
9.903500e+01	3.024710e+05
9.908600e+01	3.016180e+05
9.913500e+01	3.018780e+05
9.918600e+01	3.014600e+05
9.923600e+01	3.007110e+05
9.928600e+01	2.996510e+05
9.933600e+01	3.009270e+05
9.938600e+01	3.000050e+05
9.943600e+01	2.999100e+05
9.948600e+01	2.992970e+05
9.953600e+01	2.996160e+05
9.958600e+01	2.990990e+05
9.963700e+01	2.992820e+05
9.968600e+01	2.994710e+05
9.973600e+01	2.995300e+05
9.978600e+01	2.995820e+05
9.983700e+01	3.060160e+05
9.988600e+01	3.057270e+05
9.993700e+01	3.046180e+05
9.998700e+01	3.045140e+05
1.000370e+02	3.031250e+05
1.000870e+02	3.026870e+05
1.001380e+02	3.024410e+05
1.001880e+02	3.021990e+05
1.002370e+02	3.013590e+05
1.002870e+02	3.010390e+05
1.003380e+02	3.010300e+05
1.003880e+02	3.014890e+05
1.004370e+02	3.009180e+05
1.004880e+02	3.009730e+05
1.005370e+02	3.002750e+05
1.005880e+02	3.006880e+05
1.006390e+02	3.004090e+05
1.006880e+02	2.998610e+05
1.007380e+02	2.997230e+05
1.007880e+02	3.004390e+05
1.008380e+02	3.073750e+05
1.008880e+02	3.068620e+05
1.009380e+02	3.062050e+05
1.009890e+02	3.044830e+05
1.010390e+02	3.056420e+05
1.010890e+02	3.039910e+05
1.011390e+02	3.042870e+05
1.011890e+02	3.026120e+05
1.012390e+02	3.027180e+05
1.012900e+02	3.023520e+05
1.013400e+02	3.022630e+05
1.013900e+02	3.024510e+05
1.014400e+02	3.021000e+05
1.014900e+02	3.018600e+05
1.015400e+02	3.016680e+05
1.015900e+02	3.051770e+05
1.016400e+02	3.026530e+05
1.016900e+02	3.020250e+05
1.017400e+02	3.015500e+05
1.017900e+02	3.020340e+05
1.018400e+02	3.084130e+05
1.018900e+02	3.086900e+05
1.019410e+02	3.074590e+05
1.019910e+02	3.074040e+05
1.020400e+02	3.062070e+05
1.020910e+02	3.055220e+05
1.021410e+02	3.051390e+05
1.021920e+02	3.052240e+05
1.022420e+02	3.045640e+05
1.022920e+02	3.044820e+05
1.023420e+02	3.038840e+05
1.023910e+02	3.033300e+05
1.024420e+02	3.032250e+05
1.024910e+02	3.032510e+05
1.025420e+02	3.038010e+05
1.025920e+02	3.029890e+05
1.026420e+02	3.031350e+05
1.026920e+02	3.026850e+05
1.027420e+02	3.032490e+05
1.027920e+02	3.038740e+05
1.028420e+02	3.107450e+05
1.028920e+02	3.097450e+05
1.029430e+02	3.096210e+05
1.029930e+02	3.081990e+05
1.030430e+02	3.073850e+05
1.030930e+02	3.069060e+05
1.031430e+02	3.063290e+05
1.031930e+02	3.065370e+05
1.032430e+02	3.063630e+05
1.032940e+02	3.054190e+05
1.033440e+02	3.061550e+05
1.033930e+02	3.052610e+05
1.034440e+02	3.049630e+05
1.034940e+02	3.044550e+05
1.035430e+02	3.047690e+05
1.035940e+02	3.050260e+05
1.036440e+02	3.044850e+05
1.036930e+02	3.052060e+05
1.037440e+02	3.042480e+05
1.037940e+02	3.061270e+05
1.038440e+02	3.124300e+05
1.038940e+02	3.116730e+05
1.039440e+02	3.108620e+05
1.039950e+02	3.100620e+05
1.040450e+02	3.095010e+05
1.040940e+02	3.089650e+05
1.041450e+02	3.081000e+05
1.041940e+02	3.085430e+05
1.042450e+02	3.073370e+05
1.042950e+02	3.071790e+05
1.043450e+02	3.071070e+05
1.043950e+02	3.067410e+05
1.044450e+02	3.072000e+05
1.044950e+02	3.069020e+05
1.045450e+02	3.068390e+05
1.045950e+02	3.062680e+05
1.046460e+02	3.068120e+05
1.046960e+02	3.062850e+05
1.047460e+02	3.066440e+05
1.047960e+02	3.082170e+05
1.048470e+02	3.146950e+05
1.048960e+02	3.134460e+05
1.049460e+02	3.126300e+05
1.049960e+02	3.119760e+05
1.050470e+02	3.117300e+05
1.050960e+02	3.101120e+05
1.051470e+02	3.104260e+05
1.051970e+02	3.093230e+05
1.052470e+02	3.093740e+05
1.052970e+02	3.091730e+05
1.053470e+02	3.090370e+05
1.053970e+02	3.095700e+05
1.054480e+02	3.076360e+05
1.054970e+02	3.094120e+05
1.055470e+02	3.083250e+05
1.055970e+02	3.091790e+05
1.056470e+02	3.088650e+05
1.056980e+02	3.082580e+05
1.057480e+02	3.082820e+05
1.057980e+02	3.108440e+05
1.058480e+02	3.158830e+05
1.058980e+02	3.160950e+05
1.059480e+02	3.148790e+05
1.059990e+02	3.140170e+05
1.060480e+02	3.132920e+05
1.060980e+02	3.124890e+05
1.061490e+02	3.128090e+05
1.061990e+02	3.123360e+05
1.062490e+02	3.120360e+05
1.062990e+02	3.108040e+05
1.063490e+02	3.118970e+05
1.063990e+02	3.113530e+05
1.064500e+02	3.110490e+05
1.064990e+02	3.108630e+05
1.065500e+02	3.105000e+05
1.066000e+02	3.102180e+05
1.066500e+02	3.103520e+05
1.066990e+02	3.107750e+05
1.067500e+02	3.104880e+05
1.068000e+02	3.133680e+05
1.068500e+02	3.175240e+05
1.069000e+02	3.172040e+05
1.069500e+02	3.158830e+05
1.070000e+02	3.171280e+05
1.070500e+02	3.151900e+05
1.071000e+02	3.146660e+05
1.071510e+02	3.134210e+05
1.072000e+02	3.142160e+05
1.072510e+02	3.138950e+05
1.073010e+02	3.138060e+05
1.073510e+02	3.129400e+05
1.074000e+02	3.139070e+05
1.074510e+02	3.126940e+05
1.075010e+02	3.127520e+05
1.075510e+02	3.126420e+05
1.076010e+02	3.127350e+05
1.076510e+02	3.127930e+05
1.077010e+02	3.118600e+05
1.077520e+02	3.120510e+05
1.078010e+02	3.153960e+05
1.078520e+02	3.204000e+05
1.079020e+02	3.196900e+05
1.079520e+02	3.189490e+05
1.080020e+02	3.178050e+05
1.080520e+02	3.178470e+05
1.081030e+02	3.161660e+05
1.081520e+02	3.165330e+05
1.082020e+02	3.163080e+05
1.082530e+02	3.159970e+05
1.083020e+02	3.148440e+05
1.083520e+02	3.155120e+05
1.084030e+02	3.149220e+05
1.084530e+02	3.154270e+05
1.085030e+02	3.156190e+05
1.085530e+02	3.145940e+05
1.086040e+02	3.147080e+05
1.086530e+02	3.136930e+05
1.087030e+02	3.156810e+05
1.087540e+02	3.143500e+05
1.088040e+02	3.184880e+05
1.088540e+02	3.221770e+05
1.089030e+02	3.221480e+05
1.089540e+02	3.210260e+05
1.090030e+02	3.203190e+05
1.090540e+02	3.193260e+05
1.091040e+02	3.188910e+05
1.091540e+02	3.185650e+05
1.092040e+02	3.188430e+05
1.092540e+02	3.181330e+05
1.093040e+02	3.183500e+05
1.093540e+02	3.178360e+05
1.094040e+02	3.172980e+05
1.094550e+02	3.173490e+05
1.095050e+02	3.169530e+05
1.095550e+02	3.176440e+05
1.096040e+02	3.163910e+05
1.096550e+02	3.166760e+05
1.097050e+02	3.167250e+05
1.097560e+02	3.165910e+05
1.098050e+02	3.214260e+05
1.098550e+02	3.247160e+05
1.099060e+02	3.234940e+05
1.099560e+02	3.232400e+05
1.100060e+02	3.227670e+05
1.100560e+02	3.216310e+05
1.101060e+02	3.212840e+05
1.101560e+02	3.205970e+05
1.102060e+02	3.210340e+05
1.102560e+02	3.195180e+05
1.103060e+02	3.200830e+05
1.103570e+02	3.199330e+05
1.104060e+02	3.205640e+05
1.104560e+02	3.200340e+05
1.105060e+02	3.198860e+05
1.105570e+02	3.195940e+05
1.106070e+02	3.195930e+05
1.106570e+02	3.193240e+05
1.107080e+02	3.192880e+05
1.107570e+02	3.195550e+05
1.108070e+02	3.232690e+05
1.108570e+02	3.273320e+05
1.109070e+02	3.259290e+05
1.109580e+02	3.259190e+05
1.110080e+02	3.250780e+05
1.110580e+02	3.249110e+05
1.111080e+02	3.236010e+05
1.111580e+02	3.234070e+05
1.112070e+02	3.228430e+05
1.112580e+02	3.234880e+05
1.113080e+02	3.220260e+05
1.113580e+02	3.221930e+05
1.114080e+02	3.215560e+05
1.114590e+02	3.214440e+05
1.115090e+02	3.218750e+05
1.115590e+02	3.219720e+05
1.116090e+02	3.220950e+05
1.116590e+02	3.215050e+05
1.117090e+02	3.211200e+05
1.117590e+02	3.214030e+05
1.118090e+02	3.262340e+05
1.118590e+02	3.303710e+05
1.119090e+02	3.294820e+05
1.119590e+02	3.274030e+05
1.120090e+02	3.269840e+05
1.120600e+02	3.266570e+05
1.121090e+02	3.266250e+05
1.121590e+02	3.259380e+05
1.122100e+02	3.257800e+05
1.122600e+02	3.247200e+05
1.123100e+02	3.246590e+05
1.123600e+02	3.246950e+05
1.124100e+02	3.252060e+05
1.124610e+02	3.248460e+05
1.125100e+02	3.242070e+05
1.125600e+02	3.242840e+05
1.126100e+02	3.235310e+05
1.126610e+02	3.240940e+05
1.127110e+02	3.236030e+05
1.127610e+02	3.241350e+05
1.128110e+02	3.284080e+05
1.128610e+02	3.323790e+05
1.129110e+02	3.305000e+05
1.129620e+02	3.307370e+05
1.130120e+02	3.298070e+05
1.130610e+02	3.291660e+05
1.131110e+02	3.327300e+05
1.131620e+02	3.283250e+05
1.132120e+02	3.286010e+05
1.132620e+02	3.281050e+05
1.133120e+02	3.269320e+05
1.133630e+02	3.262790e+05
1.134120e+02	3.267460e+05
1.134630e+02	3.258990e+05
1.135130e+02	3.270380e+05
1.135630e+02	3.262230e+05
1.136120e+02	3.269610e+05
1.136630e+02	3.257280e+05
1.137130e+02	3.258700e+05
1.137630e+02	3.256330e+05
1.138120e+02	3.316650e+05
1.138630e+02	3.343540e+05
1.139130e+02	3.334320e+05
1.139630e+02	3.326060e+05
1.140130e+02	3.318820e+05
1.140640e+02	3.313620e+05
1.141140e+02	3.309330e+05
1.141640e+02	3.308570e+05
1.142140e+02	3.299890e+05
1.142640e+02	3.294370e+05
1.143140e+02	3.295110e+05
1.143640e+02	3.298250e+05
1.144140e+02	3.292050e+05
1.144650e+02	3.292500e+05
1.145140e+02	3.282490e+05
1.145640e+02	3.282450e+05
1.146140e+02	3.288360e+05
1.146650e+02	3.283670e+05
1.147150e+02	3.283670e+05
1.147640e+02	3.284500e+05
1.148150e+02	3.338750e+05
1.148640e+02	3.365100e+05
1.149150e+02	3.353090e+05
1.149650e+02	3.346830e+05
1.150150e+02	3.336950e+05
1.150660e+02	3.333350e+05
1.151150e+02	3.323630e+05
1.151650e+02	3.323550e+05
1.152150e+02	3.330700e+05
1.152660e+02	3.314120e+05
1.153160e+02	3.318320e+05
1.153650e+02	3.311230e+05
1.154150e+02	3.308880e+05
1.154660e+02	3.313250e+05
1.155160e+02	3.307370e+05
1.155670e+02	3.320040e+05
1.156160e+02	3.307180e+05
1.156660e+02	3.310550e+05
1.157160e+02	3.304770e+05
1.157670e+02	3.307670e+05
1.158170e+02	3.365230e+05
1.158660e+02	3.390380e+05
1.159160e+02	3.380970e+05
1.159670e+02	3.369140e+05
1.160170e+02	3.361910e+05
1.160670e+02	3.362550e+05
1.161180e+02	3.348450e+05
1.161670e+02	3.347290e+05
1.162170e+02	3.341100e+05
1.162670e+02	3.335170e+05
1.163170e+02	3.334740e+05
1.163680e+02	3.336180e+05
1.164180e+02	3.339070e+05
1.164680e+02	3.330690e+05
1.165190e+02	3.326140e+05
1.165680e+02	3.326270e+05
1.166180e+02	3.330610e+05
1.166680e+02	3.328990e+05
1.167190e+02	3.325600e+05
1.167690e+02	3.325920e+05
1.168190e+02	3.382170e+05
1.168680e+02	3.412340e+05
1.169180e+02	3.397900e+05
1.169690e+02	3.391710e+05
1.170190e+02	3.384390e+05
1.170690e+02	3.368080e+05
1.171190e+02	3.370850e+05
1.171690e+02	3.368240e+05
1.172190e+02	3.365840e+05
1.172690e+02	3.361020e+05
1.173190e+02	3.354380e+05
1.173700e+02	3.353520e+05
1.174190e+02	3.348100e+05
1.174690e+02	3.351430e+05
1.175190e+02	3.354900e+05
1.175690e+02	3.350680e+05
1.176200e+02	3.349350e+05
1.176700e+02	3.345130e+05
1.177200e+02	3.339060e+05
1.177700e+02	3.350330e+05
1.178200e+02	3.409520e+05
1.178700e+02	3.428340e+05
1.179210e+02	3.414140e+05
1.179710e+02	3.408380e+05
1.180210e+02	3.394780e+05
1.180710e+02	3.399500e+05
1.181210e+02	3.386710e+05
1.181710e+02	3.386520e+05
1.182210e+02	3.377580e+05
1.182710e+02	3.379320e+05
1.183210e+02	3.369970e+05
1.183710e+02	3.379840e+05
1.184210e+02	3.374920e+05
1.184720e+02	3.375770e+05
1.185210e+02	3.363700e+05
1.185720e+02	3.366710e+05
1.186220e+02	3.377360e+05
1.186720e+02	3.371300e+05
1.187220e+02	3.372220e+05
1.187720e+02	3.359600e+05
1.188220e+02	3.444230e+05
1.188720e+02	3.442970e+05
1.189220e+02	3.439170e+05
1.189720e+02	3.426900e+05
1.190230e+02	3.421270e+05
1.190730e+02	3.408410e+05
1.191220e+02	3.407510e+05
1.191730e+02	3.403040e+05
1.192230e+02	3.408480e+05
1.192740e+02	3.400270e+05
1.193230e+02	3.393920e+05
1.193730e+02	3.395580e+05
1.194240e+02	3.393660e+05
1.194740e+02	3.395180e+05
1.195230e+02	3.388230e+05
1.195740e+02	3.391840e+05
1.196230e+02	3.384980e+05
1.196740e+02	3.384030e+05
1.197240e+02	3.388200e+05
1.197740e+02	3.393370e+05
1.198230e+02	3.457570e+05
1.198740e+02	3.466940e+05
1.199250e+02	3.451600e+05
1.199750e+02	3.443110e+05
1.200240e+02	3.436030e+05
1.200740e+02	3.438200e+05
1.201250e+02	3.461170e+05
1.201750e+02	3.429630e+05
1.202240e+02	3.428800e+05
1.202750e+02	3.417320e+05
1.203250e+02	3.417810e+05
1.203750e+02	3.401940e+05
1.204250e+02	3.412250e+05
1.204750e+02	3.404720e+05
1.205250e+02	3.412210e+05
1.205750e+02	3.403940e+05
1.206260e+02	3.418450e+05
1.206760e+02	3.409480e+05
1.207260e+02	3.408220e+05
1.207760e+02	3.401080e+05
1.208260e+02	3.487110e+05
1.208760e+02	3.480220e+05
1.209260e+02	3.477280e+05
1.209760e+02	3.463090e+05
1.210260e+02	3.449840e+05
1.210760e+02	3.454690e+05
1.211270e+02	3.439150e+05
1.211770e+02	3.450070e+05
1.212270e+02	3.436980e+05
1.212780e+02	3.439740e+05
1.213270e+02	3.424760e+05
1.213770e+02	3.429840e+05
1.214270e+02	3.428690e+05
1.214770e+02	3.426890e+05
1.215270e+02	3.426140e+05
1.215770e+02	3.422290e+05
1.216270e+02	3.420310e+05
1.216780e+02	3.419430e+05
1.217280e+02	3.424080e+05
1.217780e+02	3.426350e+05
1.218280e+02	3.496220e+05
1.218780e+02	3.493200e+05
1.219280e+02	3.493390e+05
1.219780e+02	3.480170e+05
1.220280e+02	3.493140e+05
1.220790e+02	3.468360e+05
1.221280e+02	3.465900e+05
1.221790e+02	3.450390e+05
1.222290e+02	3.455820e+05
1.222790e+02	3.446270e+05
1.223290e+02	3.451220e+05
1.223790e+02	3.445360e+05
1.224290e+02	3.452180e+05
1.224790e+02	3.443160e+05
1.225290e+02	3.437290e+05
1.225790e+02	3.444370e+05
1.226300e+02	3.446030e+05
1.226800e+02	3.443830e+05
1.227300e+02	3.431210e+05
1.227800e+02	3.441770e+05
1.228290e+02	3.509480e+05
1.228800e+02	3.513860e+05
1.229300e+02	3.504430e+05
1.229800e+02	3.499790e+05
1.230310e+02	3.488620e+05
1.230800e+02	3.484060e+05
1.231300e+02	3.480010e+05
1.231800e+02	3.480360e+05
1.232300e+02	3.477230e+05
1.232800e+02	3.465880e+05
1.233310e+02	3.460960e+05
1.233810e+02	3.459300e+05
1.234310e+02	3.463890e+05
1.234810e+02	3.461080e+05
1.235310e+02	3.457150e+05
1.235810e+02	3.451670e+05
1.236320e+02	3.458650e+05
1.236820e+02	3.446160e+05
1.237320e+02	3.456930e+05
1.237820e+02	3.461860e+05
1.238320e+02	3.535540e+05
1.238810e+02	3.533020e+05
1.239310e+02	3.526820e+05
1.239820e+02	3.512280e+05
1.240320e+02	3.508650e+05
1.240820e+02	3.501810e+05
1.241330e+02	3.497700e+05
1.241830e+02	3.488060e+05
1.242320e+02	3.490200e+05
1.242830e+02	3.490000e+05
1.243330e+02	3.479190e+05
1.243820e+02	3.485020e+05
1.244330e+02	3.476880e+05
1.244830e+02	3.474260e+05
1.245330e+02	3.474760e+05
1.245830e+02	3.471590e+05
1.246330e+02	3.470060e+05
1.246830e+02	3.472980e+05
1.247340e+02	3.466280e+05
1.247840e+02	3.468220e+05
1.248330e+02	3.548910e+05
1.248830e+02	3.554190e+05
1.249340e+02	3.544250e+05
1.249840e+02	3.535010e+05
1.250340e+02	3.528180e+05
1.250840e+02	3.515660e+05
1.251340e+02	3.511620e+05
1.251840e+02	3.501860e+05
1.252340e+02	3.510530e+05
1.252840e+02	3.497540e+05
1.253340e+02	3.496840e+05
1.253850e+02	3.489040e+05
1.254340e+02	3.495920e+05
1.254850e+02	3.486200e+05
1.255350e+02	3.489350e+05
1.255850e+02	3.491930e+05
1.256350e+02	3.491340e+05
1.256860e+02	3.489470e+05
1.257360e+02	3.482810e+05
1.257850e+02	3.478260e+05
1.258350e+02	3.568030e+05
1.258850e+02	3.569150e+05
1.259360e+02	3.543200e+05
1.259860e+02	3.542520e+05
1.260350e+02	3.533630e+05
1.260860e+02	3.530900e+05
1.261360e+02	3.516590e+05
1.261860e+02	3.519520e+05
1.262370e+02	3.518980e+05
1.262860e+02	3.509990e+05
1.263370e+02	3.504880e+05
1.263870e+02	3.502600e+05
1.264370e+02	3.499150e+05
1.264870e+02	3.504400e+05
1.265370e+02	3.499510e+05
1.265870e+02	3.498570e+05
1.266370e+02	3.501310e+05
1.266870e+02	3.494320e+05
1.267370e+02	3.493390e+05
1.267870e+02	3.498950e+05
1.268370e+02	3.584540e+05
1.268870e+02	3.571660e+05
1.269370e+02	3.560650e+05
1.269870e+02	3.542710e+05
1.270380e+02	3.551420e+05
1.270870e+02	3.536990e+05
1.271380e+02	3.530080e+05
1.271880e+02	3.528610e+05
1.272380e+02	3.527100e+05
1.272880e+02	3.522020e+05
1.273380e+02	3.510500e+05
1.273880e+02	3.513890e+05
1.274380e+02	3.515360e+05
1.274880e+02	3.515450e+05
1.275380e+02	3.504890e+05
1.275880e+02	3.502130e+05
1.276380e+02	3.507970e+05
1.276880e+02	3.512510e+05
1.277390e+02	3.503850e+05
1.277900e+02	3.513010e+05
1.278390e+02	3.583040e+05
1.278900e+02	3.584960e+05
1.279390e+02	3.566490e+05
1.279890e+02	3.554710e+05
1.280390e+02	3.552820e+05
1.280900e+02	3.546350e+05
1.281400e+02	3.544370e+05
1.281900e+02	3.535310e+05
1.282400e+02	3.529690e+05
1.282900e+02	3.534920e+05
1.283400e+02	3.526520e+05
1.283910e+02	3.515220e+05
1.284400e+02	3.521060e+05
1.284900e+02	3.518180e+05
1.285400e+02	3.518100e+05
1.285910e+02	3.548230e+05
1.286410e+02	3.519430e+05
1.286910e+02	3.513130e+05
1.287410e+02	3.510130e+05
1.287910e+02	3.516840e+05
1.288410e+02	3.593850e+05
1.288910e+02	3.586340e+05
1.289410e+02	3.580450e+05
1.289920e+02	3.567970e+05
1.290410e+02	3.566180e+05
1.290920e+02	3.556920e+05
1.291420e+02	3.553520e+05
1.291920e+02	3.552400e+05
1.292420e+02	3.542440e+05
1.292910e+02	3.534260e+05
1.293420e+02	3.524980e+05
1.293920e+02	3.523900e+05
1.294420e+02	3.527870e+05
1.294930e+02	3.530970e+05
1.295420e+02	3.517170e+05
1.295930e+02	3.522410e+05
1.296430e+02	3.521110e+05
1.296930e+02	3.518260e+05
1.297430e+02	3.514440e+05
1.297930e+02	3.531040e+05
1.298430e+02	3.601010e+05
1.298930e+02	3.597500e+05
1.299430e+02	3.571940e+05
1.299930e+02	3.565480e+05
1.300430e+02	3.570660e+05
1.300930e+02	3.561570e+05
1.301440e+02	3.550200e+05
1.301930e+02	3.541830e+05
1.302430e+02	3.548630e+05
1.302940e+02	3.545080e+05
1.303440e+02	3.533300e+05
1.303940e+02	3.525130e+05
1.304440e+02	3.535100e+05
1.304940e+02	3.529820e+05
1.305440e+02	3.525090e+05
1.305940e+02	3.518560e+05
1.306440e+02	3.523340e+05
1.306940e+02	3.525100e+05
1.307440e+02	3.523770e+05
1.307950e+02	3.531580e+05
1.308440e+02	3.611830e+05
1.308950e+02	3.598430e+05
1.309440e+02	3.586760e+05
1.309950e+02	3.566490e+05
1.310450e+02	3.567930e+05
1.310950e+02	3.563320e+05
1.311460e+02	3.557680e+05
1.311960e+02	3.547070e+05
1.312460e+02	3.540310e+05
1.312950e+02	3.547320e+05
1.313460e+02	3.535890e+05
1.313960e+02	3.533820e+05
1.314460e+02	3.541830e+05
1.314960e+02	3.533870e+05
1.315460e+02	3.524720e+05
1.315970e+02	3.530730e+05
1.316460e+02	3.525910e+05
1.316960e+02	3.533860e+05
1.317460e+02	3.521550e+05
1.317970e+02	3.541350e+05
1.318470e+02	3.596990e+05
1.318960e+02	3.597310e+05
1.319470e+02	3.583590e+05
1.319970e+02	3.566850e+05
1.320470e+02	3.567930e+05
1.320970e+02	3.558950e+05
1.321470e+02	3.557830e+05
1.321980e+02	3.543930e+05
1.322470e+02	3.548170e+05
1.322980e+02	3.545390e+05
1.323480e+02	3.546160e+05
1.323970e+02	3.534100e+05
1.324480e+02	3.538920e+05
1.324980e+02	3.526110e+05
1.325480e+02	3.530270e+05
1.325980e+02	3.532320e+05
1.326480e+02	3.533020e+05
1.326980e+02	3.524840e+05
1.327490e+02	3.520310e+05
1.327980e+02	3.547090e+05
1.328490e+02	3.599380e+05
1.328980e+02	3.600430e+05
1.329490e+02	3.577980e+05
1.329990e+02	3.567570e+05
1.330490e+02	3.565520e+05
1.330990e+02	3.557770e+05
1.331490e+02	3.557060e+05
1.331990e+02	3.549180e+05
1.332500e+02	3.543670e+05
1.332990e+02	3.544390e+05
1.333490e+02	3.536000e+05
1.333990e+02	3.545710e+05
1.334500e+02	3.534090e+05
1.335000e+02	3.531880e+05
1.335500e+02	3.524240e+05
1.335990e+02	3.522430e+05
1.336500e+02	3.530480e+05
1.337000e+02	3.528530e+05
1.337500e+02	3.529450e+05
1.338010e+02	3.538670e+05
1.338500e+02	3.600530e+05
1.339000e+02	3.581240e+05
1.339510e+02	3.574950e+05
1.340010e+02	3.569250e+05
1.340510e+02	3.571510e+05
1.341010e+02	3.549720e+05
1.341510e+02	3.547410e+05
1.342010e+02	3.563220e+05
1.342510e+02	3.548280e+05
1.343010e+02	3.543690e+05
1.343520e+02	3.530920e+05
1.344010e+02	3.528840e+05
1.344510e+02	3.525950e+05
1.345020e+02	3.525920e+05
1.345510e+02	3.520700e+05
1.346020e+02	3.520870e+05
1.346520e+02	3.523950e+05
1.347020e+02	3.519430e+05
1.347520e+02	3.510060e+05
1.348030e+02	3.521610e+05
1.348530e+02	3.518230e+05
1.349030e+02	3.514730e+05
1.349530e+02	3.517510e+05
1.350030e+02	3.514450e+05
1.350530e+02	3.516290e+05
1.351030e+02	3.516100e+05
1.351530e+02	3.508100e+05
1.352030e+02	3.508860e+05
1.352530e+02	3.511010e+05
1.353030e+02	3.502060e+05
1.353530e+02	3.507860e+05
1.354040e+02	3.510090e+05
1.354530e+02	3.511700e+05
1.355030e+02	3.509600e+05
1.355540e+02	3.499240e+05
1.356040e+02	3.498010e+05
1.356540e+02	3.507850e+05
1.357040e+02	3.505130e+05
