0.000000e+00	4.458130e+05
5.000000e-02	4.479000e+05
1.010000e-01	4.470430e+05
1.510000e-01	4.491720e+05
2.010000e-01	4.483020e+05
2.500000e-01	4.476730e+05
3.000000e-01	4.484000e+05
3.510000e-01	4.480170e+05
4.010000e-01	4.488830e+05
4.510000e-01	4.471270e+05
5.010000e-01	4.488210e+05
5.520000e-01	4.480700e+05
6.020000e-01	4.464260e+05
6.520000e-01	4.475790e+05
7.020000e-01	4.472610e+05
7.510000e-01	4.485780e+05
8.020000e-01	4.488250e+05
8.520000e-01	4.471830e+05
9.020000e-01	4.488020e+05
9.520000e-01	4.493390e+05
1.002000e+00	4.489620e+05
1.052000e+00	4.477650e+05
1.103000e+00	4.487530e+05
1.152000e+00	4.482230e+05
1.202000e+00	4.467950e+05
1.252000e+00	4.484920e+05
1.303000e+00	4.475190e+05
1.353000e+00	4.496930e+05
1.403000e+00	4.495000e+05
1.453000e+00	4.478470e+05
1.504000e+00	4.489860e+05
1.554000e+00	4.482580e+05
1.604000e+00	4.493220e+05
1.653000e+00	4.488300e+05
1.704000e+00	4.490900e+05
1.754000e+00	4.478920e+05
1.804000e+00	4.486110e+05
1.854000e+00	4.480770e+05
1.904000e+00	4.484190e+05
1.954000e+00	4.493850e+05
2.003000e+00	4.485940e+05
2.054000e+00	4.477510e+05
2.104000e+00	4.484050e+05
2.154000e+00	4.494820e+05
2.204000e+00	4.490300e+05
2.254000e+00	4.487770e+05
2.305000e+00	4.480080e+05
2.355000e+00	4.486630e+05
2.405000e+00	4.474510e+05
2.454000e+00	4.486900e+05
2.505000e+00	4.479370e+05
2.555000e+00	4.501860e+05
2.605000e+00	4.495340e+05
2.655000e+00	4.478010e+05
2.706000e+00	4.490690e+05
2.755000e+00	4.491190e+05
2.806000e+00	4.497070e+05
2.855000e+00	4.492390e+05
2.905000e+00	4.487830e+05
2.956000e+00	4.487200e+05
3.006000e+00	4.486630e+05
3.056000e+00	4.474700e+05
3.106000e+00	4.500550e+05
3.156000e+00	4.502190e+05
3.207000e+00	4.495480e+05
3.257000e+00	4.480360e+05
3.307000e+00	4.485970e+05
3.356000e+00	4.482960e+05
3.407000e+00	4.501680e+05
3.457000e+00	4.484410e+05
3.507000e+00	4.490680e+05
3.557000e+00	4.479780e+05
3.606000e+00	4.487120e+05
3.656000e+00	4.486350e+05
3.707000e+00	4.498490e+05
3.757000e+00	4.497890e+05
3.807000e+00	4.484720e+05
3.857000e+00	4.473230e+05
3.907000e+00	4.488110e+05
3.957000e+00	4.498790e+05
4.008000e+00	4.504480e+05
4.058000e+00	4.472230e+05
4.108000e+00	4.487780e+05
4.158000e+00	4.477990e+05
4.208000e+00	4.485410e+05
4.259000e+00	4.473580e+05
4.309000e+00	4.492350e+05
4.359000e+00	4.496660e+05
4.408000e+00	4.492930e+05
4.458000e+00	4.476920e+05
4.508000e+00	4.469180e+05
4.558000e+00	4.498800e+05
4.609000e+00	4.494460e+05
4.662000e+00	4.489360e+05
4.709000e+00	4.475860e+05
4.759000e+00	4.476520e+05
4.810000e+00	4.480010e+05
4.860000e+00	4.487420e+05
4.910000e+00	4.488870e+05
4.959000e+00	4.491470e+05
5.010000e+00	4.484590e+05
5.060000e+00	4.473410e+05
5.110000e+00	4.465740e+05
5.159000e+00	4.476550e+05
5.210000e+00	4.490010e+05
5.260000e+00	4.469190e+05
5.310000e+00	4.472810e+05
5.361000e+00	4.455020e+05
5.410000e+00	4.482310e+05
5.460000e+00	4.474950e+05
5.511000e+00	4.478080e+05
5.561000e+00	4.477170e+05
5.610000e+00	4.476050e+05
5.660000e+00	4.465800e+05
5.711000e+00	4.463990e+05
5.761000e+00	4.480390e+05
5.811000e+00	4.483410e+05
5.861000e+00	4.466880e+05
5.912000e+00	4.458810e+05
5.961000e+00	4.448150e+05
6.011000e+00	4.466290e+05
6.061000e+00	4.472610e+05
6.112000e+00	4.471220e+05
6.162000e+00	4.473340e+05
6.211000e+00	4.506990e+05
6.261000e+00	4.519670e+05
6.312000e+00	4.505800e+05
6.363000e+00	4.503550e+05
6.412000e+00	4.480550e+05
6.462000e+00	4.462280e+05
6.512000e+00	4.447050e+05
6.562000e+00	4.442680e+05
6.613000e+00	4.463060e+05
6.663000e+00	4.456900e+05
6.713000e+00	4.453780e+05
6.763000e+00	4.455650e+05
6.813000e+00	4.448460e+05
6.863000e+00	4.447180e+05
6.913000e+00	4.449720e+05
6.963000e+00	4.462440e+05
7.013000e+00	4.456030e+05
7.063000e+00	4.449220e+05
7.114000e+00	4.456880e+05
7.164000e+00	4.449510e+05
7.214000e+00	4.503460e+05
7.264000e+00	4.496860e+05
7.314000e+00	4.486470e+05
7.364000e+00	4.469240e+05
7.414000e+00	4.451750e+05
7.464000e+00	4.446240e+05
7.515000e+00	4.438990e+05
7.565000e+00	4.464260e+05
7.614000e+00	4.452090e+05
7.665000e+00	4.444640e+05
7.715000e+00	4.433980e+05
7.764000e+00	4.439890e+05
7.815000e+00	4.445580e+05
7.864000e+00	4.429920e+05
7.915000e+00	4.429560e+05
7.965000e+00	4.420610e+05
8.016000e+00	4.416690e+05
8.065000e+00	4.415260e+05
8.116000e+00	4.428050e+05
8.165000e+00	4.439710e+05
8.215000e+00	4.498530e+05
8.265000e+00	4.481800e+05
8.315000e+00	4.455340e+05
8.366000e+00	4.445830e+05
8.416000e+00	4.460970e+05
8.465000e+00	4.436060e+05
8.516000e+00	4.437310e+05
8.566000e+00	4.425100e+05
8.617000e+00	4.434090e+05
8.667000e+00	4.438530e+05
8.717000e+00	4.430230e+05
8.767000e+00	4.436150e+05
8.816000e+00	4.442030e+05
8.867000e+00	4.425380e+05
8.917000e+00	4.421130e+05
8.967000e+00	4.426220e+05
9.017000e+00	4.442300e+05
9.067000e+00	4.434840e+05
9.117000e+00	4.425370e+05
9.167000e+00	4.429170e+05
9.218000e+00	4.477570e+05
9.268000e+00	4.466320e+05
9.317000e+00	4.456280e+05
9.368000e+00	4.458490e+05
9.418000e+00	4.439690e+05
9.468000e+00	4.435460e+05
9.518000e+00	4.407350e+05
9.568000e+00	4.422260e+05
9.618000e+00	4.423640e+05
9.668000e+00	4.433480e+05
9.718000e+00	4.419520e+05
9.768000e+00	4.427320e+05
9.818000e+00	4.422760e+05
9.868000e+00	4.430750e+05
9.919000e+00	4.430030e+05
9.969000e+00	4.435070e+05
1.001900e+01	4.420510e+05
1.006800e+01	4.412940e+05
1.011900e+01	4.434310e+05
1.016900e+01	4.419670e+05
1.021900e+01	4.488770e+05
1.027000e+01	4.454920e+05
1.032000e+01	4.454650e+05
1.036900e+01	4.444690e+05
1.042000e+01	4.434970e+05
1.047000e+01	4.429150e+05
1.052000e+01	4.425240e+05
1.057000e+01	4.433990e+05
1.062100e+01	4.416220e+05
1.067000e+01	4.415130e+05
1.072000e+01	4.403470e+05
1.077000e+01	4.411860e+05
1.082100e+01	4.428860e+05
1.087000e+01	4.420270e+05
1.092000e+01	4.409370e+05
1.097000e+01	4.418580e+05
1.102000e+01	4.416780e+05
1.107000e+01	4.425400e+05
1.112100e+01	4.417310e+05
1.117100e+01	4.419370e+05
1.122200e+01	4.461030e+05
1.127100e+01	4.453290e+05
1.132100e+01	4.440790e+05
1.137100e+01	4.441670e+05
1.142200e+01	4.426920e+05
1.147100e+01	4.410820e+05
1.152200e+01	4.405560e+05
1.157200e+01	4.419930e+05
1.162200e+01	4.431250e+05
1.167200e+01	4.416300e+05
1.172200e+01	4.422700e+05
1.177200e+01	4.406970e+05
1.182200e+01	4.417340e+05
1.187200e+01	4.412180e+05
1.192200e+01	4.399070e+05
1.197200e+01	4.406120e+05
1.202300e+01	4.417480e+05
1.207300e+01	4.414210e+05
1.212300e+01	4.408560e+05
1.217300e+01	4.415840e+05
1.222300e+01	4.460680e+05
1.227300e+01	4.457300e+05
1.232300e+01	4.444670e+05
1.237300e+01	4.416090e+05
1.242300e+01	4.418090e+05
1.247400e+01	4.420850e+05
1.252300e+01	4.400240e+05
1.257300e+01	4.411300e+05
1.262400e+01	4.412530e+05
1.267300e+01	4.434240e+05
1.272400e+01	4.405040e+05
1.277400e+01	4.423430e+05
1.282400e+01	4.422060e+05
1.287400e+01	4.412210e+05
1.292400e+01	4.413690e+05
1.297500e+01	4.413410e+05
1.302500e+01	4.407480e+05
1.307500e+01	4.414980e+05
1.312500e+01	4.402870e+05
1.317500e+01	4.415570e+05
1.322500e+01	4.447630e+05
1.327500e+01	4.453580e+05
1.332500e+01	4.431600e+05
1.337500e+01	4.438720e+05
1.342600e+01	4.427410e+05
1.347500e+01	4.424990e+05
1.352600e+01	4.422710e+05
1.357500e+01	4.410260e+05
1.362500e+01	4.416270e+05
1.367600e+01	4.406340e+05
1.372600e+01	4.411890e+05
1.377600e+01	4.412090e+05
1.382600e+01	4.407000e+05
1.387700e+01	4.404250e+05
1.392600e+01	4.416190e+05
1.397600e+01	4.412660e+05
1.402700e+01	4.419060e+05
1.407600e+01	4.405810e+05
1.412700e+01	4.405960e+05
1.417700e+01	4.409100e+05
1.422700e+01	4.454180e+05
1.427600e+01	4.453890e+05
1.432700e+01	4.429320e+05
1.437700e+01	4.417380e+05
1.442700e+01	4.407580e+05
1.447700e+01	4.400850e+05
1.452700e+01	4.412120e+05
1.457700e+01	4.420970e+05
1.462700e+01	4.418380e+05
1.467800e+01	4.396980e+05
1.472800e+01	4.403380e+05
1.477800e+01	4.422530e+05
1.482700e+01	4.417970e+05
1.487800e+01	4.414000e+05
1.492800e+01	4.397080e+05
1.497800e+01	4.410670e+05
1.502900e+01	4.410250e+05
1.507900e+01	4.402770e+05
1.512800e+01	4.417630e+05
1.517900e+01	4.409260e+05
1.522900e+01	4.455470e+05
1.527800e+01	4.443770e+05
1.532900e+01	4.426480e+05
1.537900e+01	4.428060e+05
1.542900e+01	4.419910e+05
1.547900e+01	4.410860e+05
1.552900e+01	4.406590e+05
1.557900e+01	4.398810e+05
1.562900e+01	4.402250e+05
1.568000e+01	4.400100e+05
1.573000e+01	4.408110e+05
1.578000e+01	4.407240e+05
1.583000e+01	4.412180e+05
1.587900e+01	4.389190e+05
1.593000e+01	4.401040e+05
1.598000e+01	4.409730e+05
1.603000e+01	4.410950e+05
1.608000e+01	4.402500e+05
1.613000e+01	4.396690e+05
1.618000e+01	4.394400e+05
1.623000e+01	4.445800e+05
1.628100e+01	4.429960e+05
1.633100e+01	4.427100e+05
1.638100e+01	4.432470e+05
1.643000e+01	4.417840e+05
1.648100e+01	4.385480e+05
1.653200e+01	4.389170e+05
1.658100e+01	4.405030e+05
1.663200e+01	4.400170e+05
1.668200e+01	4.384280e+05
1.673200e+01	4.390390e+05
1.678200e+01	4.379470e+05
1.683100e+01	4.394410e+05
1.688200e+01	4.385960e+05
1.693200e+01	4.399640e+05
1.698100e+01	4.397660e+05
1.703300e+01	4.388150e+05
1.708200e+01	4.379390e+05
1.713200e+01	4.386140e+05
1.718200e+01	4.412660e+05
1.723300e+01	4.436710e+05
1.728300e+01	4.419180e+05
1.733200e+01	4.388230e+05
1.738300e+01	4.405400e+05
1.743200e+01	4.397620e+05
1.748200e+01	4.383600e+05
1.753300e+01	4.377740e+05
1.758300e+01	4.402040e+05
1.763300e+01	4.385960e+05
1.768400e+01	4.378750e+05
1.773300e+01	4.370900e+05
1.778300e+01	4.389000e+05
1.783300e+01	4.382930e+05
1.788300e+01	4.372520e+05
1.793400e+01	4.350590e+05
1.798400e+01	4.374480e+05
1.803400e+01	4.377890e+05
1.808400e+01	4.373510e+05
1.813400e+01	4.369740e+05
1.818400e+01	4.385270e+05
1.823400e+01	4.418440e+05
1.828400e+01	4.406990e+05
1.833400e+01	4.398400e+05
1.838500e+01	4.388380e+05
1.843500e+01	4.396710e+05
1.848500e+01	4.366680e+05
1.853500e+01	4.362210e+05
1.858500e+01	4.357500e+05
1.863500e+01	4.378460e+05
1.868500e+01	4.373820e+05
1.873500e+01	4.375070e+05
1.878600e+01	4.370760e+05
1.883500e+01	4.369730e+05
1.888500e+01	4.361350e+05
1.893500e+01	4.369170e+05
1.898500e+01	4.377040e+05
1.903600e+01	4.383520e+05
1.908600e+01	4.360500e+05
1.913600e+01	4.356290e+05
1.918600e+01	4.366630e+05
1.923600e+01	4.428190e+05
1.928600e+01	4.401150e+05
1.933700e+01	4.385350e+05
1.938700e+01	4.386390e+05
1.943700e+01	4.371730e+05
1.948700e+01	4.368660e+05
1.953600e+01	4.369450e+05
1.958700e+01	4.387480e+05
1.963700e+01	4.364730e+05
1.968700e+01	4.369810e+05
1.973700e+01	4.355340e+05
1.978700e+01	4.369150e+05
1.983700e+01	4.373100e+05
1.988700e+01	4.399790e+05
1.993700e+01	4.368910e+05
1.998800e+01	4.367910e+05
2.003800e+01	4.364470e+05
2.008700e+01	4.362310e+05
2.013800e+01	4.362370e+05
2.018800e+01	4.375230e+05
2.023800e+01	4.417680e+05
2.028800e+01	4.383600e+05
2.033800e+01	4.367400e+05
2.038800e+01	4.385810e+05
2.043800e+01	4.375420e+05
2.048800e+01	4.375010e+05
2.053800e+01	4.366910e+05
2.058900e+01	4.373910e+05
2.063800e+01	4.362900e+05
2.068900e+01	4.368430e+05
2.073900e+01	4.377440e+05
2.078900e+01	4.377480e+05
2.083900e+01	4.381180e+05
2.088900e+01	4.358040e+05
2.093900e+01	4.358040e+05
2.099000e+01	4.373290e+05
2.103900e+01	4.378470e+05
2.108900e+01	4.367260e+05
2.114000e+01	4.365090e+05
2.119000e+01	4.372870e+05
2.124000e+01	4.426170e+05
2.129000e+01	4.396180e+05
2.134100e+01	4.399550e+05
2.139100e+01	4.389090e+05
2.144000e+01	4.379100e+05
2.149000e+01	4.359780e+05
2.154000e+01	4.345280e+05
2.159000e+01	4.363130e+05
2.164000e+01	4.373270e+05
2.169000e+01	4.365720e+05
2.174100e+01	4.359970e+05
2.179100e+01	4.369580e+05
2.184200e+01	4.363590e+05
2.189100e+01	4.365800e+05
2.194100e+01	4.360770e+05
2.199100e+01	4.376530e+05
2.204200e+01	4.367170e+05
2.209100e+01	4.366070e+05
2.214200e+01	4.345680e+05
2.219100e+01	4.373230e+05
2.224100e+01	4.420800e+05
2.229200e+01	4.400470e+05
2.234200e+01	4.373610e+05
2.239200e+01	4.370000e+05
2.244200e+01	4.371810e+05
2.249200e+01	4.366320e+05
2.254300e+01	4.363900e+05
2.259200e+01	4.354470e+05
2.264200e+01	4.370470e+05
2.269200e+01	4.341130e+05
2.274300e+01	4.342950e+05
2.279200e+01	4.365410e+05
2.284300e+01	4.370790e+05
2.289300e+01	4.357230e+05
2.294300e+01	4.354610e+05
2.299300e+01	4.351390e+05
2.304400e+01	4.370010e+05
2.309300e+01	4.357720e+05
2.314400e+01	4.364710e+05
2.319400e+01	4.373530e+05
2.324400e+01	4.385620e+05
2.329400e+01	4.376700e+05
2.334400e+01	4.356370e+05
2.339300e+01	4.389720e+05
2.344400e+01	4.366130e+05
2.349400e+01	4.358600e+05
2.354400e+01	4.354750e+05
2.359400e+01	4.348800e+05
2.364500e+01	4.372340e+05
2.369400e+01	4.357870e+05
2.374400e+01	4.353060e+05
2.379400e+01	4.351620e+05
2.384500e+01	4.359990e+05
2.389500e+01	4.343220e+05
2.394500e+01	4.330370e+05
2.399500e+01	4.359520e+05
2.404500e+01	4.362520e+05
2.409500e+01	4.355210e+05
2.414500e+01	4.354560e+05
2.419600e+01	4.367020e+05
2.424600e+01	4.394910e+05
2.429600e+01	4.386750e+05
2.434500e+01	4.378960e+05
2.439600e+01	4.369560e+05
2.444600e+01	4.365930e+05
2.449600e+01	4.358950e+05
2.454600e+01	4.359790e+05
2.459600e+01	4.357850e+05
2.464600e+01	4.358930e+05
2.469600e+01	4.355440e+05
2.474600e+01	4.358650e+05
2.479600e+01	4.360190e+05
2.484700e+01	4.369730e+05
2.489600e+01	4.366100e+05
2.494700e+01	4.362220e+05
2.499600e+01	4.353370e+05
2.504700e+01	4.362660e+05
2.509700e+01	4.348920e+05
2.514700e+01	4.349940e+05
2.519800e+01	4.394240e+05
2.524800e+01	4.387580e+05
2.529800e+01	4.382570e+05
2.534700e+01	4.369010e+05
2.539700e+01	4.365340e+05
2.544800e+01	4.384200e+05
2.549700e+01	4.367990e+05
2.554800e+01	4.360170e+05
2.559800e+01	4.361440e+05
2.564800e+01	4.356170e+05
2.569900e+01	4.365730e+05
2.574900e+01	4.352680e+05
2.579800e+01	4.358110e+05
2.584900e+01	4.361230e+05
2.589900e+01	4.359160e+05
2.594900e+01	4.360250e+05
2.599900e+01	4.356310e+05
2.604900e+01	4.376400e+05
2.609900e+01	4.364180e+05
2.614900e+01	4.363920e+05
2.619900e+01	4.399580e+05
2.625000e+01	4.377570e+05
2.629900e+01	4.377670e+05
2.635000e+01	4.374680e+05
2.639900e+01	4.365340e+05
2.644900e+01	4.371470e+05
2.650000e+01	4.357260e+05
2.654900e+01	4.361610e+05
2.660000e+01	4.360310e+05
2.665100e+01	4.371320e+05
2.669900e+01	4.365660e+05
2.675000e+01	4.355120e+05
2.680000e+01	4.357250e+05
2.685000e+01	4.347590e+05
2.690100e+01	4.356590e+05
2.695100e+01	4.349120e+05
2.700000e+01	4.357770e+05
2.705100e+01	4.364640e+05
2.710100e+01	4.343560e+05
2.715100e+01	4.364820e+05
2.720100e+01	4.403940e+05
2.725100e+01	4.371620e+05
2.730100e+01	4.384860e+05
2.735100e+01	4.399340e+05
2.740200e+01	4.373420e+05
2.745200e+01	4.358260e+05
2.750200e+01	4.353810e+05
2.755200e+01	4.337250e+05
2.760100e+01	4.348430e+05
2.765200e+01	4.349210e+05
2.770200e+01	4.336850e+05
2.775200e+01	4.356970e+05
2.780200e+01	4.350330e+05
2.785200e+01	4.357530e+05
2.790200e+01	4.360880e+05
2.795200e+01	4.342140e+05
2.800200e+01	4.348580e+05
2.805300e+01	4.355320e+05
2.810300e+01	4.337100e+05
2.815300e+01	4.348630e+05
2.820300e+01	4.394190e+05
2.825300e+01	4.351370e+05
2.830300e+01	4.356530e+05
2.835300e+01	4.363200e+05
2.840300e+01	4.357340e+05
2.845300e+01	4.352470e+05
2.850300e+01	4.339860e+05
2.855400e+01	4.333370e+05
2.860400e+01	4.342350e+05
2.865400e+01	4.351050e+05
2.870400e+01	4.334800e+05
2.875400e+01	4.331510e+05
2.880400e+01	4.331490e+05
2.885400e+01	4.332880e+05
2.890400e+01	4.332060e+05
2.895400e+01	4.340270e+05
2.900400e+01	4.330030e+05
2.905400e+01	4.338890e+05
2.910500e+01	4.332820e+05
2.915500e+01	4.329640e+05
2.920500e+01	4.374840e+05
2.925500e+01	4.343340e+05
2.930400e+01	4.349090e+05
2.935500e+01	4.349690e+05
2.940500e+01	4.326630e+05
2.945500e+01	4.337630e+05
2.950500e+01	4.324020e+05
2.955500e+01	4.341630e+05
2.960600e+01	4.319360e+05
2.965600e+01	4.330910e+05
2.970500e+01	4.332990e+05
2.975600e+01	4.317290e+05
2.980600e+01	4.327300e+05
2.985600e+01	4.321060e+05
2.990600e+01	4.318810e+05
2.995700e+01	4.317780e+05
3.000600e+01	4.313970e+05
3.005700e+01	4.327420e+05
3.010700e+01	4.324350e+05
3.015700e+01	4.319190e+05
3.020700e+01	4.376770e+05
3.025700e+01	4.332220e+05
3.030600e+01	4.343550e+05
3.035700e+01	4.332430e+05
3.040700e+01	4.332320e+05
3.045700e+01	4.324200e+05
3.050700e+01	4.314600e+05
3.055800e+01	4.326320e+05
3.060700e+01	4.315810e+05
3.065800e+01	4.319860e+05
3.070800e+01	4.317890e+05
3.075800e+01	4.323670e+05
3.080800e+01	4.318000e+05
3.085800e+01	4.312770e+05
3.090800e+01	4.309770e+05
3.095800e+01	4.315010e+05
3.100800e+01	4.327860e+05
3.105800e+01	4.316920e+05
3.110900e+01	4.303220e+05
3.115900e+01	4.309410e+05
3.120900e+01	4.339180e+05
3.125900e+01	4.330670e+05
3.130900e+01	4.329920e+05
3.135900e+01	4.320830e+05
3.140900e+01	4.328600e+05
3.145900e+01	4.307580e+05
3.150900e+01	4.310940e+05
3.155900e+01	4.301810e+05
3.161000e+01	4.313110e+05
3.166000e+01	4.314620e+05
3.170900e+01	4.301230e+05
3.175900e+01	4.302350e+05
3.180900e+01	4.298650e+05
3.186000e+01	4.313250e+05
3.191000e+01	4.316040e+05
3.196000e+01	4.308550e+05
3.201000e+01	4.302900e+05
3.206100e+01	4.293110e+05
3.211100e+01	4.309330e+05
3.216000e+01	4.306000e+05
3.221000e+01	4.346420e+05
3.226000e+01	4.322350e+05
3.231100e+01	4.304140e+05
3.236100e+01	4.307890e+05
3.241100e+01	4.306480e+05
3.246000e+01	4.300870e+05
3.251100e+01	4.306870e+05
3.256100e+01	4.305760e+05
3.261100e+01	4.306570e+05
3.266200e+01	4.290090e+05
3.271200e+01	4.298910e+05
3.276100e+01	4.296740e+05
3.281200e+01	4.298190e+05
3.286200e+01	4.301570e+05
3.291200e+01	4.289600e+05
3.296200e+01	4.296470e+05
3.301100e+01	4.300370e+05
3.306300e+01	4.299000e+05
3.311200e+01	4.302310e+05
3.316300e+01	4.304130e+05
3.321300e+01	4.337850e+05
3.326300e+01	4.299150e+05
3.331200e+01	4.314180e+05
3.336200e+01	4.310300e+05
3.341300e+01	4.302950e+05
3.346300e+01	4.293650e+05
3.351300e+01	4.284850e+05
3.356300e+01	4.282100e+05
3.361200e+01	4.295790e+05
3.366400e+01	4.292330e+05
3.371300e+01	4.297340e+05
3.376400e+01	4.291790e+05
3.381300e+01	4.296690e+05
3.386300e+01	4.293790e+05
3.391300e+01	4.293430e+05
3.396300e+01	4.290440e+05
3.401400e+01	4.291460e+05
3.406300e+01	4.301670e+05
3.411400e+01	4.277480e+05
3.416400e+01	4.288930e+05
3.421400e+01	4.323990e+05
3.426500e+01	4.303860e+05
3.431500e+01	4.306960e+05
3.436500e+01	4.301620e+05
3.441400e+01	4.293360e+05
3.446400e+01	4.295150e+05
3.451500e+01	4.278810e+05
3.456400e+01	4.291690e+05
3.461500e+01	4.287260e+05
3.466500e+01	4.281000e+05
3.471500e+01	4.272640e+05
3.476600e+01	4.269730e+05
3.481500e+01	4.282720e+05
3.486500e+01	4.288920e+05
3.491600e+01	4.282820e+05
3.496600e+01	4.282410e+05
3.501600e+01	4.283410e+05
3.506600e+01	4.289280e+05
3.511500e+01	4.290700e+05
3.516600e+01	4.285830e+05
3.521600e+01	4.334240e+05
3.526700e+01	4.293950e+05
3.531600e+01	4.287440e+05
3.536600e+01	4.289200e+05
3.541600e+01	4.292120e+05
3.546600e+01	4.292770e+05
3.551700e+01	4.287990e+05
3.556700e+01	4.273470e+05
3.561600e+01	4.278850e+05
3.566700e+01	4.281390e+05
3.571700e+01	4.286500e+05
3.576700e+01	4.281740e+05
3.581700e+01	4.290040e+05
3.586700e+01	4.266540e+05
3.591800e+01	4.269340e+05
3.596700e+01	4.275070e+05
3.601700e+01	4.283180e+05
3.606700e+01	4.294560e+05
3.611800e+01	4.289030e+05
3.616800e+01	4.285220e+05
3.621800e+01	4.327510e+05
3.626800e+01	4.309300e+05
3.631800e+01	4.305420e+05
3.636800e+01	4.307500e+05
3.641800e+01	4.301310e+05
3.646900e+01	4.286270e+05
3.651900e+01	4.273780e+05
3.656800e+01	4.281140e+05
3.661800e+01	4.288140e+05
3.666900e+01	4.292140e+05
3.671900e+01	4.283040e+05
3.676900e+01	4.281700e+05
3.681900e+01	4.297250e+05
3.686900e+01	4.284650e+05
3.691900e+01	4.288380e+05
3.696900e+01	4.288910e+05
3.701900e+01	4.286420e+05
3.706900e+01	4.273840e+05
3.712000e+01	4.282460e+05
3.716900e+01	4.272040e+05
3.722000e+01	4.337920e+05
3.726900e+01	4.286040e+05
3.732000e+01	4.297810e+05
3.737000e+01	4.292550e+05
3.742000e+01	4.292830e+05
3.747100e+01	4.292840e+05
3.752000e+01	4.297980e+05
3.757100e+01	4.290900e+05
3.762100e+01	4.279530e+05
3.767100e+01	4.276180e+05
3.772100e+01	4.274090e+05
3.777100e+01	4.270530e+05
3.782100e+01	4.284450e+05
3.787100e+01	4.289940e+05
3.792100e+01	4.273510e+05
3.797100e+01	4.279620e+05
3.802100e+01	4.275530e+05
3.807100e+01	4.294050e+05
3.812100e+01	4.284790e+05
3.817200e+01	4.285690e+05
3.822200e+01	4.335850e+05
3.827200e+01	4.293820e+05
3.832200e+01	4.278560e+05
3.837200e+01	4.282140e+05
3.842200e+01	4.291580e+05
3.847300e+01	4.285730e+05
3.852200e+01	4.277310e+05
3.857200e+01	4.273620e+05
3.862300e+01	4.268210e+05
3.867200e+01	4.283620e+05
3.872300e+01	4.280770e+05
3.877300e+01	4.272430e+05
3.882300e+01	4.276510e+05
3.887300e+01	4.270060e+05
3.892300e+01	4.270210e+05
3.897300e+01	4.268460e+05
3.902300e+01	4.286250e+05
3.907300e+01	4.283400e+05
3.912300e+01	4.268850e+05
3.917400e+01	4.274170e+05
3.922300e+01	4.315820e+05
3.927500e+01	4.292590e+05
3.932400e+01	4.291830e+05
3.937400e+01	4.275320e+05
3.942400e+01	4.264400e+05
3.947400e+01	4.258530e+05
3.952400e+01	4.250440e+05
3.957500e+01	4.264670e+05
3.962400e+01	4.264660e+05
3.967500e+01	4.267750e+05
3.972400e+01	4.264270e+05
3.977500e+01	4.256630e+05
3.982500e+01	4.265140e+05
3.987500e+01	4.274740e+05
3.992500e+01	4.265390e+05
3.997500e+01	4.260360e+05
4.002500e+01	4.255450e+05
4.007600e+01	4.248030e+05
4.012500e+01	4.257370e+05
4.017600e+01	4.264240e+05
4.022600e+01	4.304220e+05
4.027500e+01	4.269540e+05
4.032600e+01	4.271920e+05
4.037500e+01	4.263840e+05
4.042600e+01	4.257120e+05
4.047600e+01	4.260370e+05
4.052500e+01	4.265210e+05
4.057600e+01	4.245090e+05
4.062600e+01	4.242500e+05
4.067600e+01	4.229650e+05
4.072700e+01	4.245510e+05
4.077700e+01	4.252970e+05
4.082700e+01	4.248500e+05
4.087600e+01	4.254970e+05
4.092700e+01	4.236480e+05
4.097700e+01	4.239250e+05
4.102700e+01	4.247050e+05
4.107700e+01	4.264790e+05
4.112700e+01	4.255170e+05
4.117700e+01	4.240120e+05
4.122700e+01	4.275780e+05
4.127800e+01	4.246180e+05
4.132800e+01	4.258140e+05
4.137700e+01	4.251770e+05
4.142700e+01	4.244050e+05
4.147800e+01	4.249410e+05
4.152800e+01	4.227690e+05
4.157800e+01	4.233090e+05
4.162800e+01	4.233860e+05
4.167800e+01	4.245950e+05
4.172800e+01	4.247970e+05
4.177800e+01	4.230460e+05
4.182900e+01	4.232020e+05
4.187900e+01	4.222570e+05
4.192900e+01	4.238870e+05
4.197900e+01	4.232950e+05
4.202800e+01	4.224530e+05
4.207800e+01	4.231860e+05
4.212800e+01	4.227220e+05
4.217900e+01	4.224670e+05
4.222900e+01	4.274460e+05
4.228000e+01	4.252280e+05
4.233000e+01	4.251100e+05
4.237900e+01	4.234220e+05
4.242900e+01	4.232940e+05
4.248000e+01	4.234310e+05
4.252900e+01	4.232730e+05
4.257900e+01	4.228480e+05
4.263000e+01	4.226820e+05
4.268000e+01	4.258390e+05
4.273000e+01	4.240750e+05
4.278100e+01	4.231070e+05
4.283000e+01	4.234960e+05
4.288000e+01	4.232990e+05
4.293100e+01	4.232650e+05
4.298000e+01	4.216820e+05
4.303100e+01	4.226510e+05
4.308100e+01	4.218860e+05
4.313100e+01	4.226400e+05
4.318100e+01	4.222440e+05
4.323100e+01	4.259600e+05
4.328100e+01	4.248050e+05
4.333100e+01	4.234540e+05
4.338100e+01	4.232670e+05
4.343100e+01	4.237120e+05
4.348100e+01	4.230400e+05
4.353200e+01	4.229930e+05
4.358200e+01	4.213180e+05
4.363200e+01	4.214780e+05
4.368100e+01	4.217380e+05
4.373200e+01	4.227400e+05
4.378200e+01	4.223330e+05
4.383200e+01	4.217490e+05
4.388200e+01	4.222210e+05
4.393200e+01	4.223350e+05
4.398200e+01	4.220720e+05
4.403200e+01	4.224440e+05
4.408300e+01	4.231780e+05
4.413300e+01	4.225390e+05
4.418300e+01	4.221820e+05
4.423300e+01	4.239780e+05
4.428300e+01	4.237660e+05
4.433300e+01	4.215730e+05
4.438300e+01	4.227790e+05
4.443300e+01	4.215860e+05
4.448300e+01	4.216180e+05
4.453400e+01	4.214960e+05
4.458400e+01	4.213870e+05
4.463400e+01	4.213170e+05
4.468300e+01	4.226780e+05
4.473300e+01	4.214250e+05
4.478400e+01	4.206420e+05
4.483400e+01	4.209550e+05
4.488400e+01	4.215170e+05
4.493400e+01	4.220020e+05
4.498400e+01	4.222640e+05
4.503400e+01	4.217610e+05
4.508400e+01	4.214330e+05
4.513400e+01	4.221020e+05
4.518500e+01	4.210710e+05
4.523400e+01	4.249430e+05
4.528600e+01	4.222310e+05
4.533500e+01	4.230330e+05
4.538500e+01	4.210640e+05
4.543500e+01	4.205090e+05
4.548600e+01	4.206420e+05
4.553600e+01	4.203670e+05
4.558600e+01	4.206420e+05
4.563600e+01	4.197570e+05
4.568600e+01	4.198660e+05
4.573600e+01	4.216260e+05
4.578600e+01	4.189480e+05
4.583500e+01	4.209690e+05
4.588700e+01	4.212380e+05
4.593600e+01	4.211240e+05
4.598600e+01	4.203920e+05
4.603700e+01	4.191390e+05
4.608600e+01	4.209560e+05
4.613600e+01	4.211670e+05
4.618600e+01	4.214910e+05
4.623600e+01	4.221330e+05
4.628700e+01	4.212930e+05
4.633700e+01	4.221600e+05
4.638700e+01	4.214970e+05
4.643700e+01	4.202390e+05
4.648700e+01	4.206180e+05
4.653700e+01	4.193910e+05
4.658700e+01	4.204010e+05
4.663800e+01	4.190070e+05
4.668800e+01	4.183820e+05
4.673700e+01	4.199350e+05
4.678800e+01	4.200650e+05
4.683800e+01	4.194360e+05
4.688800e+01	4.192350e+05
4.693800e+01	4.204520e+05
4.698800e+01	4.194300e+05
4.703800e+01	4.197570e+05
4.708800e+01	4.195510e+05
4.713900e+01	4.193430e+05
4.718800e+01	4.203500e+05
4.723900e+01	4.236890e+05
4.728900e+01	4.203170e+05
4.733900e+01	4.211630e+05
4.738900e+01	4.199040e+05
4.743900e+01	4.196200e+05
4.748900e+01	4.200660e+05
4.753900e+01	4.197180e+05
4.758900e+01	4.197870e+05
4.763900e+01	4.192190e+05
4.768900e+01	4.187180e+05
4.774000e+01	4.195790e+05
4.778900e+01	4.198300e+05
4.783900e+01	4.187920e+05
4.789000e+01	4.189210e+05
4.794000e+01	4.187560e+05
4.799000e+01	4.192350e+05
4.804000e+01	4.190010e+05
4.809000e+01	4.195740e+05
4.814000e+01	4.196740e+05
4.819000e+01	4.205540e+05
4.824100e+01	4.231880e+05
4.829000e+01	4.207280e+05
4.834000e+01	4.202930e+05
4.839100e+01	4.201120e+05
4.844100e+01	4.186040e+05
4.849100e+01	4.184720e+05
4.854100e+01	4.194700e+05
4.859100e+01	4.186230e+05
4.864100e+01	4.183320e+05
4.869200e+01	4.189490e+05
4.874200e+01	4.195270e+05
4.879200e+01	4.187410e+05
4.884200e+01	4.182880e+05
4.889200e+01	4.190200e+05
4.894200e+01	4.189240e+05
4.899200e+01	4.190050e+05
4.904200e+01	4.175900e+05
4.909200e+01	4.175820e+05
4.914200e+01	4.179850e+05
4.919300e+01	4.185740e+05
4.924200e+01	4.216100e+05
4.929200e+01	4.192830e+05
4.934200e+01	4.199400e+05
4.939300e+01	4.195580e+05
4.944300e+01	4.177270e+05
4.949300e+01	4.177580e+05
4.954300e+01	4.182770e+05
4.959300e+01	4.183660e+05
4.964300e+01	4.178740e+05
4.969300e+01	4.169260e+05
4.974300e+01	4.173830e+05
4.979300e+01	4.165470e+05
4.984300e+01	4.177730e+05
4.989300e+01	4.177980e+05
4.994400e+01	4.186030e+05
4.999400e+01	4.174700e+05
5.004300e+01	4.162810e+05
5.009400e+01	4.187050e+05
5.014400e+01	4.175320e+05
5.019400e+01	4.187420e+05
5.024400e+01	4.200830e+05
5.029400e+01	4.167210e+05
5.034400e+01	4.190150e+05
5.039400e+01	4.177920e+05
5.044400e+01	4.178410e+05
5.049400e+01	4.170070e+05
5.054500e+01	4.172090e+05
5.059400e+01	4.172930e+05
5.064500e+01	4.155920e+05
5.069500e+01	4.167150e+05
5.074500e+01	4.162540e+05
5.079500e+01	4.177160e+05
5.084500e+01	4.174770e+05
5.089600e+01	4.154510e+05
5.094600e+01	4.167970e+05
5.099600e+01	4.159040e+05
5.104500e+01	4.173160e+05
5.109600e+01	4.168350e+05
5.114600e+01	4.167320e+05
5.119600e+01	4.178150e+05
5.124600e+01	4.172620e+05
5.129600e+01	4.173020e+05
5.134600e+01	4.175360e+05
5.139600e+01	4.161270e+05
5.144700e+01	4.165030e+05
5.149600e+01	4.140720e+05
5.154700e+01	4.157270e+05
5.159700e+01	4.149910e+05
5.164600e+01	4.150000e+05
5.169700e+01	4.155100e+05
5.174700e+01	4.159270e+05
5.179700e+01	4.149790e+05
5.184700e+01	4.146350e+05
5.189700e+01	4.145840e+05
5.194700e+01	4.154370e+05
5.199700e+01	4.150960e+05
5.204700e+01	4.147250e+05
5.209700e+01	4.136940e+05
5.214800e+01	4.149590e+05
5.219800e+01	4.163040e+05
5.224800e+01	4.157380e+05
5.229800e+01	4.163150e+05
5.234800e+01	4.152780e+05
5.239800e+01	4.147840e+05
5.244800e+01	4.139270e+05
5.249800e+01	4.140250e+05
5.254900e+01	4.138910e+05
5.259800e+01	4.133060e+05
5.264900e+01	4.133960e+05
5.269900e+01	4.112600e+05
5.274900e+01	4.132960e+05
5.279900e+01	4.130270e+05
5.284900e+01	4.129510e+05
5.289900e+01	4.134230e+05
5.294900e+01	4.121410e+05
5.299900e+01	4.139190e+05
5.305000e+01	4.127320e+05
5.310000e+01	4.139070e+05
5.314900e+01	4.137270e+05
5.320000e+01	4.141740e+05
5.324900e+01	4.137170e+05
5.330000e+01	4.123150e+05
5.334900e+01	4.136880e+05
5.340000e+01	4.138180e+05
5.345000e+01	4.131840e+05
5.350000e+01	4.126070e+05
5.355100e+01	4.115380e+05
5.360100e+01	4.123600e+05
5.365100e+01	4.113400e+05
5.370100e+01	4.125080e+05
5.375100e+01	4.130820e+05
5.380100e+01	4.119410e+05
5.385100e+01	4.111290e+05
5.390100e+01	4.101180e+05
5.395100e+01	4.108120e+05
5.400100e+01	4.121050e+05
5.405100e+01	4.117520e+05
5.410100e+01	4.124040e+05
5.415100e+01	4.106390e+05
5.420200e+01	4.132830e+05
5.425200e+01	4.134820e+05
5.430100e+01	4.129450e+05
5.435200e+01	4.126250e+05
5.440300e+01	4.121700e+05
5.445200e+01	4.110640e+05
5.450200e+01	4.108330e+05
5.455200e+01	4.108490e+05
5.460200e+01	4.117200e+05
5.465200e+01	4.102530e+05
5.470300e+01	4.120240e+05
5.475300e+01	4.105290e+05
5.480300e+01	4.108680e+05
5.485300e+01	4.102340e+05
5.490300e+01	4.111110e+05
5.495300e+01	4.112040e+05
5.500300e+01	4.104620e+05
5.505300e+01	4.099920e+05
5.510300e+01	4.092860e+05
5.515300e+01	4.112600e+05
5.520300e+01	4.133690e+05
5.525300e+01	4.112770e+05
5.530300e+01	4.122940e+05
5.535400e+01	4.124380e+05
5.540400e+01	4.101110e+05
5.545400e+01	4.107600e+05
5.550400e+01	4.109920e+05
5.555400e+01	4.113150e+05
5.560400e+01	4.089920e+05
5.565400e+01	4.092920e+05
5.570400e+01	4.092150e+05
5.575400e+01	4.102240e+05
5.580400e+01	4.103850e+05
5.585500e+01	4.105490e+05
5.590500e+01	4.095560e+05
5.595400e+01	4.098990e+05
5.600500e+01	4.097600e+05
5.605400e+01	4.101230e+05
5.610600e+01	4.103750e+05
5.615500e+01	4.101350e+05
5.620500e+01	4.117000e+05
5.625500e+01	4.085210e+05
5.630500e+01	4.094810e+05
5.635500e+01	4.106820e+05
5.640500e+01	4.113670e+05
5.645500e+01	4.103860e+05
5.650600e+01	4.097110e+05
5.655500e+01	4.092430e+05
5.660600e+01	4.087710e+05
5.665600e+01	4.097800e+05
5.670600e+01	4.102100e+05
5.675600e+01	4.096360e+05
5.680700e+01	4.093760e+05
5.685700e+01	4.078220e+05
5.690600e+01	4.090480e+05
5.695700e+01	4.090000e+05
5.700700e+01	4.093960e+05
5.705700e+01	4.088650e+05
5.710700e+01	4.086970e+05
5.715700e+01	4.088220e+05
5.720700e+01	4.119450e+05
5.725700e+01	4.087960e+05
5.730700e+01	4.106400e+05
5.735700e+01	4.104290e+05
5.740700e+01	4.087330e+05
5.745800e+01	4.075980e+05
5.750700e+01	4.071180e+05
5.755700e+01	4.085020e+05
5.760800e+01	4.083950e+05
5.765800e+01	4.076570e+05
5.770800e+01	4.077530e+05
5.775800e+01	4.076500e+05
5.780900e+01	4.076520e+05
5.785800e+01	4.089490e+05
5.790900e+01	4.083980e+05
5.795800e+01	4.084120e+05
5.800900e+01	4.068340e+05
5.805900e+01	4.074980e+05
5.810900e+01	4.077140e+05
5.815800e+01	4.088470e+05
5.820900e+01	4.118050e+05
5.825900e+01	4.072730e+05
5.831800e+01	4.091680e+05
5.835900e+01	4.090270e+05
5.840900e+01	4.076740e+05
5.845900e+01	4.085280e+05
5.851000e+01	4.082900e+05
5.856000e+01	4.087360e+05
5.861000e+01	4.072110e+05
5.865900e+01	4.065040e+05
5.871000e+01	4.075370e+05
5.876000e+01	4.085540e+05
5.881100e+01	4.084080e+05
5.886100e+01	4.080570e+05
5.891100e+01	4.073970e+05
5.896100e+01	4.082650e+05
5.901100e+01	4.082840e+05
5.906000e+01	4.086470e+05
5.911000e+01	4.092900e+05
5.916100e+01	4.074180e+05
5.921100e+01	4.123170e+05
5.926100e+01	4.047810e+05
5.931100e+01	4.094930e+05
5.936200e+01	4.098970e+05
5.941200e+01	4.094390e+05
5.946200e+01	4.080520e+05
5.951200e+01	4.078670e+05
5.956100e+01	4.079480e+05
5.961200e+01	4.073900e+05
5.966200e+01	4.086930e+05
5.971200e+01	4.074560e+05
5.976200e+01	4.080230e+05
5.981200e+01	4.060270e+05
5.986200e+01	4.060230e+05
5.991200e+01	4.078130e+05
5.996200e+01	4.086720e+05
6.001300e+01	4.079270e+05
6.006300e+01	4.077780e+05
6.011300e+01	4.072180e+05
6.016200e+01	4.074300e+05
6.021300e+01	4.121840e+05
6.026300e+01	4.071290e+05
6.031300e+01	4.092910e+05
6.036300e+01	4.084310e+05
6.041300e+01	4.071280e+05
6.046300e+01	4.060050e+05
6.051400e+01	4.081250e+05
6.056400e+01	4.085420e+05
6.061500e+01	4.076520e+05
6.066300e+01	4.071600e+05
6.071400e+01	4.069210e+05
6.076300e+01	4.076970e+05
6.081400e+01	4.081660e+05
6.086400e+01	4.071370e+05
6.091400e+01	4.088410e+05
6.096400e+01	4.074780e+05
6.101400e+01	4.067860e+05
6.106400e+01	4.057110e+05
6.111400e+01	4.074320e+05
6.116400e+01	4.090590e+05
6.121500e+01	4.117910e+05
6.126500e+01	4.054200e+05
6.131500e+01	4.082310e+05
6.136400e+01	4.091200e+05
6.141400e+01	4.090020e+05
6.146500e+01	4.084410e+05
6.151600e+01	4.084530e+05
6.156600e+01	4.064910e+05
6.161500e+01	4.063490e+05
6.166500e+01	4.057130e+05
6.171500e+01	4.074270e+05
6.176600e+01	4.073860e+05
6.181600e+01	4.069610e+05
6.186600e+01	4.062840e+05
6.191600e+01	4.071580e+05
6.196600e+01	4.072160e+05
6.201600e+01	4.070450e+05
6.206600e+01	4.070620e+05
6.211600e+01	4.075900e+05
6.216600e+01	4.069290e+05
6.221600e+01	4.096780e+05
6.226700e+01	4.039080e+05
6.231700e+01	4.067090e+05
6.236700e+01	4.086250e+05
6.241700e+01	4.071440e+05
6.246700e+01	4.053100e+05
6.251700e+01	4.064660e+05
6.256700e+01	4.067330e+05
6.261700e+01	4.058010e+05
6.266700e+01	4.066470e+05
6.271700e+01	4.062170e+05
6.276700e+01	4.066950e+05
6.281800e+01	4.049720e+05
6.286800e+01	4.047140e+05
6.291800e+01	4.060150e+05
6.296800e+01	4.063960e+05
6.301800e+01	4.061250e+05
6.306800e+01	4.050360e+05
6.311800e+01	4.047930e+05
6.316800e+01	4.061570e+05
6.321900e+01	4.097190e+05
6.326800e+01	4.046760e+05
6.331800e+01	4.068410e+05
6.336800e+01	4.060600e+05
6.341900e+01	4.055840e+05
6.346900e+01	4.045790e+05
6.352000e+01	4.052620e+05
6.356900e+01	4.058910e+05
6.361900e+01	4.048730e+05
6.367000e+01	4.036750e+05
6.371900e+01	4.047410e+05
6.377000e+01	4.044740e+05
6.381900e+01	4.047960e+05
6.387000e+01	4.056620e+05
6.392000e+01	4.047890e+05
6.396900e+01	4.047340e+05
6.402000e+01	4.044340e+05
6.407000e+01	4.039800e+05
6.412000e+01	4.034370e+05
6.417000e+01	4.059340e+05
6.422000e+01	4.066500e+05
6.427000e+01	4.033250e+05
6.432100e+01	4.058760e+05
6.437000e+01	4.052680e+05
6.442000e+01	4.039070e+05
6.447100e+01	4.040860e+05
6.452100e+01	4.039450e+05
6.457100e+01	4.035820e+05
6.462100e+01	4.032250e+05
6.467100e+01	4.022470e+05
6.472200e+01	4.032180e+05
6.477100e+01	4.033310e+05
6.482200e+01	4.024910e+05
6.487200e+01	4.026250e+05
6.492100e+01	4.041770e+05
6.497100e+01	4.040050e+05
6.502200e+01	4.044800e+05
6.507200e+01	4.020130e+05
6.512200e+01	4.032880e+05
6.517200e+01	4.031110e+05
6.522200e+01	4.057030e+05
6.527200e+01	4.018320e+05
6.532200e+01	4.035090e+05
6.537200e+01	4.039060e+05
6.542200e+01	4.030030e+05
6.547300e+01	4.024680e+05
6.552300e+01	4.038050e+05
6.557300e+01	4.079680e+05
6.562300e+01	4.037080e+05
6.567300e+01	4.025270e+05
6.572300e+01	4.020960e+05
6.577300e+01	4.029850e+05
6.582300e+01	4.022400e+05
6.587400e+01	4.016240e+05
6.592400e+01	4.020170e+05
6.597400e+01	4.023240e+05
6.602300e+01	4.022880e+05
6.607400e+01	4.023890e+05
6.612400e+01	4.036700e+05
6.617400e+01	4.033450e+05
6.622400e+01	4.053840e+05
6.627400e+01	4.019880e+05
6.632400e+01	4.035010e+05
6.637400e+01	4.050240e+05
6.642500e+01	4.035950e+05
6.647500e+01	4.026350e+05
6.652500e+01	4.023020e+05
6.657500e+01	4.023310e+05
6.662500e+01	4.025360e+05
6.667500e+01	4.018310e+05
6.672500e+01	4.032750e+05
6.677500e+01	4.030450e+05
6.682500e+01	4.024180e+05
6.687500e+01	4.024900e+05
6.692500e+01	4.023560e+05
6.697600e+01	4.029520e+05
6.702600e+01	4.019520e+05
6.707500e+01	4.006220e+05
6.712600e+01	4.014630e+05
6.717600e+01	4.023100e+05
6.722600e+01	4.039950e+05
6.727600e+01	4.020810e+05
6.732600e+01	4.034160e+05
6.737600e+01	4.045300e+05
6.742600e+01	4.041020e+05
6.747700e+01	4.014900e+05
6.752700e+01	4.019680e+05
6.757600e+01	4.023280e+05
6.762700e+01	4.020290e+05
6.767700e+01	4.006840e+05
6.772700e+01	4.010650e+05
6.777700e+01	4.011230e+05
6.782700e+01	4.015760e+05
6.787700e+01	4.009410e+05
6.792700e+01	4.028810e+05
6.797700e+01	4.028170e+05
6.802800e+01	4.014130e+05
6.807800e+01	4.019320e+05
6.812800e+01	4.000840e+05
6.817700e+01	4.022470e+05
6.822800e+01	4.029260e+05
6.827800e+01	4.008410e+05
6.832800e+01	4.011170e+05
6.837800e+01	4.019710e+05
6.842800e+01	4.024310e+05
6.847800e+01	4.008810e+05
6.852800e+01	4.020310e+05
6.857900e+01	4.002960e+05
6.862800e+01	4.016130e+05
6.867800e+01	4.009820e+05
6.872800e+01	4.003950e+05
6.877900e+01	4.024080e+05
6.882900e+01	4.009040e+05
6.887900e+01	3.998630e+05
6.892900e+01	4.010170e+05
6.897900e+01	4.004120e+05
6.902900e+01	4.014480e+05
6.907900e+01	3.999560e+05
6.912900e+01	4.021190e+05
6.917900e+01	4.016920e+05
6.922900e+01	4.023560e+05
6.928000e+01	4.008060e+05
6.933000e+01	4.011600e+05
6.938000e+01	4.034920e+05
6.943000e+01	4.016330e+05
6.948000e+01	3.996370e+05
6.953000e+01	4.005090e+05
6.958000e+01	4.004760e+05
6.963000e+01	4.008940e+05
6.968000e+01	4.000610e+05
6.973000e+01	4.006600e+05
6.978100e+01	4.010590e+05
6.983100e+01	4.005340e+05
6.988100e+01	4.006500e+05
6.993100e+01	4.000260e+05
6.998100e+01	4.010270e+05
7.003100e+01	4.015630e+05
7.008100e+01	3.988850e+05
7.013100e+01	4.008340e+05
7.018200e+01	4.008890e+05
7.023200e+01	4.025910e+05
7.028200e+01	4.008680e+05
7.033200e+01	4.017410e+05
7.038200e+01	4.017530e+05
7.043200e+01	4.016660e+05
7.048200e+01	4.012470e+05
7.053300e+01	4.005540e+05
7.058200e+01	4.012880e+05
7.063300e+01	4.007930e+05
7.068200e+01	3.985940e+05
7.073300e+01	3.996670e+05
7.078300e+01	4.005290e+05
7.083300e+01	4.017850e+05
7.088300e+01	4.007630e+05
7.093300e+01	4.002140e+05
7.098300e+01	4.010330e+05
7.103300e+01	4.010830e+05
7.108300e+01	4.010010e+05
7.113400e+01	4.001010e+05
7.118400e+01	4.017310e+05
7.123300e+01	4.024140e+05
7.128400e+01	4.002090e+05
7.133400e+01	4.012990e+05
7.138300e+01	4.014540e+05
7.143400e+01	4.019660e+05
7.148400e+01	4.012410e+05
7.153400e+01	4.008550e+05
7.158400e+01	4.008170e+05
7.163400e+01	4.003680e+05
7.168400e+01	3.998020e+05
7.173500e+01	4.008880e+05
7.178500e+01	4.016240e+05
7.183500e+01	4.003550e+05
7.188500e+01	3.993250e+05
7.193500e+01	3.989150e+05
7.198500e+01	4.008880e+05
7.203400e+01	4.016560e+05
7.208500e+01	4.008280e+05
7.213500e+01	4.007290e+05
7.218500e+01	4.011160e+05
7.223500e+01	4.020930e+05
7.228500e+01	4.004480e+05
7.233500e+01	4.023820e+05
7.238600e+01	4.011570e+05
7.243500e+01	4.019000e+05
7.248600e+01	4.019880e+05
7.253600e+01	4.012810e+05
7.258600e+01	4.012430e+05
7.263600e+01	4.012300e+05
7.268700e+01	4.012360e+05
7.273600e+01	4.014210e+05
7.278700e+01	4.022540e+05
7.283700e+01	4.001260e+05
7.288600e+01	4.006080e+05
7.293700e+01	4.004770e+05
7.298700e+01	4.009190e+05
7.303700e+01	3.997870e+05
7.308600e+01	3.985970e+05
7.313700e+01	4.002080e+05
7.318700e+01	4.006030e+05
7.323800e+01	4.024740e+05
7.328700e+01	4.015990e+05
7.334500e+01	4.011060e+05
7.338800e+01	4.019700e+05
7.343800e+01	4.011250e+05
7.348700e+01	4.014330e+05
7.353800e+01	4.004970e+05
7.358800e+01	3.997750e+05
7.363800e+01	4.012190e+05
7.368800e+01	3.986510e+05
7.373900e+01	4.000060e+05
7.378800e+01	4.003650e+05
7.383800e+01	4.012410e+05
7.388800e+01	4.001060e+05
7.393900e+01	3.997110e+05
7.398800e+01	3.997680e+05
7.403800e+01	3.999380e+05
7.408900e+01	4.004520e+05
7.413900e+01	4.001420e+05
7.418900e+01	4.000820e+05
7.423800e+01	3.988920e+05
7.428900e+01	3.986820e+05
7.433900e+01	3.997530e+05
7.439000e+01	4.017890e+05
7.443900e+01	4.009800e+05
7.448900e+01	4.005420e+05
7.454000e+01	3.985020e+05
7.458900e+01	3.994010e+05
7.463900e+01	3.994020e+05
7.469000e+01	4.004710e+05
7.474000e+01	3.990640e+05
7.479000e+01	3.990820e+05
7.484100e+01	3.984140e+05
7.489000e+01	3.980390e+05
7.494000e+01	3.990860e+05
7.499100e+01	3.998130e+05
7.504100e+01	3.998330e+05
7.509100e+01	3.996440e+05
7.514100e+01	3.990410e+05
7.519000e+01	3.984950e+05
7.524100e+01	3.999270e+05
7.529000e+01	3.996930e+05
7.534100e+01	4.004690e+05
7.539100e+01	3.996860e+05
7.544200e+01	3.980960e+05
7.549200e+01	3.970990e+05
7.554100e+01	3.990310e+05
7.559200e+01	3.989810e+05
7.564100e+01	3.996670e+05
7.569200e+01	3.979760e+05
7.574200e+01	3.979390e+05
7.579200e+01	3.981870e+05
7.584200e+01	3.994070e+05
7.589200e+01	3.990680e+05
7.594200e+01	3.980960e+05
7.599200e+01	3.984880e+05
7.604200e+01	3.979520e+05
7.609200e+01	3.979800e+05
7.614300e+01	3.973870e+05
7.619300e+01	3.991310e+05
7.624300e+01	3.998200e+05
7.629200e+01	3.987470e+05
7.634300e+01	3.991340e+05
7.639300e+01	3.989970e+05
7.644400e+01	3.989890e+05
7.649300e+01	3.993150e+05
7.654400e+01	3.981350e+05
7.659400e+01	3.983860e+05
7.664400e+01	3.970220e+05
7.669400e+01	3.972830e+05
7.674400e+01	3.985480e+05
7.679300e+01	3.983150e+05
7.684400e+01	3.979170e+05
7.689400e+01	3.976970e+05
7.694500e+01	3.968030e+05
7.699400e+01	3.984750e+05
7.704400e+01	3.993510e+05
7.709400e+01	3.983950e+05
7.714400e+01	3.970130e+05
7.719400e+01	3.976020e+05
7.724500e+01	3.975260e+05
7.729500e+01	3.987280e+05
7.734500e+01	3.986020e+05
7.739400e+01	3.994960e+05
7.744500e+01	3.984930e+05
7.749500e+01	3.979980e+05
7.754500e+01	3.977470e+05
7.759600e+01	3.980590e+05
7.764600e+01	3.983520e+05
7.769600e+01	3.983160e+05
7.774600e+01	3.982770e+05
7.779600e+01	3.966790e+05
7.784600e+01	3.970170e+05
7.789600e+01	3.964560e+05
7.794700e+01	3.974350e+05
7.799600e+01	3.986720e+05
7.804700e+01	3.980040e+05
7.809600e+01	3.978560e+05
7.814700e+01	3.972330e+05
7.819600e+01	3.990440e+05
7.824700e+01	3.969730e+05
7.829700e+01	3.987640e+05
7.834700e+01	3.989410e+05
7.839700e+01	3.973840e+05
7.844700e+01	3.970640e+05
7.849700e+01	3.975780e+05
7.854800e+01	3.972290e+05
7.859700e+01	3.983960e+05
7.864800e+01	3.973760e+05
7.869700e+01	3.972160e+05
7.874700e+01	3.965190e+05
7.879700e+01	3.972090e+05
7.884800e+01	3.979320e+05
7.889800e+01	3.970590e+05
7.894700e+01	3.967240e+05
7.899800e+01	3.960640e+05
7.904800e+01	3.956160e+05
7.909800e+01	3.960790e+05
7.914800e+01	3.972550e+05
7.919800e+01	3.999230e+05
7.924800e+01	3.954560e+05
7.929800e+01	3.973820e+05
7.934900e+01	3.978280e+05
7.939800e+01	3.983120e+05
7.944900e+01	3.981800e+05
7.949900e+01	3.978070e+05
7.954900e+01	3.965230e+05
7.959900e+01	3.973200e+05
7.964900e+01	3.960250e+05
7.969900e+01	3.966210e+05
7.974900e+01	3.966730e+05
7.979900e+01	3.969830e+05
7.984900e+01	3.968780e+05
7.989900e+01	3.959080e+05
7.995000e+01	3.969030e+05
8.000000e+01	3.971780e+05
8.005000e+01	3.971570e+05
8.009900e+01	3.969200e+05
8.015100e+01	3.959970e+05
8.020000e+01	3.991270e+05
8.025000e+01	3.928840e+05
8.030100e+01	3.966480e+05
8.035100e+01	3.978240e+05
8.040100e+01	3.982100e+05
8.045100e+01	3.970600e+05
8.050100e+01	3.965000e+05
8.055100e+01	3.962450e+05
8.060100e+01	3.969030e+05
8.065100e+01	3.985080e+05
8.070100e+01	3.971200e+05
8.075200e+01	3.957060e+05
8.080200e+01	3.964560e+05
8.085100e+01	3.954070e+05
8.090200e+01	3.969360e+05
8.095200e+01	3.965290e+05
8.100200e+01	3.967380e+05
8.105200e+01	3.958810e+05
8.110200e+01	3.957860e+05
8.115200e+01	3.970650e+05
8.120200e+01	4.002570e+05
8.125300e+01	3.948580e+05
8.130200e+01	3.974070e+05
8.135200e+01	3.967600e+05
8.140200e+01	3.976400e+05
8.145300e+01	3.957200e+05
8.150200e+01	3.962300e+05
8.155300e+01	3.965320e+05
8.160300e+01	3.970110e+05
8.165300e+01	3.960860e+05
8.170300e+01	3.968760e+05
8.175400e+01	3.963340e+05
8.180300e+01	3.966470e+05
8.185300e+01	3.972600e+05
8.190300e+01	3.964350e+05
8.195300e+01	3.955060e+05
8.200400e+01	3.959680e+05
8.205300e+01	3.955230e+05
8.210400e+01	3.974280e+05
8.215400e+01	3.971520e+05
8.220400e+01	3.992660e+05
8.225400e+01	3.945080e+05
8.230400e+01	3.959780e+05
8.235400e+01	3.980310e+05
8.240400e+01	3.981280e+05
8.245500e+01	3.979690e+05
8.250400e+01	3.960110e+05
8.255400e+01	3.960100e+05
8.260500e+01	3.964820e+05
8.265500e+01	3.960490e+05
8.270500e+01	3.961970e+05
8.275500e+01	3.960910e+05
8.280600e+01	3.953300e+05
8.285500e+01	3.964710e+05
8.290500e+01	3.953300e+05
8.295600e+01	3.958550e+05
8.300500e+01	3.969950e+05
8.305500e+01	3.970270e+05
8.310600e+01	3.964420e+05
8.315600e+01	3.958270e+05
8.320600e+01	3.990360e+05
8.325600e+01	3.926990e+05
8.330600e+01	3.971780e+05
8.335700e+01	3.969530e+05
8.340600e+01	3.964880e+05
8.345600e+01	3.967190e+05
8.350700e+01	3.959160e+05
8.355700e+01	3.963250e+05
8.360600e+01	3.974660e+05
8.365700e+01	3.969920e+05
8.370700e+01	3.964940e+05
8.375700e+01	3.963360e+05
8.380700e+01	3.955410e+05
8.385700e+01	3.960310e+05
8.390700e+01	3.963230e+05
8.395700e+01	3.961430e+05
8.400700e+01	3.966990e+05
8.405700e+01	3.988310e+05
8.410800e+01	3.966360e+05
8.415700e+01	3.968690e+05
8.420800e+01	3.983610e+05
8.425700e+01	3.944490e+05
8.430800e+01	3.967910e+05
8.435800e+01	3.974050e+05
8.440800e+01	3.962650e+05
8.445800e+01	3.962060e+05
8.450900e+01	3.968740e+05
8.455800e+01	3.963650e+05
8.460800e+01	3.952280e+05
8.465800e+01	3.963770e+05
8.470900e+01	3.962760e+05
8.475900e+01	3.966060e+05
8.480900e+01	3.972500e+05
8.485800e+01	3.962670e+05
8.490900e+01	3.965190e+05
8.495900e+01	3.962120e+05
8.500900e+01	3.956010e+05
8.505900e+01	3.956730e+05
8.510900e+01	3.951920e+05
8.516000e+01	3.955250e+05
8.520900e+01	3.979260e+05
8.525900e+01	3.938820e+05
8.530900e+01	3.977010e+05
8.536000e+01	3.970830e+05
8.541000e+01	3.981090e+05
8.546000e+01	3.967040e+05
8.551000e+01	3.962930e+05
8.556100e+01	3.954220e+05
8.561000e+01	3.966490e+05
8.566100e+01	3.954860e+05
8.571000e+01	3.960100e+05
8.576100e+01	3.959980e+05
8.581000e+01	3.952810e+05
8.586100e+01	3.956700e+05
8.591100e+01	3.962300e+05
8.596100e+01	3.956300e+05
8.601100e+01	3.960930e+05
8.606100e+01	3.947010e+05
8.611100e+01	3.945560e+05
8.616200e+01	3.953610e+05
8.621100e+01	3.977100e+05
8.626200e+01	3.928890e+05
8.631200e+01	3.951560e+05
8.636200e+01	3.952750e+05
8.641100e+01	3.958220e+05
8.646200e+01	3.955470e+05
8.651200e+01	3.953870e+05
8.656200e+01	3.948550e+05
8.661200e+01	3.960260e+05
8.666200e+01	3.957250e+05
8.671300e+01	3.931130e+05
8.676300e+01	3.953470e+05
8.681200e+01	3.950690e+05
8.686300e+01	3.948650e+05
8.691200e+01	3.934430e+05
8.696300e+01	3.937950e+05
8.701300e+01	3.939130e+05
8.706300e+01	3.941630e+05
8.711300e+01	3.943250e+05
8.716400e+01	3.942570e+05
8.721400e+01	3.957680e+05
8.726400e+01	3.930310e+05
8.731400e+01	3.944710e+05
8.736400e+01	3.958530e+05
8.741400e+01	3.940910e+05
8.746400e+01	3.927460e+05
8.751400e+01	3.935050e+05
8.756400e+01	3.934860e+05
8.761400e+01	3.936440e+05
8.766400e+01	3.940600e+05
8.771400e+01	3.936740e+05
8.776400e+01	3.936360e+05
8.781400e+01	3.934250e+05
8.786400e+01	3.942660e+05
8.791500e+01	3.921180e+05
8.796400e+01	3.941060e+05
8.801500e+01	3.937240e+05
8.806500e+01	3.934070e+05
8.811400e+01	3.933560e+05
8.816500e+01	3.923170e+05
8.821500e+01	3.956120e+05
8.826600e+01	3.926030e+05
8.831500e+01	3.945580e+05
8.836500e+01	3.946520e+05
8.841500e+01	3.939530e+05
8.846600e+01	3.939120e+05
8.851500e+01	3.930620e+05
8.856600e+01	3.936630e+05
8.861600e+01	3.934100e+05
8.866600e+01	3.923880e+05
8.871500e+01	3.938350e+05
8.876600e+01	3.931390e+05
8.881600e+01	3.935500e+05
8.886600e+01	3.927860e+05
8.891600e+01	3.927280e+05
8.896600e+01	3.937010e+05
8.901600e+01	3.940800e+05
8.906700e+01	3.929890e+05
8.911700e+01	3.922350e+05
8.916700e+01	3.939680e+05
8.921700e+01	3.957290e+05
8.926700e+01	3.900490e+05
8.931700e+01	3.936240e+05
8.936800e+01	3.930220e+05
8.941800e+01	3.948700e+05
8.946800e+01	3.940390e+05
8.951700e+01	3.931490e+05
8.956800e+01	3.934140e+05
8.961800e+01	3.928940e+05
8.966800e+01	3.941380e+05
8.971800e+01	3.927170e+05
8.976800e+01	3.940260e+05
8.981800e+01	3.918050e+05
8.986800e+01	3.927340e+05
8.991900e+01	3.921600e+05
8.996900e+01	3.924690e+05
9.001800e+01	3.932510e+05
9.006800e+01	3.936450e+05
9.011900e+01	3.923980e+05
9.016800e+01	3.928740e+05
9.021900e+01	3.948790e+05
9.026900e+01	3.915540e+05
9.031900e+01	3.929540e+05
9.036900e+01	3.929280e+05
9.041900e+01	3.939850e+05
9.046900e+01	3.924170e+05
9.051900e+01	3.927810e+05
9.057000e+01	3.916330e+05
9.062000e+01	3.939360e+05
9.067000e+01	3.928220e+05
9.071900e+01	3.927040e+05
9.077000e+01	3.924810e+05
9.082000e+01	3.927580e+05
9.087100e+01	3.928030e+05
9.092100e+01	3.929010e+05
9.097000e+01	3.917390e+05
9.102100e+01	3.930560e+05
9.107000e+01	3.917670e+05
9.112100e+01	3.921330e+05
9.117100e+01	3.923910e+05
9.122100e+01	3.947800e+05
9.127100e+01	3.920650e+05
9.132100e+01	3.932170e+05
9.137100e+01	3.932280e+05
9.142100e+01	3.933720e+05
9.147100e+01	3.916570e+05
9.152200e+01	3.926020e+05
9.157200e+01	3.913590e+05
9.162100e+01	3.920870e+05
9.167200e+01	3.919060e+05
9.172200e+01	3.913190e+05
9.177200e+01	3.923390e+05
9.182200e+01	3.923670e+05
9.187200e+01	3.926280e+05
9.192200e+01	3.915180e+05
9.197200e+01	3.915310e+05
9.202200e+01	3.918330e+05
9.207200e+01	3.923730e+05
9.212200e+01	3.922700e+05
9.217300e+01	3.920950e+05
9.222200e+01	3.938580e+05
9.227300e+01	3.888050e+05
9.232200e+01	3.924320e+05
9.237300e+01	3.931140e+05
9.242300e+01	3.937960e+05
9.247300e+01	3.928130e+05
9.252400e+01	3.916520e+05
9.257300e+01	3.922510e+05
9.262400e+01	3.924940e+05
9.267400e+01	3.929280e+05
9.272400e+01	3.911340e+05
9.277400e+01	3.920010e+05
9.282400e+01	3.915190e+05
9.287400e+01	3.910710e+05
9.292400e+01	3.912500e+05
9.297400e+01	3.926820e+05
9.302400e+01	3.922700e+05
9.307400e+01	3.933310e+05
9.312400e+01	3.913400e+05
9.317400e+01	3.909400e+05
9.322500e+01	3.943140e+05
9.327500e+01	3.908040e+05
9.332500e+01	3.932190e+05
9.337500e+01	3.918070e+05
9.342400e+01	3.924020e+05
9.347500e+01	3.911260e+05
9.352500e+01	3.919040e+05
9.357600e+01	3.912200e+05
9.362500e+01	3.932810e+05
9.367600e+01	3.922730e+05
9.372600e+01	3.916700e+05
9.377600e+01	3.913290e+05
9.382600e+01	3.924340e+05
9.387500e+01	3.934250e+05
9.392600e+01	3.926830e+05
9.397600e+01	3.917430e+05
9.402500e+01	3.914830e+05
9.407600e+01	3.916010e+05
9.412600e+01	3.922290e+05
9.417700e+01	3.924120e+05
9.422700e+01	3.932900e+05
9.427600e+01	3.931550e+05
9.432600e+01	3.920470e+05
9.437600e+01	3.930550e+05
9.442700e+01	3.935080e+05
9.447700e+01	3.969000e+05
9.452700e+01	3.937280e+05
9.457700e+01	3.922330e+05
9.462700e+01	3.907760e+05
9.467800e+01	3.914640e+05
9.472700e+01	3.915700e+05
9.477700e+01	3.919100e+05
9.482700e+01	3.916050e+05
9.487900e+01	3.925450e+05
9.492800e+01	3.928860e+05
9.497800e+01	3.920060e+05
9.502800e+01	3.930220e+05
9.507900e+01	3.927600e+05
9.512900e+01	3.921560e+05
9.517800e+01	3.924850e+05
9.522900e+01	3.919250e+05
9.527900e+01	3.915300e+05
9.532800e+01	3.924420e+05
9.537900e+01	3.930970e+05
9.542900e+01	3.933850e+05
9.547800e+01	3.930940e+05
9.552900e+01	3.912740e+05
9.557900e+01	3.920630e+05
9.562800e+01	3.929280e+05
9.567900e+01	3.928820e+05
9.572900e+01	3.922490e+05
9.577900e+01	3.918230e+05
9.582900e+01	3.904800e+05
9.587900e+01	3.917740e+05
9.593000e+01	3.908590e+05
9.598000e+01	3.917750e+05
9.603000e+01	3.931630e+05
9.608000e+01	3.924900e+05
9.613000e+01	3.908770e+05
9.618000e+01	3.912050e+05
9.623000e+01	3.923000e+05
9.628000e+01	3.927610e+05
9.633000e+01	3.928970e+05
9.638100e+01	3.927330e+05
9.643000e+01	3.917770e+05
9.648000e+01	3.920570e+05
9.653000e+01	3.912410e+05
9.658100e+01	3.913150e+05
9.663100e+01	3.923080e+05
9.668100e+01	3.923340e+05
9.673100e+01	3.910730e+05
9.678100e+01	3.912920e+05
9.683100e+01	3.914610e+05
9.688100e+01	3.921590e+05
9.693200e+01	3.922450e+05
9.698200e+01	3.902280e+05
9.703200e+01	3.905920e+05
9.708200e+01	3.908210e+05
9.713200e+01	3.915040e+05
9.718200e+01	3.914010e+05
9.723200e+01	3.917100e+05
9.728300e+01	3.908980e+05
9.733200e+01	3.910800e+05
9.738200e+01	3.911600e+05
9.743200e+01	3.918950e+05
9.748200e+01	3.923160e+05
9.753300e+01	3.910750e+05
9.758300e+01	3.901530e+05
9.763300e+01	3.896390e+05
9.768300e+01	3.913060e+05
9.773300e+01	3.907130e+05
9.778300e+01	3.907970e+05
9.783300e+01	3.896660e+05
9.788400e+01	3.906320e+05
9.793300e+01	3.903290e+05
9.798300e+01	3.907850e+05
9.803300e+01	3.905400e+05
9.808400e+01	3.916480e+05
9.813400e+01	3.900540e+05
9.818400e+01	3.889280e+05
9.823400e+01	3.894230e+05
9.828400e+01	3.901490e+05
9.833400e+01	3.908140e+05
9.838400e+01	3.903060e+05
9.843400e+01	3.900270e+05
9.848500e+01	3.901340e+05
9.853500e+01	3.890560e+05
9.858500e+01	3.880340e+05
9.863500e+01	3.900140e+05
9.868500e+01	3.903780e+05
9.873500e+01	3.886420e+05
9.878600e+01	3.888140e+05
9.883400e+01	3.870800e+05
9.888500e+01	3.893420e+05
9.893500e+01	3.893780e+05
9.898500e+01	3.886760e+05
9.903600e+01	3.881840e+05
9.908600e+01	3.882540e+05
9.913600e+01	3.886350e+05
9.918600e+01	3.890540e+05
9.923600e+01	3.903780e+05
9.928600e+01	3.891710e+05
9.933600e+01	3.884270e+05
9.938600e+01	3.885170e+05
9.943600e+01	3.881590e+05
9.948700e+01	3.892430e+05
9.953600e+01	3.883310e+05
9.958700e+01	3.880850e+05
9.963700e+01	3.876830e+05
9.968600e+01	3.880200e+05
9.973700e+01	3.874360e+05
9.978700e+01	3.887800e+05
9.983700e+01	3.873820e+05
9.988700e+01	3.885750e+05
9.993800e+01	3.871250e+05
9.998700e+01	3.870250e+05
1.000380e+02	3.864450e+05
1.000870e+02	3.893610e+05
1.001380e+02	3.879380e+05
1.001870e+02	3.870480e+05
1.002370e+02	3.885850e+05
1.002870e+02	3.878370e+05
1.003370e+02	3.886880e+05
1.003880e+02	3.880410e+05
1.004380e+02	3.886120e+05
1.004880e+02	3.881640e+05
1.005380e+02	3.868860e+05
1.005880e+02	3.861010e+05
1.006380e+02	3.851850e+05
1.006880e+02	3.879330e+05
1.007390e+02	3.884050e+05
1.007890e+02	3.860590e+05
1.008390e+02	3.862630e+05
1.008880e+02	3.869620e+05
1.009390e+02	3.875130e+05
1.009890e+02	3.878470e+05
1.010390e+02	3.873390e+05
1.010890e+02	3.873730e+05
1.011390e+02	3.866630e+05
1.011890e+02	3.867100e+05
1.012400e+02	3.868840e+05
1.012890e+02	3.879130e+05
1.013400e+02	3.878660e+05
1.013900e+02	3.871970e+05
1.014400e+02	3.865960e+05
1.014900e+02	3.864270e+05
1.015400e+02	3.871870e+05
1.015900e+02	3.868210e+05
1.016400e+02	3.865730e+05
1.016910e+02	3.869860e+05
1.017400e+02	3.863450e+05
1.017900e+02	3.846210e+05
1.018400e+02	3.852740e+05
1.018910e+02	3.869120e+05
1.019410e+02	3.868480e+05
1.019910e+02	3.856460e+05
1.020410e+02	3.859300e+05
1.020910e+02	3.859200e+05
1.021410e+02	3.870610e+05
1.021910e+02	3.865040e+05
1.022420e+02	3.877830e+05
1.022920e+02	3.862610e+05
1.023420e+02	3.869420e+05
1.023920e+02	3.865820e+05
1.024420e+02	3.871470e+05
1.024920e+02	3.869360e+05
1.025420e+02	3.861180e+05
1.025920e+02	3.852680e+05
1.026420e+02	3.860080e+05
1.026920e+02	3.869250e+05
1.027420e+02	3.857570e+05
1.027920e+02	3.882930e+05
1.028420e+02	3.862160e+05
1.028920e+02	3.865630e+05
1.029430e+02	3.852280e+05
1.029930e+02	3.843410e+05
1.030420e+02	3.853240e+05
1.030930e+02	3.858880e+05
1.031430e+02	3.861050e+05
1.031930e+02	3.853900e+05
1.032430e+02	3.857400e+05
1.032940e+02	3.864990e+05
1.033440e+02	3.863140e+05
1.033940e+02	3.862810e+05
1.034440e+02	3.856140e+05
1.034940e+02	3.854280e+05
1.035440e+02	3.854310e+05
1.035940e+02	3.840960e+05
1.036440e+02	3.855230e+05
1.036940e+02	3.847120e+05
1.037440e+02	3.856360e+05
1.037940e+02	3.841540e+05
1.038450e+02	3.848730e+05
1.038940e+02	3.853370e+05
1.039450e+02	3.854710e+05
1.039950e+02	3.840540e+05
1.040450e+02	3.849670e+05
1.040940e+02	3.845000e+05
1.041450e+02	3.856620e+05
1.041950e+02	3.832080e+05
1.042450e+02	3.846710e+05
1.042950e+02	3.880090e+05
1.043450e+02	3.871520e+05
1.043950e+02	3.871030e+05
1.044460e+02	3.850910e+05
1.044950e+02	3.861730e+05
1.045460e+02	3.858340e+05
1.045960e+02	3.860340e+05
1.046460e+02	3.858450e+05
1.046960e+02	3.858370e+05
1.047460e+02	3.864010e+05
1.047960e+02	3.858910e+05
1.048460e+02	3.860470e+05
1.048960e+02	3.865750e+05
1.049460e+02	3.869820e+05
1.049970e+02	3.863490e+05
1.050460e+02	3.871140e+05
1.050960e+02	3.891020e+05
1.051460e+02	3.876440e+05
1.051970e+02	3.894280e+05
1.052480e+02	3.853440e+05
1.052970e+02	3.875710e+05
1.053480e+02	3.878820e+05
1.053970e+02	3.869350e+05
1.054470e+02	3.866070e+05
1.054970e+02	3.869110e+05
1.055480e+02	3.880080e+05
1.055980e+02	3.868720e+05
1.056480e+02	3.868510e+05
1.056980e+02	3.883520e+05
1.057480e+02	3.877690e+05
1.057980e+02	3.879340e+05
1.058480e+02	3.878560e+05
1.058980e+02	3.872240e+05
1.059480e+02	3.887320e+05
1.059980e+02	3.868570e+05
1.060490e+02	3.871490e+05
1.060980e+02	3.874810e+05
1.061490e+02	3.879980e+05
1.061990e+02	3.885100e+05
1.062490e+02	3.860060e+05
1.062990e+02	3.890750e+05
1.063490e+02	3.890240e+05
1.063990e+02	3.887070e+05
1.064490e+02	3.874680e+05
1.064990e+02	3.877040e+05
1.065500e+02	3.882400e+05
1.065990e+02	3.866800e+05
1.066490e+02	3.861730e+05
1.067000e+02	3.895770e+05
1.067490e+02	3.881950e+05
1.068000e+02	3.878080e+05
1.068500e+02	3.881750e+05
1.069000e+02	3.898680e+05
1.069510e+02	3.877850e+05
1.070000e+02	3.884590e+05
1.070510e+02	3.876860e+05
1.071000e+02	3.881160e+05
1.071510e+02	3.899550e+05
1.072010e+02	3.890520e+05
1.072510e+02	3.867890e+05
1.073000e+02	3.882580e+05
1.073510e+02	3.882340e+05
1.074010e+02	3.890470e+05
1.074510e+02	3.880740e+05
1.075010e+02	3.887010e+05
1.075510e+02	3.884900e+05
1.076010e+02	3.869740e+05
1.076510e+02	3.872610e+05
1.077020e+02	3.864040e+05
1.077520e+02	3.886410e+05
1.078020e+02	3.862310e+05
1.078510e+02	3.864300e+05
1.079020e+02	3.875990e+05
1.079520e+02	3.868910e+05
1.080020e+02	3.877800e+05
1.080520e+02	3.873310e+05
1.081030e+02	3.876930e+05
1.081520e+02	3.875210e+05
1.082030e+02	3.898280e+05
1.082520e+02	3.848190e+05
1.083020e+02	3.872780e+05
1.083530e+02	3.889000e+05
1.084030e+02	3.871420e+05
1.084540e+02	3.867110e+05
1.085030e+02	3.869570e+05
1.085540e+02	3.859690e+05
1.086030e+02	3.872620e+05
1.086540e+02	3.859210e+05
1.087040e+02	3.871400e+05
1.087530e+02	3.864250e+05
1.088030e+02	3.864530e+05
1.088540e+02	3.867360e+05
1.089030e+02	3.861730e+05
1.089530e+02	3.861190e+05
1.090030e+02	3.864630e+05
1.090550e+02	3.849900e+05
1.091040e+02	3.865810e+05
1.091550e+02	3.856470e+05
1.092040e+02	3.904890e+05
1.092540e+02	3.827220e+05
1.093040e+02	3.866270e+05
1.093540e+02	3.858970e+05
1.094050e+02	3.855800e+05
1.094550e+02	3.861190e+05
1.095040e+02	3.853160e+05
1.095550e+02	3.862960e+05
1.096050e+02	3.840590e+05
1.096560e+02	3.856560e+05
1.097050e+02	3.849000e+05
1.097550e+02	3.849770e+05
1.098050e+02	3.850660e+05
1.098560e+02	3.849530e+05
1.099050e+02	3.853590e+05
1.099560e+02	3.851670e+05
1.100050e+02	3.833840e+05
1.100550e+02	3.854350e+05
1.101060e+02	3.845500e+05
1.101560e+02	3.852880e+05
1.102060e+02	3.874000e+05
1.102560e+02	3.809910e+05
1.103060e+02	3.850400e+05
1.103560e+02	3.850530e+05
1.104060e+02	3.850870e+05
1.104570e+02	3.845600e+05
1.105070e+02	3.845480e+05
1.105570e+02	3.835870e+05
1.106070e+02	3.837690e+05
1.106570e+02	3.836600e+05
1.107070e+02	3.833750e+05
1.107570e+02	3.842940e+05
1.108070e+02	3.824690e+05
1.108570e+02	3.830370e+05
1.109070e+02	3.839190e+05
1.109580e+02	3.838490e+05
1.110080e+02	3.840740e+05
1.110580e+02	3.827520e+05
1.111080e+02	3.845690e+05
1.111580e+02	3.829930e+05
1.112080e+02	3.876740e+05
1.112580e+02	3.794850e+05
1.113080e+02	3.839630e+05
1.113580e+02	3.838910e+05
1.114080e+02	3.828240e+05
1.114590e+02	3.814480e+05
1.115080e+02	3.830240e+05
1.115590e+02	3.833730e+05
1.116090e+02	3.836860e+05
1.116600e+02	3.829250e+05
1.117080e+02	3.832030e+05
1.117590e+02	3.831140e+05
1.118090e+02	3.830810e+05
1.118590e+02	3.826530e+05
1.119090e+02	3.822610e+05
1.119600e+02	3.830250e+05
1.120100e+02	3.811330e+05
1.120600e+02	3.816440e+05
1.121100e+02	3.812220e+05
1.121600e+02	3.823100e+05
1.122100e+02	3.866680e+05
1.122610e+02	3.793160e+05
1.123110e+02	3.818440e+05
1.123600e+02	3.832500e+05
1.124100e+02	3.824450e+05
1.124600e+02	3.826880e+05
1.125110e+02	3.825120e+05
1.125610e+02	3.813120e+05
1.126100e+02	3.806260e+05
1.126610e+02	3.804760e+05
1.127110e+02	3.820200e+05
1.127610e+02	3.817020e+05
1.128110e+02	3.815270e+05
1.128620e+02	3.820130e+05
1.129120e+02	3.821790e+05
1.129610e+02	3.816340e+05
1.130110e+02	3.815580e+05
1.130610e+02	3.817580e+05
1.131120e+02	3.825350e+05
1.131620e+02	3.813130e+05
1.132120e+02	3.828450e+05
1.132620e+02	3.775420e+05
1.133120e+02	3.818120e+05
1.133620e+02	3.824210e+05
1.134130e+02	3.822830e+05
1.134630e+02	3.818250e+05
1.135130e+02	3.813080e+05
1.135630e+02	3.810720e+05
1.136130e+02	3.813040e+05
1.136630e+02	3.802170e+05
1.137130e+02	3.822150e+05
1.137630e+02	3.807000e+05
1.138130e+02	3.790790e+05
1.138630e+02	3.795710e+05
1.139130e+02	3.811370e+05
1.139630e+02	3.807930e+05
1.140130e+02	3.810450e+05
1.140640e+02	3.808160e+05
1.141130e+02	3.804950e+05
1.141640e+02	3.817430e+05
1.142140e+02	3.849770e+05
1.142640e+02	3.794730e+05
1.143140e+02	3.823470e+05
1.143640e+02	3.821940e+05
1.144140e+02	3.800270e+05
1.144640e+02	3.800040e+05
1.145140e+02	3.805230e+05
1.145650e+02	3.823870e+05
1.146140e+02	3.811570e+05
1.146650e+02	3.811200e+05
1.147150e+02	3.804260e+05
1.147650e+02	3.811090e+05
1.148150e+02	3.811730e+05
1.148650e+02	3.813710e+05
1.149150e+02	3.805530e+05
1.149660e+02	3.797720e+05
1.150160e+02	3.788900e+05
1.150660e+02	3.800750e+05
1.151150e+02	3.799540e+05
1.151650e+02	3.812990e+05
1.152150e+02	3.839130e+05
1.152650e+02	3.772760e+05
1.153160e+02	3.802330e+05
1.153660e+02	3.813840e+05
1.154160e+02	3.818420e+05
1.154660e+02	3.805580e+05
1.155160e+02	3.810520e+05
1.155670e+02	3.789700e+05
1.156160e+02	3.791080e+05
1.156660e+02	3.797240e+05
1.157160e+02	3.801090e+05
1.157670e+02	3.802250e+05
1.158170e+02	3.802490e+05
1.158670e+02	3.796680e+05
1.159170e+02	3.806830e+05
1.159670e+02	3.796240e+05
1.160170e+02	3.810930e+05
1.160670e+02	3.811100e+05
1.161170e+02	3.797070e+05
1.161680e+02	3.788250e+05
1.162170e+02	3.811390e+05
1.162680e+02	3.781750e+05
1.163180e+02	3.808740e+05
1.163680e+02	3.818720e+05
1.164180e+02	3.798840e+05
1.164680e+02	3.795050e+05
1.165180e+02	3.805340e+05
1.165690e+02	3.798410e+05
1.166180e+02	3.802260e+05
1.166690e+02	3.807150e+05
1.167190e+02	3.798890e+05
1.167680e+02	3.798310e+05
1.168190e+02	3.784690e+05
1.168680e+02	3.801260e+05
1.169190e+02	3.798570e+05
1.169690e+02	3.795790e+05
1.170190e+02	3.825770e+05
1.170690e+02	3.799590e+05
1.171190e+02	3.794100e+05
1.171700e+02	3.786810e+05
1.172190e+02	3.829500e+05
1.172690e+02	3.779800e+05
1.173200e+02	3.811240e+05
1.173690e+02	3.797710e+05
1.174200e+02	3.788050e+05
1.174700e+02	3.801120e+05
1.175200e+02	3.800000e+05
1.175710e+02	3.804560e+05
1.176200e+02	3.798760e+05
1.176700e+02	3.784910e+05
1.177210e+02	3.797630e+05
1.177700e+02	3.793840e+05
1.178210e+02	3.801770e+05
1.178710e+02	3.795090e+05
1.179210e+02	3.800850e+05
1.179700e+02	3.790280e+05
1.180200e+02	3.783950e+05
1.180710e+02	3.792170e+05
1.181210e+02	3.799500e+05
1.181710e+02	3.797620e+05
1.182210e+02	3.827940e+05
1.182710e+02	3.769000e+05
1.183220e+02	3.797780e+05
1.183720e+02	3.801780e+05
1.184220e+02	3.803790e+05
1.184720e+02	3.801790e+05
1.185220e+02	3.794550e+05
1.185730e+02	3.785960e+05
1.186220e+02	3.772430e+05
1.186720e+02	3.801790e+05
1.187220e+02	3.788430e+05
1.187720e+02	3.792810e+05
1.188220e+02	3.789280e+05
1.188720e+02	3.786410e+05
1.189220e+02	3.789810e+05
1.189730e+02	3.788020e+05
1.190220e+02	3.793940e+05
1.190730e+02	3.799350e+05
1.191230e+02	3.782960e+05
1.191730e+02	3.775260e+05
1.192220e+02	3.804770e+05
1.192740e+02	3.778950e+05
1.193230e+02	3.796960e+05
1.193740e+02	3.797410e+05
1.194230e+02	3.788400e+05
1.194740e+02	3.786280e+05
1.195240e+02	3.789240e+05
1.195740e+02	3.794350e+05
1.196230e+02	3.784340e+05
1.196740e+02	3.783930e+05
1.197240e+02	3.778680e+05
1.197740e+02	3.774460e+05
1.198240e+02	3.766360e+05
1.198740e+02	3.791030e+05
1.199240e+02	3.786900e+05
1.199740e+02	3.791940e+05
1.200250e+02	3.773050e+05
1.200750e+02	3.786830e+05
1.201250e+02	3.785570e+05
1.201750e+02	3.787390e+05
1.202250e+02	3.815070e+05
1.202750e+02	3.767450e+05
1.203250e+02	3.785420e+05
1.203760e+02	3.773620e+05
1.204260e+02	3.780710e+05
1.204760e+02	3.783580e+05
1.205260e+02	3.786920e+05
1.205750e+02	3.769790e+05
1.206260e+02	3.774320e+05
1.206760e+02	3.767750e+05
1.207250e+02	3.779290e+05
1.207770e+02	3.779340e+05
1.208260e+02	3.771960e+05
1.208760e+02	3.769770e+05
1.209270e+02	3.763630e+05
1.209760e+02	3.758520e+05
1.210270e+02	3.754240e+05
1.210770e+02	3.767370e+05
1.211270e+02	3.770210e+05
1.211770e+02	3.758910e+05
1.212270e+02	3.782170e+05
1.212770e+02	3.744470e+05
1.213270e+02	3.780960e+05
1.213770e+02	3.777500e+05
1.214270e+02	3.767610e+05
1.214770e+02	3.762050e+05
1.215270e+02	3.756480e+05
1.215780e+02	3.761790e+05
1.216270e+02	3.751670e+05
1.216780e+02	3.759110e+05
1.217280e+02	3.759720e+05
1.217780e+02	3.754250e+05
1.218280e+02	3.755900e+05
1.218780e+02	3.748300e+05
1.219290e+02	3.760610e+05
1.219780e+02	3.763670e+05
1.220280e+02	3.753240e+05
1.220790e+02	3.747100e+05
1.221290e+02	3.745770e+05
1.221790e+02	3.740980e+05
1.222290e+02	3.762520e+05
1.222790e+02	3.738920e+05
1.223290e+02	3.756180e+05
1.223790e+02	3.757200e+05
1.224290e+02	3.748280e+05
1.224790e+02	3.747050e+05
1.225300e+02	3.745130e+05
1.225790e+02	3.754380e+05
1.226290e+02	3.739340e+05
1.226790e+02	3.742880e+05
1.227300e+02	3.738450e+05
1.227800e+02	3.743340e+05
1.228300e+02	3.741510e+05
1.228800e+02	3.746120e+05
1.229300e+02	3.750130e+05
1.229810e+02	3.732690e+05
1.230310e+02	3.736040e+05
1.230810e+02	3.746410e+05
1.231300e+02	3.742260e+05
1.231810e+02	3.750610e+05
1.232310e+02	3.749490e+05
1.232810e+02	3.741890e+05
1.233300e+02	3.746630e+05
1.233810e+02	3.742640e+05
1.234310e+02	3.740210e+05
1.234810e+02	3.731630e+05
1.235310e+02	3.747860e+05
1.235810e+02	3.728490e+05
1.236310e+02	3.730410e+05
1.236820e+02	3.731720e+05
1.237320e+02	3.742220e+05
1.237810e+02	3.747680e+05
1.238320e+02	3.734090e+05
1.238820e+02	3.722550e+05
1.239320e+02	3.742070e+05
1.239820e+02	3.729190e+05
1.240320e+02	3.730660e+05
1.240820e+02	3.727480e+05
1.241320e+02	3.727970e+05
1.241830e+02	3.735060e+05
1.242320e+02	3.737020e+05
1.242820e+02	3.737310e+05
1.243330e+02	3.734770e+05
1.243830e+02	3.753610e+05
1.244330e+02	3.726410e+05
1.244830e+02	3.731180e+05
1.245320e+02	3.725910e+05
1.245830e+02	3.730250e+05
1.246340e+02	3.723240e+05
1.246840e+02	3.732690e+05
1.247340e+02	3.731930e+05
1.247830e+02	3.731050e+05
1.248330e+02	3.720510e+05
1.248830e+02	3.730370e+05
1.249340e+02	3.732410e+05
1.249840e+02	3.734710e+05
1.250340e+02	3.723080e+05
1.250850e+02	3.713900e+05
1.251340e+02	3.731310e+05
1.251850e+02	3.717650e+05
1.252350e+02	3.740970e+05
1.252850e+02	3.724720e+05
1.253350e+02	3.726270e+05
1.253850e+02	3.729890e+05
1.254340e+02	3.730150e+05
1.254850e+02	3.731790e+05
1.255350e+02	3.731980e+05
1.255850e+02	3.723150e+05
1.256350e+02	3.713800e+05
1.256850e+02	3.714250e+05
1.257350e+02	3.719780e+05
1.257850e+02	3.716170e+05
1.258360e+02	3.722570e+05
1.258860e+02	3.723780e+05
1.259350e+02	3.714470e+05
1.259860e+02	3.719490e+05
1.260360e+02	3.723530e+05
1.260860e+02	3.722830e+05
1.261360e+02	3.728820e+05
1.261860e+02	3.723740e+05
1.262360e+02	3.730020e+05
1.262870e+02	3.718040e+05
1.263360e+02	3.731590e+05
1.263860e+02	3.720600e+05
1.264360e+02	3.719220e+05
1.264860e+02	3.722340e+05
1.265370e+02	3.719000e+05
1.265870e+02	3.720110e+05
1.266370e+02	3.710930e+05
1.266880e+02	3.718600e+05
1.267370e+02	3.727740e+05
1.267870e+02	3.715550e+05
1.268380e+02	3.705280e+05
1.268870e+02	3.706330e+05
1.269380e+02	3.706180e+05
1.269880e+02	3.706730e+05
1.270380e+02	3.709910e+05
1.270880e+02	3.704150e+05
1.271380e+02	3.712810e+05
1.271880e+02	3.714920e+05
1.272390e+02	3.723680e+05
1.272880e+02	3.710880e+05
1.273380e+02	3.723910e+05
1.273880e+02	3.720660e+05
1.274390e+02	3.711180e+05
1.274890e+02	3.707690e+05
1.275380e+02	3.711230e+05
1.275890e+02	3.708520e+05
1.276380e+02	3.711230e+05
1.276890e+02	3.693950e+05
1.277390e+02	3.709480e+05
1.277890e+02	3.714590e+05
1.278390e+02	3.712960e+05
1.278900e+02	3.714850e+05
1.279400e+02	3.713350e+05
1.279900e+02	3.713610e+05
1.280400e+02	3.706790e+05
1.280900e+02	3.702670e+05
1.281400e+02	3.708570e+05
1.281900e+02	3.698840e+05
1.282400e+02	3.728930e+05
1.282900e+02	3.705070e+05
1.283400e+02	3.716900e+05
1.283900e+02	3.717560e+05
1.284410e+02	3.715860e+05
1.284900e+02	3.719050e+05
1.285410e+02	3.716940e+05
1.285910e+02	3.718980e+05
1.286410e+02	3.711560e+05
1.286910e+02	3.712040e+05
1.287410e+02	3.717400e+05
1.287910e+02	3.717150e+05
1.288410e+02	3.705990e+05
1.288910e+02	3.704190e+05
1.289410e+02	3.705940e+05
1.289910e+02	3.708330e+05
1.290420e+02	3.708950e+05
1.290920e+02	3.709430e+05
1.291420e+02	3.710110e+05
1.291920e+02	3.705760e+05
1.292420e+02	3.728970e+05
1.292920e+02	3.706050e+05
1.293420e+02	3.715920e+05
1.293920e+02	3.708860e+05
1.294420e+02	3.709040e+05
1.294920e+02	3.708180e+05
1.295420e+02	3.704840e+05
1.295930e+02	3.708520e+05
1.296430e+02	3.712660e+05
1.296930e+02	3.706390e+05
1.297420e+02	3.713110e+05
1.297930e+02	3.705930e+05
1.298430e+02	3.706600e+05
1.298930e+02	3.704890e+05
1.299430e+02	3.712550e+05
1.299940e+02	3.708720e+05
1.300440e+02	3.705560e+05
1.300930e+02	3.709620e+05
1.301440e+02	3.710750e+05
1.301940e+02	3.713070e+05
1.302440e+02	3.721460e+05
1.302940e+02	3.704130e+05
1.303440e+02	3.759170e+05
1.303940e+02	3.726810e+05
1.304440e+02	3.710410e+05
1.304940e+02	3.709110e+05
1.305440e+02	3.703120e+05
1.305940e+02	3.705250e+05
1.306450e+02	3.694080e+05
1.306940e+02	3.702760e+05
1.307440e+02	3.696170e+05
1.307950e+02	3.713870e+05
1.308440e+02	3.718110e+05
1.308950e+02	3.699150e+05
1.309450e+02	3.706750e+05
1.309950e+02	3.704490e+05
1.310460e+02	3.699880e+05
1.310950e+02	3.710030e+05
1.311460e+02	3.701500e+05
1.311950e+02	3.704210e+05
1.312460e+02	3.718570e+05
1.312960e+02	3.701560e+05
1.313460e+02	3.708310e+05
1.313960e+02	3.720460e+05
1.314460e+02	3.717830e+05
1.314960e+02	3.699150e+05
1.315470e+02	3.706750e+05
1.315960e+02	3.705560e+05
1.316460e+02	3.704730e+05
1.316970e+02	3.701080e+05
1.317470e+02	3.698940e+05
1.317960e+02	3.698090e+05
1.318470e+02	3.693370e+05
1.318970e+02	3.698950e+05
1.319470e+02	3.697300e+05
1.319970e+02	3.710980e+05
1.320480e+02	3.698970e+05
1.320970e+02	3.691690e+05
1.321470e+02	3.699370e+05
1.321970e+02	3.715770e+05
1.322480e+02	3.735960e+05
1.322980e+02	3.694900e+05
1.323480e+02	3.706180e+05
1.323980e+02	3.702400e+05
1.324480e+02	3.696260e+05
1.324980e+02	3.680650e+05
1.325480e+02	3.689010e+05
1.325980e+02	3.700250e+05
1.326480e+02	3.699070e+05
1.326980e+02	3.679320e+05
1.327480e+02	3.688610e+05
1.327990e+02	3.683660e+05
1.328490e+02	3.709880e+05
1.328990e+02	3.700090e+05
1.329490e+02	3.676760e+05
1.329990e+02	3.686270e+05
1.330490e+02	3.672900e+05
1.330990e+02	3.687080e+05
1.331490e+02	3.685860e+05
1.331990e+02	3.711740e+05
1.332490e+02	3.689630e+05
1.333000e+02	3.680770e+05
1.333550e+02	3.686230e+05
1.334000e+02	3.692950e+05
1.334490e+02	3.682760e+05
1.335000e+02	3.688430e+05
1.335500e+02	3.675280e+05
1.336000e+02	3.679240e+05
1.336500e+02	3.673470e+05
1.337000e+02	3.669920e+05
1.337510e+02	3.684420e+05
1.338010e+02	3.682800e+05
1.338510e+02	3.680830e+05
1.339010e+02	3.668010e+05
1.339510e+02	3.673510e+05
1.340010e+02	3.675860e+05
1.340510e+02	3.683220e+05
1.341010e+02	3.673400e+05
1.341510e+02	3.663520e+05
1.342020e+02	3.678200e+05
1.342520e+02	3.660610e+05
1.343010e+02	3.674430e+05
1.343520e+02	3.684220e+05
1.344020e+02	3.688300e+05
1.344520e+02	3.671770e+05
1.345010e+02	3.669620e+05
1.345520e+02	3.672170e+05
1.346020e+02	3.682370e+05
1.346520e+02	3.674130e+05
1.347020e+02	3.666330e+05
1.347520e+02	3.665780e+05
1.348020e+02	3.671080e+05
1.348530e+02	3.668330e+05
1.349020e+02	3.665380e+05
1.349520e+02	3.669210e+05
1.350030e+02	3.678400e+05
1.350530e+02	3.672660e+05
1.351030e+02	3.660220e+05
1.351530e+02	3.670650e+05
1.352030e+02	3.695910e+05
1.352530e+02	3.666530e+05
1.353030e+02	3.665370e+05
1.353530e+02	3.664760e+05
1.354040e+02	3.665620e+05
1.354540e+02	3.667680e+05
1.355040e+02	3.668250e+05
1.355530e+02	3.669640e+05
1.356040e+02	3.661950e+05
1.356540e+02	3.671390e+05
1.357040e+02	3.664390e+05
1.357540e+02	3.662730e+05
1.358050e+02	3.671710e+05
1.358540e+02	3.676620e+05
1.359040e+02	3.666920e+05
1.359540e+02	3.652470e+05
1.360050e+02	3.665230e+05
1.360540e+02	3.657170e+05
1.361050e+02	3.667960e+05
1.361550e+02	3.655930e+05
1.362050e+02	3.694040e+05
1.362550e+02	3.647880e+05
1.363050e+02	3.659480e+05
1.363550e+02	3.668050e+05
1.364060e+02	3.683930e+05
1.364560e+02	3.679100e+05
1.365050e+02	3.655080e+05
1.365550e+02	3.650790e+05
1.366050e+02	3.652970e+05
1.366560e+02	3.666180e+05
1.367050e+02	3.665160e+05
1.367560e+02	3.660670e+05
1.368060e+02	3.662190e+05
1.368570e+02	3.662210e+05
1.369070e+02	3.658690e+05
1.369560e+02	3.669400e+05
1.370070e+02	3.668710e+05
1.370560e+02	3.660540e+05
1.371060e+02	3.655160e+05
1.371570e+02	3.653560e+05
1.372080e+02	3.687830e+05
1.372570e+02	3.647440e+05
1.373070e+02	3.659210e+05
1.373570e+02	3.670240e+05
1.374080e+02	3.669060e+05
1.374570e+02	3.659320e+05
1.375080e+02	3.664020e+05
1.375580e+02	3.662940e+05
1.376080e+02	3.659300e+05
1.376570e+02	3.664770e+05
1.377080e+02	3.647220e+05
1.377580e+02	3.640160e+05
1.378080e+02	3.649520e+05
1.378580e+02	3.659830e+05
1.379080e+02	3.664560e+05
1.379580e+02	3.646130e+05
1.380080e+02	3.660160e+05
1.380580e+02	3.657340e+05
1.381090e+02	3.655100e+05
1.381580e+02	3.660730e+05
1.382090e+02	3.704040e+05
1.382590e+02	3.637140e+05
1.383090e+02	3.652690e+05
1.383590e+02	3.650540e+05
1.384090e+02	3.665890e+05
1.384590e+02	3.664440e+05
1.385090e+02	3.662720e+05
1.385590e+02	3.656580e+05
1.386090e+02	3.654080e+05
1.386600e+02	3.648530e+05
1.387100e+02	3.656420e+05
1.387590e+02	3.662520e+05
1.388100e+02	3.644430e+05
1.388600e+02	3.665710e+05
1.389100e+02	3.648690e+05
1.389600e+02	3.650720e+05
1.390100e+02	3.639590e+05
1.390600e+02	3.654710e+05
1.391100e+02	3.661100e+05
1.391600e+02	3.655310e+05
1.392110e+02	3.695520e+05
1.392610e+02	3.618560e+05
1.393110e+02	3.672360e+05
1.393610e+02	3.667750e+05
1.394100e+02	3.663430e+05
1.394610e+02	3.663780e+05
1.395110e+02	3.658190e+05
1.395610e+02	3.647770e+05
1.396110e+02	3.656910e+05
1.396610e+02	3.660980e+05
1.397120e+02	3.665260e+05
1.397620e+02	3.653500e+05
1.398120e+02	3.695120e+05
1.398620e+02	3.665920e+05
1.399120e+02	3.667420e+05
1.399620e+02	3.663010e+05
1.400120e+02	3.661210e+05
1.400620e+02	3.657380e+05
1.401130e+02	3.643760e+05
1.401620e+02	3.637730e+05
1.402130e+02	3.702150e+05
1.402620e+02	3.632610e+05
1.403130e+02	3.678080e+05
1.403630e+02	3.671270e+05
1.404120e+02	3.672000e+05
1.404630e+02	3.665390e+05
1.405130e+02	3.668180e+05
1.405630e+02	3.675370e+05
1.406130e+02	3.664730e+05
1.406630e+02	3.668930e+05
1.407130e+02	3.644810e+05
1.407630e+02	3.655960e+05
1.408130e+02	3.666240e+05
1.408640e+02	3.666210e+05
1.409140e+02	3.661610e+05
1.409640e+02	3.664240e+05
1.410140e+02	3.667000e+05
1.410640e+02	3.666470e+05
1.411150e+02	3.663870e+05
1.411640e+02	3.668630e+05
1.412140e+02	3.708980e+05
1.412640e+02	3.639800e+05
1.413150e+02	3.648430e+05
1.413640e+02	3.670140e+05
1.414140e+02	3.668120e+05
1.414650e+02	3.676190e+05
1.415150e+02	3.672340e+05
1.415650e+02	3.652470e+05
1.416150e+02	3.670540e+05
1.416650e+02	3.667570e+05
1.417150e+02	3.669650e+05
1.417650e+02	3.669410e+05
1.418160e+02	3.665610e+05
1.418660e+02	3.672780e+05
1.419160e+02	3.661740e+05
1.419650e+02	3.655660e+05
1.420160e+02	3.671800e+05
1.420650e+02	3.670390e+05
1.421160e+02	3.676590e+05
1.421660e+02	3.656500e+05
1.422160e+02	3.720320e+05
1.422660e+02	3.635370e+05
1.423170e+02	3.684060e+05
1.423670e+02	3.679220e+05
1.424170e+02	3.675980e+05
1.424660e+02	3.674270e+05
1.425170e+02	3.657070e+05
1.425670e+02	3.652850e+05
1.426170e+02	3.662130e+05
1.426670e+02	3.665990e+05
1.427170e+02	3.672650e+05
1.427670e+02	3.660370e+05
1.428170e+02	3.667180e+05
1.428670e+02	3.668140e+05
1.429180e+02	3.662800e+05
1.429670e+02	3.677440e+05
1.430170e+02	3.658970e+05
1.430680e+02	3.666690e+05
1.431180e+02	3.651560e+05
1.431680e+02	3.660260e+05
1.432180e+02	3.693280e+05
1.432680e+02	3.646450e+05
1.433190e+02	3.669230e+05
1.433680e+02	3.667820e+05
1.434180e+02	3.671860e+05
1.434680e+02	3.661400e+05
1.435190e+02	3.671310e+05
1.435680e+02	3.666930e+05
1.436190e+02	3.656510e+05
1.436690e+02	3.652070e+05
1.437190e+02	3.650600e+05
1.437690e+02	3.650450e+05
1.438190e+02	3.663790e+05
1.438690e+02	3.651830e+05
1.439190e+02	3.652120e+05
1.439690e+02	3.645670e+05
1.440200e+02	3.655540e+05
1.440700e+02	3.653350e+05
1.441200e+02	3.657260e+05
1.441700e+02	3.659210e+05
1.442210e+02	3.677340e+05
1.442700e+02	3.634150e+05
1.443200e+02	3.653400e+05
1.443700e+02	3.652040e+05
1.444200e+02	3.666330e+05
1.444700e+02	3.651220e+05
1.445210e+02	3.647290e+05
1.445700e+02	3.646710e+05
1.446210e+02	3.649620e+05
1.446710e+02	3.661630e+05
1.447200e+02	3.652290e+05
1.447710e+02	3.652440e+05
1.448220e+02	3.641050e+05
1.448710e+02	3.649390e+05
1.449220e+02	3.642330e+05
1.449710e+02	3.637270e+05
1.450210e+02	3.656770e+05
1.450710e+02	3.645080e+05
1.451220e+02	3.643240e+05
1.451720e+02	3.632150e+05
1.452220e+02	3.671270e+05
1.452720e+02	3.635380e+05
1.453220e+02	3.659770e+05
1.453720e+02	3.651260e+05
1.454230e+02	3.645100e+05
1.454720e+02	3.647100e+05
1.455230e+02	3.644620e+05
1.455730e+02	3.636790e+05
1.456220e+02	3.648110e+05
1.456730e+02	3.636110e+05
1.457230e+02	3.633540e+05
1.457730e+02	3.641810e+05
1.458230e+02	3.639370e+05
1.458730e+02	3.640500e+05
1.459220e+02	3.646170e+05
1.459730e+02	3.631150e+05
1.460240e+02	3.632580e+05
1.460740e+02	3.637280e+05
1.461230e+02	3.629330e+05
1.461740e+02	3.632090e+05
1.462230e+02	3.665490e+05
1.462730e+02	3.626620e+05
1.463240e+02	3.635740e+05
1.463740e+02	3.647560e+05
1.464240e+02	3.635690e+05
1.464740e+02	3.652830e+05
1.465240e+02	3.637460e+05
1.465740e+02	3.640000e+05
1.466250e+02	3.636180e+05
1.466740e+02	3.622800e+05
1.467240e+02	3.639500e+05
1.467750e+02	3.628670e+05
1.468250e+02	3.642000e+05
1.468750e+02	3.640360e+05
1.469250e+02	3.631640e+05
1.469760e+02	3.634020e+05
1.470250e+02	3.640080e+05
1.470750e+02	3.643310e+05
1.471250e+02	3.630180e+05
1.471750e+02	3.626400e+05
1.472250e+02	3.650990e+05
1.472760e+02	3.624560e+05
1.473250e+02	3.636410e+05
1.473760e+02	3.639060e+05
1.474260e+02	3.632800e+05
1.474760e+02	3.631540e+05
1.475260e+02	3.632260e+05
1.475760e+02	3.634940e+05
1.476270e+02	3.644410e+05
1.476760e+02	3.641570e+05
1.477260e+02	3.631180e+05
1.477760e+02	3.631070e+05
1.478260e+02	3.627070e+05
1.478770e+02	3.630600e+05
1.479260e+02	3.628350e+05
1.479760e+02	3.627930e+05
1.480270e+02	3.628010e+05
1.480780e+02	3.632790e+05
1.481270e+02	3.627640e+05
1.481770e+02	3.640460e+05
1.482270e+02	3.652490e+05
1.482780e+02	3.629610e+05
1.483270e+02	3.634670e+05
1.483770e+02	3.640260e+05
1.484280e+02	3.640080e+05
1.484780e+02	3.631500e+05
1.485280e+02	3.620930e+05
1.485780e+02	3.628010e+05
1.486290e+02	3.630890e+05
1.486780e+02	3.634440e+05
1.487290e+02	3.623660e+05
1.487790e+02	3.633510e+05
1.488290e+02	3.637060e+05
1.488780e+02	3.632460e+05
1.489290e+02	3.633880e+05
1.489790e+02	3.626840e+05
1.490290e+02	3.630750e+05
1.490790e+02	3.632810e+05
1.491290e+02	3.627380e+05
1.491790e+02	3.632550e+05
1.492300e+02	3.636560e+05
1.492800e+02	3.623380e+05
1.493290e+02	3.621340e+05
1.493800e+02	3.644770e+05
1.494300e+02	3.638350e+05
1.494800e+02	3.634580e+05
1.495300e+02	3.633390e+05
1.495810e+02	3.617840e+05
1.496300e+02	3.626940e+05
1.496800e+02	3.633930e+05
1.497300e+02	3.622460e+05
1.497800e+02	3.621440e+05
1.498310e+02	3.619620e+05
1.498800e+02	3.621650e+05
1.499300e+02	3.615780e+05
1.499810e+02	3.632390e+05
1.500300e+02	3.630290e+05
1.500810e+02	3.631460e+05
1.501310e+02	3.628000e+05
1.501810e+02	3.625630e+05
1.502310e+02	3.641690e+05
1.502810e+02	3.620140e+05
1.503320e+02	3.624440e+05
1.503820e+02	3.626440e+05
1.504320e+02	3.623980e+05
1.504820e+02	3.622660e+05
1.505320e+02	3.625720e+05
1.505820e+02	3.624640e+05
1.506320e+02	3.637810e+05
1.506820e+02	3.621680e+05
1.507320e+02	3.621330e+05
1.507820e+02	3.624450e+05
1.508320e+02	3.635320e+05
1.508820e+02	3.630160e+05
1.509320e+02	3.609620e+05
1.509830e+02	3.619990e+05
1.510330e+02	3.620810e+05
1.510820e+02	3.625150e+05
1.511340e+02	3.623660e+05
1.511820e+02	3.627820e+05
1.512330e+02	3.643380e+05
1.512830e+02	3.624440e+05
1.513330e+02	3.637620e+05
1.513830e+02	3.632680e+05
1.514330e+02	3.640820e+05
1.514830e+02	3.632740e+05
1.515340e+02	3.624060e+05
1.515840e+02	3.637860e+05
1.516340e+02	3.630890e+05
1.516840e+02	3.642360e+05
1.517340e+02	3.626080e+05
1.517840e+02	3.633400e+05
1.518340e+02	3.634110e+05
1.518840e+02	3.631650e+05
1.519340e+02	3.630120e+05
1.519840e+02	3.625570e+05
1.520350e+02	3.640450e+05
1.520850e+02	3.625310e+05
1.521350e+02	3.625330e+05
1.521850e+02	3.615630e+05
1.522350e+02	3.640960e+05
1.522850e+02	3.626550e+05
1.523350e+02	3.638560e+05
1.523850e+02	3.634830e+05
1.524350e+02	3.641800e+05
1.524850e+02	3.629740e+05
1.525350e+02	3.629390e+05
1.525860e+02	3.624720e+05
1.526360e+02	3.631990e+05
1.526860e+02	3.631310e+05
1.527360e+02	3.621420e+05
1.527860e+02	3.628070e+05
1.528360e+02	3.629690e+05
1.528860e+02	3.631180e+05
1.529360e+02	3.630220e+05
1.529870e+02	3.626380e+05
1.530370e+02	3.626610e+05
1.530860e+02	3.628220e+05
1.531370e+02	3.625710e+05
1.531870e+02	3.664070e+05
1.532370e+02	3.637510e+05
1.532870e+02	3.636960e+05
1.533360e+02	3.629700e+05
1.533870e+02	3.627500e+05
1.534370e+02	3.629050e+05
1.534870e+02	3.635490e+05
1.535370e+02	3.630800e+05
1.535880e+02	3.640160e+05
1.536380e+02	3.636870e+05
1.536870e+02	3.623340e+05
1.537380e+02	3.623650e+05
1.537870e+02	3.633050e+05
1.538380e+02	3.637520e+05
1.538880e+02	3.633940e+05
1.539380e+02	3.616250e+05
1.539890e+02	3.622070e+05
1.540380e+02	3.628450e+05
1.540890e+02	3.626540e+05
1.541390e+02	3.636170e+05
1.541880e+02	3.636840e+05
1.542390e+02	3.634900e+05
1.542890e+02	3.619740e+05
1.543390e+02	3.633680e+05
1.543890e+02	3.636960e+05
1.544400e+02	3.642490e+05
1.544890e+02	3.621410e+05
1.545400e+02	3.617170e+05
1.545900e+02	3.619190e+05
1.546390e+02	3.633550e+05
1.546890e+02	3.641030e+05
1.547400e+02	3.626010e+05
1.547890e+02	3.625390e+05
1.548400e+02	3.633630e+05
1.548900e+02	3.625740e+05
1.549400e+02	3.625070e+05
1.549900e+02	3.618340e+05
1.550400e+02	3.630550e+05
1.550900e+02	3.631500e+05
1.551400e+02	3.599210e+05
1.551900e+02	3.614450e+05
1.552410e+02	3.624250e+05
1.552910e+02	3.625080e+05
1.553400e+02	3.634090e+05
1.553900e+02	3.628330e+05
1.554410e+02	3.616480e+05
1.554910e+02	3.620110e+05
1.555410e+02	3.625800e+05
1.555910e+02	3.615080e+05
1.556420e+02	3.620260e+05
1.556920e+02	3.615680e+05
1.557410e+02	3.598250e+05
1.557920e+02	3.602620e+05
1.558420e+02	3.616990e+05
1.558920e+02	3.620690e+05
1.559420e+02	3.614500e+05
1.559920e+02	3.617890e+05
1.560420e+02	3.608880e+05
1.560920e+02	3.616120e+05
1.561420e+02	3.611750e+05
1.561920e+02	3.611750e+05
1.562430e+02	3.619020e+05
1.562930e+02	3.613030e+05
1.563430e+02	3.595420e+05
1.563920e+02	3.607730e+05
1.564420e+02	3.611420e+05
1.564930e+02	3.616800e+05
1.565440e+02	3.607090e+05
1.565930e+02	3.605180e+05
1.566430e+02	3.603530e+05
1.566940e+02	3.608680e+05
1.567440e+02	3.605730e+05
1.567930e+02	3.597970e+05
1.568430e+02	3.617820e+05
1.568940e+02	3.592110e+05
1.569440e+02	3.592200e+05
1.569940e+02	3.592180e+05
1.570440e+02	3.609820e+05
1.570940e+02	3.610090e+05
1.571440e+02	3.598930e+05
1.571940e+02	3.602480e+05
1.572440e+02	3.603500e+05
1.572950e+02	3.600260e+05
1.573450e+02	3.610730e+05
1.573940e+02	3.610020e+05
1.574440e+02	3.616660e+05
1.574950e+02	3.586360e+05
1.575450e+02	3.591290e+05
1.575950e+02	3.590800e+05
1.576450e+02	3.598740e+05
1.576960e+02	3.602870e+05
1.577450e+02	3.597380e+05
1.577960e+02	3.585830e+05
1.578450e+02	3.596740e+05
1.578960e+02	3.597730e+05
1.579460e+02	3.597750e+05
1.579950e+02	3.599990e+05
1.580460e+02	3.603170e+05
1.580960e+02	3.589970e+05
1.581460e+02	3.575960e+05
1.581960e+02	3.589630e+05
1.582460e+02	3.603630e+05
1.582960e+02	3.599520e+05
1.583470e+02	3.595620e+05
1.583960e+02	3.590930e+05
1.584460e+02	3.597530e+05
1.584960e+02	3.601290e+05
1.585470e+02	3.592100e+05
1.585970e+02	3.596230e+05
1.586460e+02	3.587980e+05
1.586970e+02	3.590430e+05
1.587470e+02	3.580580e+05
1.587970e+02	3.595080e+05
1.588470e+02	3.592310e+05
1.588970e+02	3.602210e+05
1.589480e+02	3.580910e+05
1.589970e+02	3.587510e+05
1.590470e+02	3.590510e+05
1.590980e+02	3.599010e+05
1.591480e+02	3.595310e+05
1.591980e+02	3.608950e+05
1.592490e+02	3.580860e+05
1.592990e+02	3.582070e+05
1.593480e+02	3.576320e+05
1.593980e+02	3.595350e+05
1.594490e+02	3.596390e+05
1.594990e+02	3.597840e+05
1.595480e+02	3.589520e+05
1.595990e+02	3.587020e+05
1.596490e+02	3.587620e+05
1.596990e+02	3.585280e+05
1.597490e+02	3.596690e+05
1.597990e+02	3.585990e+05
1.598490e+02	3.580080e+05
1.598990e+02	3.579220e+05
1.599490e+02	3.574700e+05
1.599990e+02	3.586580e+05
1.600490e+02	3.589200e+05
1.600990e+02	3.591960e+05
1.601500e+02	3.580160e+05
1.602000e+02	3.593830e+05
1.602500e+02	3.564220e+05
1.603000e+02	3.589380e+05
1.603500e+02	3.592130e+05
1.604000e+02	3.592750e+05
1.604510e+02	3.585640e+05
1.605000e+02	3.580760e+05
1.605510e+02	3.568770e+05
1.606010e+02	3.585910e+05
1.606510e+02	3.588050e+05
1.607010e+02	3.591090e+05
1.607510e+02	3.567750e+05
1.608010e+02	3.578760e+05
1.608510e+02	3.582730e+05
1.609010e+02	3.586420e+05
1.609510e+02	3.584840e+05
1.610010e+02	3.577200e+05
1.610510e+02	3.586340e+05
1.611020e+02	3.574360e+05
1.611510e+02	3.560450e+05
1.612010e+02	3.597090e+05
1.612510e+02	3.563650e+05
1.613020e+02	3.588190e+05
1.613520e+02	3.579850e+05
1.614020e+02	3.576600e+05
1.614520e+02	3.573190e+05
1.615020e+02	3.585740e+05
1.615520e+02	3.582290e+05
1.616020e+02	3.561020e+05
1.616520e+02	3.581450e+05
1.617030e+02	3.562640e+05
1.617520e+02	3.559510e+05
1.618020e+02	3.575930e+05
1.618530e+02	3.576210e+05
1.619030e+02	3.587210e+05
1.619530e+02	3.565040e+05
1.620030e+02	3.572320e+05
1.620540e+02	3.573960e+05
1.621030e+02	3.580530e+05
1.621530e+02	3.572940e+05
1.622040e+02	3.579640e+05
1.622540e+02	3.558370e+05
1.623040e+02	3.569910e+05
1.623540e+02	3.573270e+05
1.624030e+02	3.580460e+05
1.624540e+02	3.581180e+05
1.625050e+02	3.585370e+05
1.625550e+02	3.574080e+05
1.626040e+02	3.566100e+05
1.626550e+02	3.577600e+05
1.627050e+02	3.581280e+05
1.627550e+02	3.582440e+05
1.628040e+02	3.567970e+05
1.628540e+02	3.568670e+05
1.629050e+02	3.589630e+05
1.629550e+02	3.573830e+05
1.630050e+02	3.579870e+05
1.630550e+02	3.571520e+05
1.631050e+02	3.575200e+05
1.631550e+02	3.571270e+05
1.632050e+02	3.587960e+05
1.632560e+02	3.557050e+05
1.633060e+02	3.581610e+05
1.633560e+02	3.578580e+05
1.634050e+02	3.572980e+05
1.634560e+02	3.573690e+05
1.635060e+02	3.571210e+05
1.635560e+02	3.567260e+05
1.636060e+02	3.576150e+05
1.636570e+02	3.573120e+05
1.637070e+02	3.569630e+05
1.637560e+02	3.563750e+05
1.638070e+02	3.568290e+05
1.638570e+02	3.577430e+05
1.639070e+02	3.579780e+05
1.639570e+02	3.571080e+05
1.640070e+02	3.559940e+05
1.640580e+02	3.564000e+05
1.641070e+02	3.563380e+05
1.641570e+02	3.562280e+05
1.642070e+02	3.581610e+05
1.642570e+02	3.551600e+05
1.643070e+02	3.567790e+05
1.643580e+02	3.565030e+05
1.644080e+02	3.559710e+05
1.644580e+02	3.577110e+05
1.645080e+02	3.574160e+05
1.645580e+02	3.564760e+05
1.646080e+02	3.558740e+05
1.646590e+02	3.558170e+05
1.647080e+02	3.563300e+05
1.647580e+02	3.555960e+05
1.648080e+02	3.558810e+05
1.648580e+02	3.556120e+05
1.649090e+02	3.569640e+05
1.649590e+02	3.558710e+05
1.650090e+02	3.559910e+05
1.650590e+02	3.571520e+05
1.651090e+02	3.570010e+05
1.651590e+02	3.559580e+05
1.652090e+02	3.578090e+05
1.652590e+02	3.536040e+05
1.653090e+02	3.563320e+05
1.653590e+02	3.566730e+05
1.654090e+02	3.560390e+05
1.654600e+02	3.557620e+05
1.655100e+02	3.552990e+05
1.655600e+02	3.558190e+05
1.656100e+02	3.558530e+05
1.656600e+02	3.563600e+05
1.657100e+02	3.570380e+05
1.657600e+02	3.558070e+05
1.658100e+02	3.552960e+05
1.658610e+02	3.595460e+05
1.659110e+02	3.563570e+05
1.659600e+02	3.564280e+05
1.660100e+02	3.554970e+05
1.660600e+02	3.554090e+05
1.661110e+02	3.549410e+05
1.661610e+02	3.554810e+05
1.662110e+02	3.586620e+05
1.662610e+02	3.531820e+05
1.663110e+02	3.564150e+05
1.663610e+02	3.557380e+05
1.664110e+02	3.557470e+05
1.664610e+02	3.549800e+05
1.665120e+02	3.547000e+05
1.665620e+02	3.548170e+05
1.666120e+02	3.555620e+05
1.666620e+02	3.541410e+05
1.667110e+02	3.548860e+05
1.667620e+02	3.549220e+05
1.668120e+02	3.549950e+05
1.668620e+02	3.546140e+05
1.669120e+02	3.553830e+05
1.669630e+02	3.542200e+05
1.670130e+02	3.547700e+05
1.670630e+02	3.550370e+05
1.671130e+02	3.548770e+05
1.671630e+02	3.550090e+05
1.672130e+02	3.572640e+05
1.672630e+02	3.507470e+05
1.673130e+02	3.543110e+05
1.673630e+02	3.555220e+05
1.674130e+02	3.555000e+05
1.674640e+02	3.548870e+05
1.675140e+02	3.550500e+05
1.675640e+02	3.536470e+05
1.676140e+02	3.535020e+05
1.676640e+02	3.538960e+05
1.677140e+02	3.537410e+05
1.677640e+02	3.540670e+05
1.678130e+02	3.533590e+05
1.678640e+02	3.533200e+05
1.679140e+02	3.538130e+05
1.679640e+02	3.537820e+05
1.680150e+02	3.539040e+05
1.680650e+02	3.540810e+05
1.681150e+02	3.535440e+05
1.681650e+02	3.531900e+05
1.682140e+02	3.567690e+05
1.682650e+02	3.497290e+05
1.683150e+02	3.533950e+05
1.683650e+02	3.541470e+05
1.684160e+02	3.537080e+05
1.684650e+02	3.524760e+05
1.685150e+02	3.534330e+05
1.685660e+02	3.538170e+05
1.686160e+02	3.531310e+05
1.686660e+02	3.524700e+05
1.687160e+02	3.533270e+05
1.687660e+02	3.521950e+05
1.688160e+02	3.532120e+05
1.688660e+02	3.519080e+05
1.689160e+02	3.521890e+05
1.689660e+02	3.521050e+05
1.690160e+02	3.520290e+05
1.690660e+02	3.525290e+05
1.691160e+02	3.523720e+05
1.691670e+02	3.535170e+05
1.692160e+02	3.558150e+05
1.692670e+02	3.483540e+05
1.693170e+02	3.532350e+05
1.693670e+02	3.525410e+05
1.694170e+02	3.527850e+05
1.694670e+02	3.525770e+05
1.695180e+02	3.516370e+05
1.695680e+02	3.531750e+05
1.696170e+02	3.505200e+05
1.696670e+02	3.518150e+05
1.697170e+02	3.518630e+05
1.697680e+02	3.525960e+05
1.698180e+02	3.523950e+05
1.698680e+02	3.516190e+05
1.699180e+02	3.518360e+05
1.699680e+02	3.517720e+05
1.700180e+02	3.520470e+05
1.700680e+02	3.511710e+05
1.701180e+02	3.504370e+05
1.701680e+02	3.510650e+05
1.702180e+02	3.545740e+05
1.702690e+02	3.481070e+05
1.703190e+02	3.516800e+05
1.703690e+02	3.526840e+05
1.704180e+02	3.523300e+05
1.704690e+02	3.516190e+05
1.705190e+02	3.513080e+05
1.705690e+02	3.514290e+05
1.706190e+02	3.518560e+05
1.706700e+02	3.513300e+05
1.707190e+02	3.512430e+05
1.707690e+02	3.502960e+05
1.708200e+02	3.503800e+05
1.708700e+02	3.510270e+05
1.709200e+02	3.509440e+05
1.709700e+02	3.518750e+05
1.710200e+02	3.511790e+05
1.710700e+02	3.514430e+05
1.711200e+02	3.521450e+05
1.711710e+02	3.509790e+05
1.712200e+02	3.544380e+05
