0.000000e+00	1.131037e+06
5.000000e-02	1.133064e+06
1.010000e-01	1.130979e+06
1.520000e-01	1.128054e+06
2.010000e-01	1.127279e+06
2.510000e-01	1.131776e+06
3.010000e-01	1.130066e+06
3.510000e-01	1.129657e+06
4.010000e-01	1.129018e+06
4.510000e-01	1.130950e+06
5.010000e-01	1.133750e+06
5.510000e-01	1.129295e+06
6.010000e-01	1.130832e+06
6.510000e-01	1.132077e+06
7.020000e-01	1.132264e+06
7.520000e-01	1.129993e+06
8.020000e-01	1.131508e+06
8.520000e-01	1.127931e+06
9.020000e-01	1.128459e+06
9.520000e-01	1.124451e+06
1.003000e+00	1.126977e+06
1.053000e+00	1.131076e+06
1.103000e+00	1.132967e+06
1.153000e+00	1.129907e+06
1.203000e+00	1.128663e+06
1.253000e+00	1.129513e+06
1.302000e+00	1.133753e+06
1.353000e+00	1.138940e+06
1.402000e+00	1.133788e+06
1.453000e+00	1.131944e+06
1.504000e+00	1.129834e+06
1.553000e+00	1.130154e+06
1.603000e+00	1.129573e+06
1.654000e+00	1.134571e+06
1.704000e+00	1.134302e+06
1.754000e+00	1.131837e+06
1.804000e+00	1.130086e+06
1.854000e+00	1.132564e+06
1.904000e+00	1.133220e+06
1.954000e+00	1.132500e+06
2.004000e+00	1.131052e+06
2.054000e+00	1.133557e+06
2.104000e+00	1.131121e+06
2.154000e+00	1.130232e+06
2.204000e+00	1.130613e+06
2.255000e+00	1.134765e+06
2.305000e+00	1.136305e+06
2.355000e+00	1.131478e+06
2.406000e+00	1.131204e+06
2.456000e+00	1.133127e+06
2.506000e+00	1.136246e+06
2.556000e+00	1.132102e+06
2.606000e+00	1.131755e+06
2.655000e+00	1.131374e+06
2.705000e+00	1.133259e+06
2.756000e+00	1.132407e+06
2.806000e+00	1.131111e+06
2.856000e+00	1.133088e+06
2.906000e+00	1.137343e+06
2.956000e+00	1.131544e+06
3.006000e+00	1.130498e+06
3.057000e+00	1.133766e+06
3.107000e+00	1.136252e+06
3.157000e+00	1.132774e+06
3.207000e+00	1.130776e+06
3.257000e+00	1.135591e+06
3.307000e+00	1.134352e+06
3.356000e+00	1.134605e+06
3.407000e+00	1.128925e+06
3.456000e+00	1.135969e+06
3.507000e+00	1.132415e+06
3.557000e+00	1.132503e+06
3.607000e+00	1.130731e+06
3.657000e+00	1.137012e+06
3.708000e+00	1.136159e+06
3.758000e+00	1.132848e+06
3.808000e+00	1.130638e+06
3.858000e+00	1.131166e+06
3.908000e+00	1.134047e+06
3.959000e+00	1.132934e+06
4.008000e+00	1.131821e+06
4.058000e+00	1.135344e+06
4.109000e+00	1.135948e+06
4.159000e+00	1.131170e+06
4.208000e+00	1.133688e+06
4.259000e+00	1.132641e+06
4.309000e+00	1.140422e+06
4.359000e+00	1.131180e+06
4.409000e+00	1.132614e+06
4.459000e+00	1.132155e+06
4.509000e+00	1.137796e+06
4.559000e+00	1.133721e+06
4.610000e+00	1.127273e+06
4.659000e+00	1.129790e+06
4.709000e+00	1.130736e+06
4.760000e+00	1.131232e+06
4.809000e+00	1.130126e+06
4.859000e+00	1.131862e+06
4.910000e+00	1.134861e+06
4.960000e+00	1.132036e+06
5.010000e+00	1.129774e+06
5.060000e+00	1.132856e+06
5.110000e+00	1.130964e+06
5.160000e+00	1.134517e+06
5.210000e+00	1.129819e+06
5.260000e+00	1.135824e+06
5.311000e+00	1.132282e+06
5.361000e+00	1.133179e+06
5.410000e+00	1.132561e+06
5.460000e+00	1.134188e+06
5.511000e+00	1.133983e+06
5.561000e+00	1.130963e+06
5.611000e+00	1.128062e+06
5.662000e+00	1.129876e+06
5.711000e+00	1.131636e+06
5.761000e+00	1.129068e+06
5.812000e+00	1.128322e+06
5.862000e+00	1.131260e+06
5.912000e+00	1.134770e+06
5.962000e+00	1.130614e+06
6.012000e+00	1.128592e+06
6.062000e+00	1.132052e+06
6.112000e+00	1.134238e+06
6.162000e+00	1.131623e+06
6.212000e+00	1.131198e+06
6.262000e+00	1.131669e+06
6.312000e+00	1.133604e+06
6.362000e+00	1.132422e+06
6.413000e+00	1.127681e+06
6.463000e+00	1.132935e+06
6.513000e+00	1.133864e+06
6.563000e+00	1.134262e+06
6.613000e+00	1.123031e+06
6.663000e+00	1.129129e+06
6.713000e+00	1.127906e+06
6.763000e+00	1.129829e+06
6.813000e+00	1.128740e+06
6.863000e+00	1.129373e+06
6.913000e+00	1.132552e+06
6.963000e+00	1.140123e+06
7.014000e+00	1.130940e+06
7.064000e+00	1.132774e+06
7.114000e+00	1.134580e+06
7.164000e+00	1.127756e+06
7.214000e+00	1.128135e+06
7.264000e+00	1.129646e+06
7.314000e+00	1.135560e+06
7.365000e+00	1.128184e+06
7.415000e+00	1.129788e+06
7.465000e+00	1.129332e+06
7.514000e+00	1.133633e+06
7.565000e+00	1.129772e+06
7.615000e+00	1.124754e+06
7.665000e+00	1.128958e+06
7.715000e+00	1.129899e+06
7.765000e+00	1.127125e+06
7.815000e+00	1.124943e+06
7.865000e+00	1.129103e+06
7.916000e+00	1.133438e+06
7.966000e+00	1.131175e+06
8.015000e+00	1.127161e+06
8.066000e+00	1.127947e+06
8.116000e+00	1.129607e+06
8.165000e+00	1.132405e+06
8.215000e+00	1.128892e+06
8.266000e+00	1.133016e+06
8.316000e+00	1.131076e+06
8.366000e+00	1.129263e+06
8.416000e+00	1.127775e+06
8.466000e+00	1.133542e+06
8.516000e+00	1.132713e+06
8.567000e+00	1.127917e+06
8.616000e+00	1.124029e+06
8.667000e+00	1.125586e+06
8.717000e+00	1.126111e+06
8.767000e+00	1.127781e+06
8.817000e+00	1.126811e+06
8.867000e+00	1.128441e+06
8.917000e+00	1.130390e+06
8.967000e+00	1.124981e+06
9.017000e+00	1.127799e+06
9.068000e+00	1.129510e+06
9.117000e+00	1.133828e+06
9.167000e+00	1.127937e+06
9.217000e+00	1.125947e+06
9.267000e+00	1.126711e+06
9.318000e+00	1.133174e+06
9.368000e+00	1.129873e+06
9.417000e+00	1.128995e+06
9.468000e+00	1.131867e+06
9.519000e+00	1.131214e+06
9.568000e+00	1.128158e+06
9.618000e+00	1.124305e+06
9.668000e+00	1.126834e+06
9.718000e+00	1.128485e+06
9.768000e+00	1.126709e+06
9.818000e+00	1.122638e+06
9.869000e+00	1.126385e+06
9.919000e+00	1.128560e+06
9.969000e+00	1.128780e+06
1.001900e+01	1.125143e+06
1.006900e+01	1.129634e+06
1.012000e+01	1.130333e+06
1.017000e+01	1.128355e+06
1.022000e+01	1.128653e+06
1.027000e+01	1.131031e+06
1.031900e+01	1.130597e+06
1.037100e+01	1.127690e+06
1.042100e+01	1.124891e+06
1.047000e+01	1.130100e+06
1.052100e+01	1.131158e+06
1.057000e+01	1.128972e+06
1.062100e+01	1.123867e+06
1.067000e+01	1.121919e+06
1.072100e+01	1.128526e+06
1.077100e+01	1.123571e+06
1.082100e+01	1.126618e+06
1.087100e+01	1.126545e+06
1.092100e+01	1.130287e+06
1.097100e+01	1.125210e+06
1.102100e+01	1.122455e+06
1.107200e+01	1.127477e+06
1.112200e+01	1.132092e+06
1.117100e+01	1.126794e+06
1.122200e+01	1.124707e+06
1.127200e+01	1.127403e+06
1.132100e+01	1.132539e+06
1.137200e+01	1.129435e+06
1.142200e+01	1.127571e+06
1.147200e+01	1.129052e+06
1.152100e+01	1.128918e+06
1.157200e+01	1.128484e+06
1.162200e+01	1.122632e+06
1.167300e+01	1.122898e+06
1.172200e+01	1.127663e+06
1.177300e+01	1.127256e+06
1.182200e+01	1.123271e+06
1.187200e+01	1.125782e+06
1.192300e+01	1.128198e+06
1.197400e+01	1.128207e+06
1.202300e+01	1.125326e+06
1.207300e+01	1.126867e+06
1.212300e+01	1.128641e+06
1.217300e+01	1.127425e+06
1.222300e+01	1.123536e+06
1.227300e+01	1.125365e+06
1.232400e+01	1.130482e+06
1.237400e+01	1.127169e+06
1.242300e+01	1.125791e+06
1.247400e+01	1.127101e+06
1.252400e+01	1.133243e+06
1.257500e+01	1.127098e+06
1.262400e+01	1.120799e+06
1.267500e+01	1.119276e+06
1.272400e+01	1.128227e+06
1.277400e+01	1.125184e+06
1.282400e+01	1.123445e+06
1.287400e+01	1.124702e+06
1.292400e+01	1.128900e+06
1.297500e+01	1.125996e+06
1.302500e+01	1.123959e+06
1.307500e+01	1.126631e+06
1.312500e+01	1.127986e+06
1.317500e+01	1.126887e+06
1.322500e+01	1.123865e+06
1.327500e+01	1.126630e+06
1.332500e+01	1.128931e+06
1.337500e+01	1.130345e+06
1.342500e+01	1.123833e+06
1.347500e+01	1.123401e+06
1.352500e+01	1.125471e+06
1.357500e+01	1.130343e+06
1.362600e+01	1.120271e+06
1.367700e+01	1.122135e+06
1.372700e+01	1.122527e+06
1.377600e+01	1.123713e+06
1.382600e+01	1.122184e+06
1.387700e+01	1.126750e+06
1.392700e+01	1.128190e+06
1.397600e+01	1.125391e+06
1.402700e+01	1.124163e+06
1.407700e+01	1.124098e+06
1.412700e+01	1.128122e+06
1.417700e+01	1.124208e+06
1.422700e+01	1.126817e+06
1.427700e+01	1.125786e+06
1.432700e+01	1.128671e+06
1.437800e+01	1.122739e+06
1.442800e+01	1.122833e+06
1.447700e+01	1.127570e+06
1.452800e+01	1.131807e+06
1.457800e+01	1.128129e+06
1.462800e+01	1.115707e+06
1.467800e+01	1.119331e+06
1.472800e+01	1.123763e+06
1.477800e+01	1.125297e+06
1.482800e+01	1.121897e+06
1.487900e+01	1.123277e+06
1.492800e+01	1.123041e+06
1.497900e+01	1.124647e+06
1.502800e+01	1.123123e+06
1.507900e+01	1.125162e+06
1.512900e+01	1.127177e+06
1.517900e+01	1.126078e+06
1.522900e+01	1.120394e+06
1.527900e+01	1.124946e+06
1.532800e+01	1.126070e+06
1.538000e+01	1.125466e+06
1.542900e+01	1.123337e+06
1.548000e+01	1.125219e+06
1.552900e+01	1.126805e+06
1.558000e+01	1.124836e+06
1.562900e+01	1.120847e+06
1.568000e+01	1.120862e+06
1.573000e+01	1.125310e+06
1.578000e+01	1.119029e+06
1.583000e+01	1.118271e+06
1.588000e+01	1.122212e+06
1.593000e+01	1.128360e+06
1.598100e+01	1.122152e+06
1.603000e+01	1.122339e+06
1.608000e+01	1.121977e+06
1.613000e+01	1.127498e+06
1.618000e+01	1.124609e+06
1.623100e+01	1.122077e+06
1.628200e+01	1.124554e+06
1.633100e+01	1.127663e+06
1.638100e+01	1.126952e+06
1.643100e+01	1.119705e+06
1.648100e+01	1.125636e+06
1.653100e+01	1.125107e+06
1.658100e+01	1.127261e+06
1.663100e+01	1.114118e+06
1.668200e+01	1.118618e+06
1.673200e+01	1.123742e+06
1.678100e+01	1.122162e+06
1.683200e+01	1.120218e+06
1.688200e+01	1.122206e+06
1.693200e+01	1.123962e+06
1.698200e+01	1.123801e+06
1.703200e+01	1.120413e+06
1.708200e+01	1.123393e+06
1.713200e+01	1.126024e+06
1.718300e+01	1.121821e+06
1.723300e+01	1.122853e+06
1.728300e+01	1.123095e+06
1.733300e+01	1.129575e+06
1.738200e+01	1.124943e+06
1.743300e+01	1.121844e+06
1.748300e+01	1.124138e+06
1.753300e+01	1.124673e+06
1.758300e+01	1.123221e+06
1.763300e+01	1.116839e+06
1.768300e+01	1.117084e+06
1.773300e+01	1.123652e+06
1.778300e+01	1.119818e+06
1.783400e+01	1.118938e+06
1.788400e+01	1.121940e+06
1.793400e+01	1.125413e+06
1.798400e+01	1.125227e+06
1.803500e+01	1.119937e+06
1.808500e+01	1.122727e+06
1.813400e+01	1.124010e+06
1.818400e+01	1.123284e+06
1.823400e+01	1.119248e+06
1.828500e+01	1.119719e+06
1.833400e+01	1.124782e+06
1.838500e+01	1.124372e+06
1.843500e+01	1.120876e+06
1.848500e+01	1.125980e+06
1.853500e+01	1.125473e+06
1.858500e+01	1.124436e+06
1.863500e+01	1.114543e+06
1.868600e+01	1.119809e+06
1.873500e+01	1.121712e+06
1.878600e+01	1.121975e+06
1.883600e+01	1.117026e+06
1.888600e+01	1.121152e+06
1.893600e+01	1.123940e+06
1.898500e+01	1.121013e+06
1.903600e+01	1.121950e+06
1.908700e+01	1.122102e+06
1.913600e+01	1.124799e+06
1.918700e+01	1.120506e+06
1.923700e+01	1.121137e+06
1.928700e+01	1.137402e+06
1.933600e+01	1.127077e+06
1.938800e+01	1.123445e+06
1.943700e+01	1.119714e+06
1.948700e+01	1.120589e+06
1.953700e+01	1.124974e+06
1.958700e+01	1.123764e+06
1.963700e+01	1.115767e+06
1.968700e+01	1.119438e+06
1.973800e+01	1.122458e+06
1.978800e+01	1.122466e+06
1.983700e+01	1.118096e+06
1.988700e+01	1.122133e+06
1.993700e+01	1.126175e+06
1.998700e+01	1.125105e+06
2.003800e+01	1.117113e+06
2.008800e+01	1.119876e+06
2.013800e+01	1.125033e+06
2.018800e+01	1.125098e+06
2.023800e+01	1.120986e+06
2.028900e+01	1.124360e+06
2.033800e+01	1.123430e+06
2.038800e+01	1.125733e+06
2.043900e+01	1.121186e+06
2.048900e+01	1.125175e+06
2.053900e+01	1.126340e+06
2.058900e+01	1.123347e+06
2.063900e+01	1.112093e+06
2.068900e+01	1.116165e+06
2.073900e+01	1.123999e+06
2.078900e+01	1.123001e+06
2.083900e+01	1.120406e+06
2.088900e+01	1.120876e+06
2.093900e+01	1.125957e+06
2.098900e+01	1.122786e+06
2.104000e+01	1.121801e+06
2.108900e+01	1.119460e+06
2.113900e+01	1.126205e+06
2.119000e+01	1.123675e+06
2.124000e+01	1.117480e+06
2.129100e+01	1.121578e+06
2.134000e+01	1.125679e+06
2.139000e+01	1.124509e+06
2.144100e+01	1.120644e+06
2.149100e+01	1.119649e+06
2.154100e+01	1.125902e+06
2.159000e+01	1.127128e+06
2.164100e+01	1.113738e+06
2.169100e+01	1.116321e+06
2.174100e+01	1.120974e+06
2.179100e+01	1.125082e+06
2.184100e+01	1.117127e+06
2.189200e+01	1.121916e+06
2.194200e+01	1.122915e+06
2.199100e+01	1.123091e+06
2.204100e+01	1.119746e+06
2.209200e+01	1.120267e+06
2.214200e+01	1.123461e+06
2.219200e+01	1.125819e+06
2.224200e+01	1.121079e+06
2.229200e+01	1.123137e+06
2.234300e+01	1.122971e+06
2.239200e+01	1.124353e+06
2.244200e+01	1.120136e+06
2.249300e+01	1.124481e+06
2.254300e+01	1.125180e+06
2.259300e+01	1.123530e+06
2.264300e+01	1.114094e+06
2.269300e+01	1.116348e+06
2.274300e+01	1.122788e+06
2.279300e+01	1.120870e+06
2.284400e+01	1.116455e+06
2.289300e+01	1.119292e+06
2.294400e+01	1.121800e+06
2.299400e+01	1.122193e+06
2.304300e+01	1.118946e+06
2.309400e+01	1.120674e+06
2.314300e+01	1.125660e+06
2.319300e+01	1.123346e+06
2.324400e+01	1.119485e+06
2.329400e+01	1.120391e+06
2.334400e+01	1.124304e+06
2.339400e+01	1.124337e+06
2.344400e+01	1.118798e+06
2.349400e+01	1.120166e+06
2.354400e+01	1.122114e+06
2.359500e+01	1.126809e+06
2.364500e+01	1.112818e+06
2.369400e+01	1.118278e+06
2.374400e+01	1.116886e+06
2.379500e+01	1.120309e+06
2.384500e+01	1.118552e+06
2.389500e+01	1.120176e+06
2.394600e+01	1.123722e+06
2.399500e+01	1.119686e+06
2.404600e+01	1.118676e+06
2.409600e+01	1.119764e+06
2.414500e+01	1.121858e+06
2.419600e+01	1.120152e+06
2.424600e+01	1.117151e+06
2.429600e+01	1.117731e+06
2.434600e+01	1.124482e+06
2.439600e+01	1.124546e+06
2.444600e+01	1.122186e+06
2.449600e+01	1.120366e+06
2.454700e+01	1.124067e+06
2.459600e+01	1.120092e+06
2.464600e+01	1.109533e+06
2.469700e+01	1.115960e+06
2.474700e+01	1.120249e+06
2.479700e+01	1.121037e+06
2.484700e+01	1.112851e+06
2.489700e+01	1.118596e+06
2.494700e+01	1.119675e+06
2.499800e+01	1.121881e+06
2.504800e+01	1.118402e+06
2.509700e+01	1.119963e+06
2.514700e+01	1.118651e+06
2.519800e+01	1.120466e+06
2.524800e+01	1.116003e+06
2.529800e+01	1.120712e+06
2.534800e+01	1.121636e+06
2.539800e+01	1.119857e+06
2.544800e+01	1.115722e+06
2.549800e+01	1.116220e+06
2.554800e+01	1.123464e+06
2.559800e+01	1.121795e+06
2.564900e+01	1.114384e+06
2.569900e+01	1.113312e+06
2.574900e+01	1.116296e+06
2.579900e+01	1.117211e+06
2.584900e+01	1.116960e+06
2.589900e+01	1.117720e+06
2.594800e+01	1.120181e+06
2.599900e+01	1.116909e+06
2.604900e+01	1.118047e+06
2.610000e+01	1.116397e+06
2.615000e+01	1.123754e+06
2.620000e+01	1.119761e+06
2.625000e+01	1.116970e+06
2.630000e+01	1.118985e+06
2.635000e+01	1.119749e+06
2.640000e+01	1.120713e+06
2.644900e+01	1.116015e+06
2.650100e+01	1.119889e+06
2.655000e+01	1.120310e+06
2.660000e+01	1.118645e+06
2.665000e+01	1.106946e+06
2.670100e+01	1.113472e+06
2.675100e+01	1.118431e+06
2.680100e+01	1.118536e+06
2.685100e+01	1.111495e+06
2.690100e+01	1.118488e+06
2.695000e+01	1.118522e+06
2.700100e+01	1.122273e+06
2.705100e+01	1.117667e+06
2.710200e+01	1.115826e+06
2.715100e+01	1.117933e+06
2.720100e+01	1.118024e+06
2.725200e+01	1.115836e+06
2.730200e+01	1.118148e+06
2.735200e+01	1.119860e+06
2.740200e+01	1.118777e+06
2.745200e+01	1.117354e+06
2.750300e+01	1.117168e+06
2.755300e+01	1.120145e+06
2.760300e+01	1.119826e+06
2.765200e+01	1.111568e+06
2.770200e+01	1.113596e+06
2.775200e+01	1.117817e+06
2.780300e+01	1.112157e+06
2.785300e+01	1.113781e+06
2.790200e+01	1.116768e+06
2.795300e+01	1.120477e+06
2.800300e+01	1.116667e+06
2.805300e+01	1.114864e+06
2.810300e+01	1.116102e+06
2.815400e+01	1.120122e+06
2.820300e+01	1.120724e+06
2.825300e+01	1.114199e+06
2.830400e+01	1.116402e+06
2.835300e+01	1.120768e+06
2.840300e+01	1.118688e+06
2.845400e+01	1.114545e+06
2.850300e+01	1.117234e+06
2.855400e+01	1.119783e+06
2.860400e+01	1.119114e+06
2.865500e+01	1.108848e+06
2.870400e+01	1.114638e+06
2.875400e+01	1.117251e+06
2.880500e+01	1.119467e+06
2.885500e+01	1.114934e+06
2.890500e+01	1.114307e+06
2.895500e+01	1.118016e+06
2.900500e+01	1.118697e+06
2.905400e+01	1.115650e+06
2.910500e+01	1.114630e+06
2.915500e+01	1.117629e+06
2.920500e+01	1.118239e+06
2.925500e+01	1.116471e+06
2.930600e+01	1.117160e+06
2.935500e+01	1.121571e+06
2.940600e+01	1.120127e+06
2.945600e+01	1.116154e+06
2.950600e+01	1.115938e+06
2.955600e+01	1.121096e+06
2.960600e+01	1.115626e+06
2.965600e+01	1.110001e+06
2.970600e+01	1.111049e+06
2.975600e+01	1.116613e+06
2.980600e+01	1.117148e+06
2.985700e+01	1.114067e+06
2.990700e+01	1.113312e+06
2.995700e+01	1.118542e+06
3.000600e+01	1.122087e+06
3.005600e+01	1.116830e+06
3.010700e+01	1.117025e+06
3.015700e+01	1.118414e+06
3.020700e+01	1.119920e+06
3.025700e+01	1.111263e+06
3.030700e+01	1.115515e+06
3.035800e+01	1.116933e+06
3.040700e+01	1.120361e+06
3.045800e+01	1.117341e+06
3.050800e+01	1.113330e+06
3.055700e+01	1.117005e+06
3.060800e+01	1.116139e+06
3.065800e+01	1.111672e+06
3.070800e+01	1.109835e+06
3.075800e+01	1.116309e+06
3.080800e+01	1.116745e+06
3.085800e+01	1.114751e+06
3.090800e+01	1.113280e+06
3.095800e+01	1.116614e+06
3.100900e+01	1.116664e+06
3.105900e+01	1.115994e+06
3.110900e+01	1.112630e+06
3.115900e+01	1.116883e+06
3.120900e+01	1.118145e+06
3.125900e+01	1.116530e+06
3.130900e+01	1.115148e+06
3.135900e+01	1.117793e+06
3.140900e+01	1.114481e+06
3.146000e+01	1.114845e+06
3.150900e+01	1.115488e+06
3.155900e+01	1.120727e+06
3.160900e+01	1.115032e+06
3.166000e+01	1.109413e+06
3.171000e+01	1.109935e+06
3.176000e+01	1.114849e+06
3.181000e+01	1.117015e+06
3.186000e+01	1.114373e+06
3.191000e+01	1.112485e+06
3.196100e+01	1.114786e+06
3.201000e+01	1.115408e+06
3.206100e+01	1.113570e+06
3.211100e+01	1.114020e+06
3.216100e+01	1.116806e+06
3.221100e+01	1.117516e+06
3.226100e+01	1.113031e+06
3.231100e+01	1.113203e+06
3.236100e+01	1.115489e+06
3.241100e+01	1.118463e+06
3.246100e+01	1.116362e+06
3.251200e+01	1.114131e+06
3.256100e+01	1.116104e+06
3.261200e+01	1.107998e+06
3.266200e+01	1.110990e+06
3.271200e+01	1.111678e+06
3.276200e+01	1.116335e+06
3.281200e+01	1.113349e+06
3.286200e+01	1.112079e+06
3.291100e+01	1.113830e+06
3.296200e+01	1.116459e+06
3.301300e+01	1.116391e+06
3.306300e+01	1.113782e+06
3.311300e+01	1.112670e+06
3.316200e+01	1.117505e+06
3.321200e+01	1.114749e+06
3.326200e+01	1.112201e+06
3.331200e+01	1.115756e+06
3.336300e+01	1.115485e+06
3.341300e+01	1.118273e+06
3.346300e+01	1.113752e+06
3.351300e+01	1.116122e+06
3.356300e+01	1.117256e+06
3.361400e+01	1.114286e+06
3.366300e+01	1.108812e+06
3.371300e+01	1.108672e+06
3.376300e+01	1.114814e+06
3.381300e+01	1.114653e+06
3.386400e+01	1.112083e+06
3.391400e+01	1.113832e+06
3.396400e+01	1.113514e+06
3.401400e+01	1.117974e+06
3.406400e+01	1.114492e+06
3.411400e+01	1.116510e+06
3.416400e+01	1.118586e+06
3.421500e+01	1.116205e+06
3.426500e+01	1.115324e+06
3.431500e+01	1.111095e+06
3.436400e+01	1.117058e+06
3.441500e+01	1.115405e+06
3.446500e+01	1.116464e+06
3.451500e+01	1.113678e+06
3.456500e+01	1.116886e+06
3.461500e+01	1.113170e+06
3.466500e+01	1.110638e+06
3.471500e+01	1.113026e+06
3.476500e+01	1.115557e+06
3.481600e+01	1.114940e+06
3.486500e+01	1.111870e+06
3.491600e+01	1.112407e+06
3.496600e+01	1.114818e+06
3.501700e+01	1.116294e+06
3.506600e+01	1.112117e+06
3.511600e+01	1.113425e+06
3.516600e+01	1.114300e+06
3.521600e+01	1.120814e+06
3.526600e+01	1.112197e+06
3.531700e+01	1.115117e+06
3.536600e+01	1.117294e+06
3.541600e+01	1.119375e+06
3.546700e+01	1.115130e+06
3.551700e+01	1.112155e+06
3.556700e+01	1.116338e+06
3.561700e+01	1.113371e+06
3.566700e+01	1.110450e+06
3.571700e+01	1.109255e+06
3.576800e+01	1.113520e+06
3.581700e+01	1.115118e+06
3.586700e+01	1.115291e+06
3.591700e+01	1.111239e+06
3.596800e+01	1.113754e+06
3.601800e+01	1.115329e+06
3.606800e+01	1.117963e+06
3.611900e+01	1.113976e+06
3.616900e+01	1.116161e+06
3.621800e+01	1.112317e+06
3.626800e+01	1.113380e+06
3.631800e+01	1.113886e+06
3.636800e+01	1.117140e+06
3.641800e+01	1.117981e+06
3.646900e+01	1.115059e+06
3.651800e+01	1.113693e+06
3.656900e+01	1.114517e+06
3.661900e+01	1.112638e+06
3.666900e+01	1.109806e+06
3.671900e+01	1.112431e+06
3.676900e+01	1.114354e+06
3.681900e+01	1.112333e+06
3.687000e+01	1.110701e+06
3.691900e+01	1.114782e+06
3.696900e+01	1.114936e+06
3.702000e+01	1.118913e+06
3.707000e+01	1.112936e+06
3.712000e+01	1.111669e+06
3.716900e+01	1.116519e+06
3.722100e+01	1.117222e+06
3.727000e+01	1.114519e+06
3.732000e+01	1.112910e+06
3.737100e+01	1.114560e+06
3.742000e+01	1.115320e+06
3.747000e+01	1.113937e+06
3.752100e+01	1.113240e+06
3.757100e+01	1.115341e+06
3.762100e+01	1.112698e+06
3.767100e+01	1.108473e+06
3.772100e+01	1.110093e+06
3.777100e+01	1.113624e+06
3.782100e+01	1.115536e+06
3.787100e+01	1.113403e+06
3.792100e+01	1.110442e+06
3.797100e+01	1.112946e+06
3.802200e+01	1.113483e+06
3.807200e+01	1.115047e+06
3.812100e+01	1.112515e+06
3.817200e+01	1.116454e+06
3.822200e+01	1.114306e+06
3.827200e+01	1.113576e+06
3.832300e+01	1.112780e+06
3.837200e+01	1.117112e+06
3.842200e+01	1.118636e+06
3.847200e+01	1.114132e+06
3.852300e+01	1.111902e+06
3.857300e+01	1.115953e+06
3.862300e+01	1.110345e+06
3.867200e+01	1.108357e+06
3.872300e+01	1.111240e+06
3.877300e+01	1.113785e+06
3.882300e+01	1.115081e+06
3.887300e+01	1.111042e+06
3.892400e+01	1.111450e+06
3.897300e+01	1.113486e+06
3.902300e+01	1.119568e+06
3.907300e+01	1.112490e+06
3.912300e+01	1.110152e+06
3.917400e+01	1.113063e+06
3.922400e+01	1.116144e+06
3.927300e+01	1.117230e+06
3.932400e+01	1.111588e+06
3.937400e+01	1.115301e+06
3.942400e+01	1.115579e+06
3.947500e+01	1.115627e+06
3.952500e+01	1.111656e+06
3.957400e+01	1.114648e+06
3.962500e+01	1.111084e+06
3.967500e+01	1.112076e+06
3.972500e+01	1.108252e+06
3.977500e+01	1.111791e+06
3.982600e+01	1.111432e+06
3.987600e+01	1.114200e+06
3.992500e+01	1.108493e+06
3.997500e+01	1.114492e+06
4.002500e+01	1.116269e+06
4.007600e+01	1.112230e+06
4.012600e+01	1.112278e+06
4.017600e+01	1.113722e+06
4.022600e+01	1.116640e+06
4.027500e+01	1.112487e+06
4.032500e+01	1.112821e+06
4.037600e+01	1.113538e+06
4.042600e+01	1.116277e+06
4.047600e+01	1.114900e+06
4.052600e+01	1.112417e+06
4.057600e+01	1.114267e+06
4.062600e+01	1.113661e+06
4.067700e+01	1.108425e+06
4.072700e+01	1.109283e+06
4.077700e+01	1.111323e+06
4.082700e+01	1.114139e+06
4.087700e+01	1.113907e+06
4.092700e+01	1.110767e+06
4.097700e+01	1.111375e+06
4.102700e+01	1.111556e+06
4.107700e+01	1.114055e+06
4.112700e+01	1.111725e+06
4.117800e+01	1.115363e+06
4.122800e+01	1.115121e+06
4.127700e+01	1.114362e+06
4.132800e+01	1.111675e+06
4.137800e+01	1.113637e+06
4.142900e+01	1.113689e+06
4.147800e+01	1.116267e+06
4.152800e+01	1.112754e+06
4.157800e+01	1.114593e+06
4.162900e+01	1.109156e+06
4.167900e+01	1.106193e+06
4.172800e+01	1.110454e+06
4.177900e+01	1.110919e+06
4.182900e+01	1.116752e+06
4.187900e+01	1.112837e+06
4.192900e+01	1.110646e+06
4.197900e+01	1.114131e+06
4.203000e+01	1.114417e+06
4.207900e+01	1.113787e+06
4.212900e+01	1.113325e+06
4.217900e+01	1.111517e+06
4.222900e+01	1.115099e+06
4.228000e+01	1.111092e+06
4.233000e+01	1.111054e+06
4.238000e+01	1.114750e+06
4.243000e+01	1.116853e+06
4.247900e+01	1.113723e+06
4.253000e+01	1.109471e+06
4.258000e+01	1.116644e+06
4.263100e+01	1.108474e+06
4.268100e+01	1.111099e+06
4.273100e+01	1.107191e+06
4.278100e+01	1.110741e+06
4.283000e+01	1.110877e+06
4.288100e+01	1.112838e+06
4.293100e+01	1.111300e+06
4.298100e+01	1.114417e+06
4.303000e+01	1.113806e+06
4.308200e+01	1.111681e+06
4.313200e+01	1.109333e+06
4.318100e+01	1.116114e+06
4.323100e+01	1.116175e+06
4.328200e+01	1.113620e+06
4.333100e+01	1.111609e+06
4.338100e+01	1.112147e+06
4.343200e+01	1.115023e+06
4.348200e+01	1.112375e+06
4.353200e+01	1.111735e+06
4.358200e+01	1.111880e+06
4.363200e+01	1.110603e+06
4.368200e+01	1.106694e+06
4.373200e+01	1.108278e+06
4.378200e+01	1.111558e+06
4.383300e+01	1.115799e+06
4.388300e+01	1.111440e+06
4.393300e+01	1.108523e+06
4.398300e+01	1.109295e+06
4.403200e+01	1.117235e+06
4.408300e+01	1.111885e+06
4.413300e+01	1.109749e+06
4.418300e+01	1.111703e+06
4.423300e+01	1.114527e+06
4.428400e+01	1.115050e+06
4.433300e+01	1.109788e+06
4.438300e+01	1.112061e+06
4.443300e+01	1.114755e+06
4.448400e+01	1.113500e+06
4.453400e+01	1.108734e+06
4.458400e+01	1.111733e+06
4.463300e+01	1.105214e+06
4.468400e+01	1.109418e+06
4.473400e+01	1.106746e+06
4.478400e+01	1.109278e+06
4.483400e+01	1.111255e+06
4.488400e+01	1.111966e+06
4.493400e+01	1.111422e+06
4.498400e+01	1.112477e+06
4.503400e+01	1.112612e+06
4.508400e+01	1.110913e+06
4.513400e+01	1.111419e+06
4.518500e+01	1.110488e+06
4.523500e+01	1.113940e+06
4.528400e+01	1.112203e+06
4.533500e+01	1.109809e+06
4.538600e+01	1.109920e+06
4.543600e+01	1.114992e+06
4.548500e+01	1.112728e+06
4.553600e+01	1.110455e+06
4.558600e+01	1.111357e+06
4.563600e+01	1.108221e+06
4.568600e+01	1.107203e+06
4.573600e+01	1.105270e+06
4.578700e+01	1.107336e+06
4.583600e+01	1.110115e+06
4.588600e+01	1.112065e+06
4.593700e+01	1.105987e+06
4.598700e+01	1.110379e+06
4.603700e+01	1.112991e+06
4.608700e+01	1.110748e+06
4.613700e+01	1.107363e+06
4.618600e+01	1.108621e+06
4.623700e+01	1.111814e+06
4.628700e+01	1.113319e+06
4.633700e+01	1.108669e+06
4.638700e+01	1.110968e+06
4.643700e+01	1.111239e+06
4.648700e+01	1.110938e+06
4.653800e+01	1.107821e+06
4.658700e+01	1.110867e+06
4.663800e+01	1.106640e+06
4.668700e+01	1.105060e+06
4.673800e+01	1.106579e+06
4.678700e+01	1.107379e+06
4.683900e+01	1.110185e+06
4.688800e+01	1.108230e+06
4.693900e+01	1.107788e+06
4.698800e+01	1.107052e+06
4.703800e+01	1.110437e+06
4.708800e+01	1.107122e+06
4.713800e+01	1.109235e+06
4.718800e+01	1.109031e+06
4.723900e+01	1.114516e+06
4.728900e+01	1.109306e+06
4.733900e+01	1.106691e+06
4.738800e+01	1.107527e+06
4.743900e+01	1.110545e+06
4.749000e+01	1.111005e+06
4.753900e+01	1.107387e+06
4.758900e+01	1.107679e+06
4.763900e+01	1.102882e+06
4.769000e+01	1.105722e+06
4.774000e+01	1.103954e+06
4.779000e+01	1.106906e+06
4.784000e+01	1.108821e+06
4.789100e+01	1.109080e+06
4.794000e+01	1.102814e+06
4.799000e+01	1.108779e+06
4.804000e+01	1.108770e+06
4.809100e+01	1.110412e+06
4.814100e+01	1.104437e+06
4.819000e+01	1.106651e+06
4.824100e+01	1.106194e+06
4.829100e+01	1.111542e+06
4.834100e+01	1.108208e+06
4.839100e+01	1.108623e+06
4.844100e+01	1.110930e+06
4.849100e+01	1.108349e+06
4.854100e+01	1.106337e+06
4.859200e+01	1.109192e+06
4.864200e+01	1.101639e+06
4.869100e+01	1.105656e+06
4.874200e+01	1.105258e+06
4.879200e+01	1.102945e+06
4.884200e+01	1.109916e+06
4.889200e+01	1.107656e+06
4.894200e+01	1.107317e+06
4.899200e+01	1.106574e+06
4.904300e+01	1.109016e+06
4.909300e+01	1.108757e+06
4.914300e+01	1.105872e+06
4.919200e+01	1.107262e+06
4.924300e+01	1.111855e+06
4.929300e+01	1.108152e+06
4.934300e+01	1.103156e+06
4.939300e+01	1.104723e+06
4.944300e+01	1.108379e+06
4.949300e+01	1.112786e+06
4.954400e+01	1.104646e+06
4.959400e+01	1.109404e+06
4.964400e+01	1.099727e+06
4.969400e+01	1.107269e+06
4.974400e+01	1.102195e+06
4.979400e+01	1.105436e+06
4.984400e+01	1.105633e+06
4.989400e+01	1.108492e+06
4.994400e+01	1.104661e+06
4.999400e+01	1.105239e+06
5.004400e+01	1.109624e+06
5.009400e+01	1.108000e+06
5.014400e+01	1.105892e+06
5.019400e+01	1.105699e+06
5.024400e+01	1.108686e+06
5.029400e+01	1.108316e+06
5.034500e+01	1.107658e+06
5.039500e+01	1.107865e+06
5.044400e+01	1.110204e+06
5.049500e+01	1.108068e+06
5.054500e+01	1.106367e+06
5.059500e+01	1.105028e+06
5.064600e+01	1.103944e+06
5.069500e+01	1.104242e+06
5.074500e+01	1.103763e+06
5.079600e+01	1.102621e+06
5.084600e+01	1.108732e+06
5.089600e+01	1.106594e+06
5.094500e+01	1.105002e+06
5.099600e+01	1.105018e+06
5.104600e+01	1.108111e+06
5.109700e+01	1.106402e+06
5.114700e+01	1.104446e+06
5.119600e+01	1.104267e+06
5.124700e+01	1.107512e+06
5.129700e+01	1.107773e+06
5.134600e+01	1.103863e+06
5.139600e+01	1.107072e+06
5.144600e+01	1.106678e+06
5.149600e+01	1.110557e+06
5.154700e+01	1.103017e+06
5.159700e+01	1.106937e+06
5.164700e+01	1.098600e+06
5.169700e+01	1.103317e+06
5.174700e+01	1.101839e+06
5.179700e+01	1.102686e+06
5.184800e+01	1.105712e+06
5.189700e+01	1.105309e+06
5.194800e+01	1.102621e+06
5.199700e+01	1.105565e+06
5.204800e+01	1.109147e+06
5.209800e+01	1.104901e+06
5.214800e+01	1.105601e+06
5.219800e+01	1.104296e+06
5.224800e+01	1.112639e+06
5.229900e+01	1.107754e+06
5.234900e+01	1.106745e+06
5.239800e+01	1.104330e+06
5.244900e+01	1.111526e+06
5.249800e+01	1.106626e+06
5.254900e+01	1.104880e+06
5.259900e+01	1.108588e+06
5.264900e+01	1.101273e+06
5.269900e+01	1.104817e+06
5.275000e+01	1.097652e+06
5.280000e+01	1.103382e+06
5.285000e+01	1.107533e+06
5.290000e+01	1.108680e+06
5.295000e+01	1.100812e+06
5.300000e+01	1.101605e+06
5.304900e+01	1.104987e+06
5.309900e+01	1.108884e+06
5.315000e+01	1.103326e+06
5.320000e+01	1.105556e+06
5.325000e+01	1.105482e+06
5.330000e+01	1.109028e+06
5.335100e+01	1.104883e+06
5.340000e+01	1.105365e+06
5.345000e+01	1.108252e+06
5.350100e+01	1.107106e+06
5.355000e+01	1.104714e+06
5.360100e+01	1.103744e+06
5.365100e+01	1.100173e+06
5.370100e+01	1.102705e+06
5.375100e+01	1.102734e+06
5.380200e+01	1.101943e+06
5.385200e+01	1.105034e+06
5.390100e+01	1.104310e+06
5.395200e+01	1.102359e+06
5.400100e+01	1.105316e+06
5.405200e+01	1.108642e+06
5.410200e+01	1.105818e+06
5.415200e+01	1.099108e+06
5.420200e+01	1.101170e+06
5.425200e+01	1.107520e+06
5.430200e+01	1.109644e+06
5.435200e+01	1.104391e+06
5.440200e+01	1.104642e+06
5.445300e+01	1.106153e+06
5.450200e+01	1.106313e+06
5.455200e+01	1.103633e+06
5.460300e+01	1.107289e+06
5.465300e+01	1.097434e+06
5.470300e+01	1.105073e+06
5.475300e+01	1.100981e+06
5.480300e+01	1.103596e+06
5.485300e+01	1.106733e+06
5.490300e+01	1.108359e+06
5.495300e+01	1.103812e+06
5.500400e+01	1.102659e+06
5.505300e+01	1.104540e+06
5.510400e+01	1.106136e+06
5.515400e+01	1.106995e+06
5.520400e+01	1.105064e+06
5.525400e+01	1.104204e+06
5.530400e+01	1.104600e+06
5.535400e+01	1.102232e+06
5.540400e+01	1.102787e+06
5.545400e+01	1.109702e+06
5.550400e+01	1.105562e+06
5.555400e+01	1.104976e+06
5.560400e+01	1.104732e+06
5.565500e+01	1.100207e+06
5.570500e+01	1.104085e+06
5.575500e+01	1.102406e+06
5.580400e+01	1.102869e+06
5.585500e+01	1.106387e+06
5.590500e+01	1.105250e+06
5.595500e+01	1.101042e+06
5.600500e+01	1.104407e+06
5.605600e+01	1.107309e+06
5.610600e+01	1.108518e+06
5.615600e+01	1.101853e+06
5.620500e+01	1.104773e+06
5.625500e+01	1.108475e+06
5.630600e+01	1.110001e+06
5.635600e+01	1.105537e+06
5.640600e+01	1.105307e+06
5.645600e+01	1.107978e+06
5.650600e+01	1.109016e+06
5.655700e+01	1.103574e+06
5.660700e+01	1.098599e+06
5.665700e+01	1.101809e+06
5.670700e+01	1.103913e+06
5.675700e+01	1.101721e+06
5.680700e+01	1.102753e+06
5.685700e+01	1.107338e+06
5.690700e+01	1.105966e+06
5.695700e+01	1.104910e+06
5.700700e+01	1.103369e+06
5.705800e+01	1.107089e+06
5.710800e+01	1.105045e+06
5.715800e+01	1.104510e+06
5.720700e+01	1.102446e+06
5.725800e+01	1.108097e+06
5.730800e+01	1.104972e+06
5.735800e+01	1.104689e+06
5.740800e+01	1.105340e+06
5.745800e+01	1.108220e+06
5.750800e+01	1.109708e+06
5.755800e+01	1.105218e+06
5.760900e+01	1.099216e+06
5.765900e+01	1.101849e+06
5.770900e+01	1.105013e+06
5.775800e+01	1.099419e+06
5.780800e+01	1.100484e+06
5.785900e+01	1.104473e+06
5.790800e+01	1.107655e+06
5.795900e+01	1.101703e+06
5.800900e+01	1.104494e+06
5.806000e+01	1.106239e+06
5.810900e+01	1.108396e+06
5.816000e+01	1.104181e+06
5.820900e+01	1.103304e+06
5.825900e+01	1.107382e+06
5.830900e+01	1.108735e+06
5.836000e+01	1.102309e+06
5.841000e+01	1.103699e+06
5.846000e+01	1.105192e+06
5.851000e+01	1.106338e+06
5.856000e+01	1.105379e+06
5.861000e+01	1.099315e+06
5.866000e+01	1.103466e+06
5.871100e+01	1.102121e+06
5.876100e+01	1.102674e+06
5.881100e+01	1.100580e+06
5.886100e+01	1.106653e+06
5.891100e+01	1.105188e+06
5.896100e+01	1.100726e+06
5.901000e+01	1.101477e+06
5.906000e+01	1.104595e+06
5.911100e+01	1.106274e+06
5.916100e+01	1.105620e+06
5.921200e+01	1.105756e+06
5.926200e+01	1.108922e+06
5.931100e+01	1.107035e+06
5.936100e+01	1.105619e+06
5.941100e+01	1.105315e+06
5.946200e+01	1.107774e+06
5.951200e+01	1.108248e+06
5.956200e+01	1.102527e+06
5.961200e+01	1.099691e+06
5.966200e+01	1.103466e+06
5.971200e+01	1.105530e+06
5.976200e+01	1.101423e+06
5.981200e+01	1.102204e+06
5.986300e+01	1.104748e+06
5.991200e+01	1.106292e+06
5.996200e+01	1.103650e+06
6.001300e+01	1.103791e+06
6.006300e+01	1.108761e+06
6.011300e+01	1.108552e+06
6.016300e+01	1.100715e+06
6.021300e+01	1.103865e+06
6.026400e+01	1.107182e+06
6.031400e+01	1.106511e+06
6.036300e+01	1.105100e+06
6.041400e+01	1.102540e+06
6.046300e+01	1.107614e+06
6.051400e+01	1.105086e+06
6.056400e+01	1.106277e+06
6.061400e+01	1.096963e+06
6.066400e+01	1.102701e+06
6.071400e+01	1.101569e+06
6.076400e+01	1.098392e+06
6.081400e+01	1.103928e+06
6.086400e+01	1.106755e+06
6.091500e+01	1.104591e+06
6.096400e+01	1.100583e+06
6.101500e+01	1.102350e+06
6.106500e+01	1.107166e+06
6.111500e+01	1.107427e+06
6.116500e+01	1.101372e+06
6.121500e+01	1.102438e+06
6.126500e+01	1.103460e+06
6.131500e+01	1.107124e+06
6.136600e+01	1.099669e+06
6.141500e+01	1.103704e+06
6.146500e+01	1.106262e+06
6.151600e+01	1.108075e+06
6.156600e+01	1.103729e+06
6.161600e+01	1.097183e+06
6.166600e+01	1.101129e+06
6.171600e+01	1.103491e+06
6.176600e+01	1.100757e+06
6.181600e+01	1.099776e+06
6.186700e+01	1.104471e+06
6.191600e+01	1.105813e+06
6.196700e+01	1.100901e+06
6.201600e+01	1.101739e+06
6.206700e+01	1.106354e+06
6.211600e+01	1.104798e+06
6.216600e+01	1.106378e+06
6.221700e+01	1.100910e+06
6.226700e+01	1.106921e+06
6.231700e+01	1.104667e+06
6.236700e+01	1.103303e+06
6.241700e+01	1.103000e+06
6.246700e+01	1.105826e+06
6.251800e+01	1.105662e+06
6.256800e+01	1.102234e+06
6.261800e+01	1.096848e+06
6.266700e+01	1.100267e+06
6.271700e+01	1.101487e+06
6.276800e+01	1.098776e+06
6.281800e+01	1.102023e+06
6.286800e+01	1.104703e+06
6.291800e+01	1.104744e+06
6.296800e+01	1.098591e+06
6.301800e+01	1.100776e+06
6.306800e+01	1.101548e+06
6.311900e+01	1.107331e+06
6.316900e+01	1.100748e+06
6.321900e+01	1.101301e+06
6.326900e+01	1.104692e+06
6.331900e+01	1.105797e+06
6.336900e+01	1.103529e+06
6.341900e+01	1.102669e+06
6.347000e+01	1.103324e+06
6.351900e+01	1.105596e+06
6.357000e+01	1.102453e+06
6.362000e+01	1.094799e+06
6.367000e+01	1.098218e+06
6.371900e+01	1.099531e+06
6.376900e+01	1.100262e+06
6.381900e+01	1.096727e+06
6.387000e+01	1.102170e+06
6.392000e+01	1.101159e+06
6.397000e+01	1.102923e+06
6.402000e+01	1.102944e+06
6.407000e+01	1.102045e+06
6.412000e+01	1.102537e+06
6.417100e+01	1.101968e+06
6.422100e+01	1.100407e+06
6.427100e+01	1.104374e+06
6.432100e+01	1.103205e+06
6.437100e+01	1.098440e+06
6.442000e+01	1.101407e+06
6.447100e+01	1.103208e+06
6.452100e+01	1.106783e+06
6.457100e+01	1.101479e+06
6.462100e+01	1.095681e+06
6.467100e+01	1.096564e+06
6.472100e+01	1.102288e+06
6.477200e+01	1.097881e+06
6.482100e+01	1.099727e+06
6.487200e+01	1.110106e+06
6.492200e+01	1.104128e+06
6.497300e+01	1.098884e+06
6.502200e+01	1.099210e+06
6.507200e+01	1.102661e+06
6.512200e+01	1.106015e+06
6.517300e+01	1.101840e+06
6.522300e+01	1.098743e+06
6.527300e+01	1.102809e+06
6.532300e+01	1.103175e+06
6.537300e+01	1.104010e+06
6.542300e+01	1.101390e+06
6.547300e+01	1.104616e+06
6.552300e+01	1.104094e+06
6.557300e+01	1.099939e+06
6.562300e+01	1.096871e+06
6.567300e+01	1.097080e+06
6.572300e+01	1.100475e+06
6.577400e+01	1.099801e+06
6.582400e+01	1.097086e+06
6.587400e+01	1.103968e+06
6.592400e+01	1.102909e+06
6.597400e+01	1.100157e+06
6.602400e+01	1.098694e+06
6.607400e+01	1.102355e+06
6.612400e+01	1.101930e+06
6.617400e+01	1.098771e+06
6.622500e+01	1.099484e+06
6.627400e+01	1.104278e+06
6.632500e+01	1.105477e+06
6.637500e+01	1.098200e+06
6.642500e+01	1.097930e+06
6.647500e+01	1.102791e+06
6.652500e+01	1.106127e+06
6.657500e+01	1.101526e+06
6.662500e+01	1.093627e+06
6.667500e+01	1.095749e+06
6.672500e+01	1.100084e+06
6.677500e+01	1.097181e+06
6.682500e+01	1.098251e+06
6.687600e+01	1.101738e+06
6.692500e+01	1.103312e+06
6.697600e+01	1.099714e+06
6.702500e+01	1.097586e+06
6.707600e+01	1.100505e+06
6.712600e+01	1.104095e+06
6.717600e+01	1.102052e+06
6.722600e+01	1.098859e+06
6.727600e+01	1.100989e+06
6.732600e+01	1.098904e+06
6.737600e+01	1.100733e+06
6.742600e+01	1.099404e+06
6.747600e+01	1.101234e+06
6.752700e+01	1.102807e+06
6.757600e+01	1.100533e+06
6.762700e+01	1.093736e+06
6.767700e+01	1.096661e+06
6.772700e+01	1.097740e+06
6.777700e+01	1.096705e+06
6.782700e+01	1.097427e+06
6.787700e+01	1.099546e+06
6.792700e+01	1.102596e+06
6.797800e+01	1.096089e+06
6.802800e+01	1.096716e+06
6.807800e+01	1.098533e+06
6.812800e+01	1.102121e+06
6.817800e+01	1.099986e+06
6.822800e+01	1.098070e+06
6.827800e+01	1.101044e+06
6.832800e+01	1.102663e+06
6.837800e+01	1.097118e+06
6.842900e+01	1.096685e+06
6.847900e+01	1.098909e+06
6.852900e+01	1.100867e+06
6.857900e+01	1.099155e+06
6.862900e+01	1.089636e+06
6.867900e+01	1.093901e+06
6.872900e+01	1.095704e+06
6.878000e+01	1.098644e+06
6.883000e+01	1.094327e+06
6.887900e+01	1.099536e+06
6.893000e+01	1.096932e+06
6.898000e+01	1.096542e+06
6.903000e+01	1.095685e+06
6.908000e+01	1.097904e+06
6.912900e+01	1.099656e+06
6.918000e+01	1.097371e+06
6.923000e+01	1.094373e+06
6.928000e+01	1.100177e+06
6.933000e+01	1.100136e+06
6.938000e+01	1.095666e+06
6.943000e+01	1.098042e+06
6.948100e+01	1.097354e+06
6.953000e+01	1.101305e+06
6.958100e+01	1.095700e+06
6.963100e+01	1.091517e+06
6.968100e+01	1.095076e+06
6.973100e+01	1.096472e+06
6.978100e+01	1.090923e+06
6.983200e+01	1.091783e+06
6.988200e+01	1.095618e+06
6.993100e+01	1.099846e+06
6.998100e+01	1.097933e+06
7.003100e+01	1.092770e+06
7.008200e+01	1.096033e+06
7.013200e+01	1.098625e+06
7.018200e+01	1.095203e+06
7.023200e+01	1.096386e+06
7.028200e+01	1.097802e+06
7.033200e+01	1.097842e+06
7.038200e+01	1.096839e+06
7.043200e+01	1.092732e+06
7.048200e+01	1.100187e+06
7.053200e+01	1.097739e+06
7.058200e+01	1.098724e+06
7.063300e+01	1.086972e+06
7.068300e+01	1.092403e+06
7.073300e+01	1.095797e+06
7.078300e+01	1.094201e+06
7.083300e+01	1.093812e+06
7.088400e+01	1.095751e+06
7.093400e+01	1.094916e+06
7.098300e+01	1.092545e+06
7.103300e+01	1.094002e+06
7.108400e+01	1.096966e+06
7.113300e+01	1.100440e+06
7.118300e+01	1.094355e+06
7.123300e+01	1.095503e+06
7.128400e+01	1.093672e+06
7.133400e+01	1.100309e+06
7.138400e+01	1.096623e+06
7.143400e+01	1.092372e+06
7.148500e+01	1.098215e+06
7.153400e+01	1.097332e+06
7.158500e+01	1.094916e+06
7.163400e+01	1.089231e+06
7.168600e+01	1.092376e+06
7.173400e+01	1.097970e+06
7.178500e+01	1.093917e+06
7.183500e+01	1.093626e+06
7.188500e+01	1.094286e+06
7.193500e+01	1.098068e+06
7.198500e+01	1.099284e+06
7.203500e+01	1.090314e+06
7.208500e+01	1.095447e+06
7.213500e+01	1.093597e+06
7.218600e+01	1.095905e+06
7.223600e+01	1.093454e+06
7.228600e+01	1.095856e+06
7.233600e+01	1.096843e+06
7.238500e+01	1.094968e+06
7.243600e+01	1.095264e+06
7.248600e+01	1.097985e+06
7.253600e+01	1.097891e+06
7.258600e+01	1.098090e+06
7.263600e+01	1.086551e+06
7.268700e+01	1.091835e+06
7.273700e+01	1.093301e+06
7.278700e+01	1.094403e+06
7.283700e+01	1.093712e+06
7.288700e+01	1.094273e+06
7.293700e+01	1.097640e+06
7.298700e+01	1.092786e+06
7.303700e+01	1.095147e+06
7.308800e+01	1.096288e+06
7.313700e+01	1.099721e+06
7.318700e+01	1.094786e+06
7.323700e+01	1.094000e+06
7.328800e+01	1.095639e+06
7.333700e+01	1.096790e+06
7.338800e+01	1.094054e+06
7.343800e+01	1.093306e+06
7.348800e+01	1.094140e+06
7.353800e+01	1.098997e+06
7.358800e+01	1.095356e+06
7.363800e+01	1.088027e+06
7.368800e+01	1.091908e+06
7.373800e+01	1.094153e+06
7.378800e+01	1.094450e+06
7.383800e+01	1.089974e+06
7.388900e+01	1.095125e+06
7.393900e+01	1.094942e+06
7.399000e+01	1.095982e+06
7.403900e+01	1.092494e+06
7.408900e+01	1.094327e+06
7.413900e+01	1.096391e+06
7.418900e+01	1.094690e+06
7.423900e+01	1.095768e+06
7.428900e+01	1.096527e+06
7.433900e+01	1.097537e+06
7.438900e+01	1.096253e+06
7.443900e+01	1.094032e+06
7.449000e+01	1.097006e+06
7.454000e+01	1.097886e+06
7.459000e+01	1.095070e+06
7.464000e+01	1.085931e+06
7.469000e+01	1.092254e+06
7.474000e+01	1.095941e+06
7.479000e+01	1.093251e+06
7.484100e+01	1.092403e+06
7.489100e+01	1.092968e+06
7.494100e+01	1.098844e+06
7.499100e+01	1.093562e+06
7.504100e+01	1.092635e+06
7.509200e+01	1.095339e+06
7.514100e+01	1.098560e+06
7.519100e+01	1.104712e+06
7.524100e+01	1.093330e+06
7.529100e+01	1.097214e+06
7.534200e+01	1.099524e+06
7.539200e+01	1.099616e+06
7.544200e+01	1.093623e+06
7.549200e+01	1.093696e+06
7.554200e+01	1.098978e+06
7.559100e+01	1.099139e+06
7.564200e+01	1.086742e+06
7.569200e+01	1.091387e+06
7.574200e+01	1.092266e+06
7.579200e+01	1.094812e+06
7.584200e+01	1.090568e+06
7.589200e+01	1.095344e+06
7.594200e+01	1.095776e+06
7.599300e+01	1.099333e+06
7.604300e+01	1.090437e+06
7.609300e+01	1.095272e+06
7.614300e+01	1.097789e+06
7.619300e+01	1.099837e+06
7.624300e+01	1.093563e+06
7.629300e+01	1.097383e+06
7.634400e+01	1.095023e+06
7.639300e+01	1.099221e+06
7.644300e+01	1.094050e+06
7.649400e+01	1.098469e+06
7.654400e+01	1.099675e+06
7.659300e+01	1.097695e+06
7.664400e+01	1.085082e+06
7.669400e+01	1.091558e+06
7.674400e+01	1.096809e+06
7.679400e+01	1.093568e+06
7.684400e+01	1.093711e+06
7.689400e+01	1.091803e+06
7.694400e+01	1.096362e+06
7.699400e+01	1.095092e+06
7.704500e+01	1.094606e+06
7.709500e+01	1.096568e+06
7.714500e+01	1.097579e+06
7.719500e+01	1.096809e+06
7.724500e+01	1.094572e+06
7.729600e+01	1.094410e+06
7.734500e+01	1.097314e+06
7.739500e+01	1.097991e+06
7.744600e+01	1.094722e+06
7.749500e+01	1.097448e+06
7.754500e+01	1.093817e+06
7.759500e+01	1.101014e+06
7.764600e+01	1.087797e+06
7.769600e+01	1.092225e+06
7.774600e+01	1.093244e+06
7.779600e+01	1.092621e+06
7.784600e+01	1.094671e+06
7.789600e+01	1.095322e+06
7.794600e+01	1.098688e+06
7.799700e+01	1.095002e+06
7.804600e+01	1.091288e+06
7.809700e+01	1.096833e+06
7.814700e+01	1.096630e+06
7.819700e+01	1.097270e+06
7.824700e+01	1.094875e+06
7.829700e+01	1.096773e+06
7.834700e+01	1.098896e+06
7.839700e+01	1.094872e+06
7.844700e+01	1.095879e+06
7.849700e+01	1.096038e+06
7.854700e+01	1.099598e+06
7.859800e+01	1.097034e+06
7.864800e+01	1.084194e+06
7.869800e+01	1.092096e+06
7.874800e+01	1.093070e+06
7.879800e+01	1.097995e+06
7.884800e+01	1.092816e+06
7.889800e+01	1.094807e+06
7.894800e+01	1.095924e+06
7.899800e+01	1.097174e+06
7.904800e+01	1.092629e+06
7.909900e+01	1.099057e+06
7.914800e+01	1.096306e+06
7.919800e+01	1.097138e+06
7.924900e+01	1.094206e+06
7.929900e+01	1.095034e+06
7.934900e+01	1.097633e+06
7.939900e+01	1.095515e+06
7.945000e+01	1.095716e+06
7.949900e+01	1.094965e+06
7.955000e+01	1.098295e+06
7.960000e+01	1.096303e+06
7.965000e+01	1.088070e+06
7.970000e+01	1.090356e+06
7.974900e+01	1.095824e+06
7.979900e+01	1.091609e+06
7.985000e+01	1.092852e+06
7.990000e+01	1.093621e+06
7.995000e+01	1.098262e+06
8.000000e+01	1.093720e+06
8.005000e+01	1.091168e+06
8.010100e+01	1.094086e+06
8.015000e+01	1.099300e+06
8.020100e+01	1.096086e+06
8.025000e+01	1.092964e+06
8.030100e+01	1.094972e+06
8.035100e+01	1.096680e+06
8.040100e+01	1.097288e+06
8.045100e+01	1.092793e+06
8.050100e+01	1.092683e+06
8.055100e+01	1.095153e+06
8.060100e+01	1.097033e+06
8.065100e+01	1.085194e+06
8.070100e+01	1.089698e+06
8.075100e+01	1.093794e+06
8.080100e+01	1.096813e+06
8.085100e+01	1.089955e+06
8.090100e+01	1.093644e+06
8.095200e+01	1.095042e+06
8.100200e+01	1.097211e+06
8.105200e+01	1.095355e+06
8.110200e+01	1.092326e+06
8.115200e+01	1.094738e+06
8.120200e+01	1.091493e+06
8.125200e+01	1.095086e+06
8.130300e+01	1.093881e+06
8.135200e+01	1.097553e+06
8.140300e+01	1.097510e+06
8.145300e+01	1.090238e+06
8.150300e+01	1.095158e+06
8.155300e+01	1.099529e+06
8.160300e+01	1.095972e+06
8.165300e+01	1.088719e+06
8.170300e+01	1.087007e+06
8.175400e+01	1.093478e+06
8.180400e+01	1.092651e+06
8.185400e+01	1.089878e+06
8.190300e+01	1.094772e+06
8.195300e+01	1.094955e+06
8.200400e+01	1.095515e+06
8.205300e+01	1.091151e+06
8.210400e+01	1.093918e+06
8.215400e+01	1.095714e+06
8.220500e+01	1.096499e+06
8.225400e+01	1.090035e+06
8.230400e+01	1.093593e+06
8.235400e+01	1.092178e+06
8.240500e+01	1.098545e+06
8.245400e+01	1.093569e+06
8.250500e+01	1.092942e+06
8.255500e+01	1.096023e+06
8.260500e+01	1.093264e+06
8.265500e+01	1.087327e+06
8.270500e+01	1.090433e+06
8.275500e+01	1.093099e+06
8.280500e+01	1.093182e+06
8.285500e+01	1.087577e+06
8.290600e+01	1.088559e+06
8.295500e+01	1.103133e+06
8.300500e+01	1.094994e+06
8.305600e+01	1.095238e+06
8.310600e+01	1.094079e+06
8.315600e+01	1.095674e+06
8.320600e+01	1.092002e+06
8.325600e+01	1.092158e+06
8.330600e+01	1.092549e+06
8.335600e+01	1.097514e+06
8.340600e+01	1.093699e+06
8.345700e+01	1.089789e+06
8.350700e+01	1.092273e+06
8.355700e+01	1.097129e+06
8.360700e+01	1.092716e+06
8.365700e+01	1.085775e+06
8.370700e+01	1.087789e+06
8.375700e+01	1.092061e+06
8.380700e+01	1.093705e+06
8.385700e+01	1.087626e+06
8.390700e+01	1.092199e+06
8.395800e+01	1.094833e+06
8.400700e+01	1.094427e+06
8.405700e+01	1.087443e+06
8.410800e+01	1.089843e+06
8.415800e+01	1.091682e+06
8.420800e+01	1.097038e+06
8.425800e+01	1.088982e+06
8.430900e+01	1.089108e+06
8.435800e+01	1.091562e+06
8.440800e+01	1.095039e+06
8.445900e+01	1.091803e+06
8.450900e+01	1.091369e+06
8.455900e+01	1.095206e+06
8.460900e+01	1.088726e+06
8.465900e+01	1.088851e+06
8.470900e+01	1.088609e+06
8.475900e+01	1.090713e+06
8.480900e+01	1.090153e+06
8.485900e+01	1.089278e+06
8.490900e+01	1.088367e+06
8.495900e+01	1.094885e+06
8.500900e+01	1.092128e+06
8.505900e+01	1.089621e+06
8.510900e+01	1.088998e+06
8.516000e+01	1.092125e+06
8.521000e+01	1.091203e+06
8.526000e+01	1.091139e+06
8.531100e+01	1.089049e+06
8.536000e+01	1.092189e+06
8.541000e+01	1.093832e+06
8.546000e+01	1.089540e+06
8.551000e+01	1.091115e+06
8.556000e+01	1.094069e+06
8.561100e+01	1.091630e+06
8.566000e+01	1.084686e+06
8.571000e+01	1.086470e+06
8.576100e+01	1.087333e+06
8.581100e+01	1.093649e+06
8.586100e+01	1.089537e+06
8.591100e+01	1.088045e+06
8.596200e+01	1.091113e+06
8.601200e+01	1.091418e+06
8.606200e+01	1.089682e+06
8.611100e+01	1.093007e+06
8.616200e+01	1.090981e+06
8.621200e+01	1.103498e+06
8.626200e+01	1.093760e+06
8.631200e+01	1.091060e+06
8.636200e+01	1.095417e+06
8.641200e+01	1.091569e+06
8.646200e+01	1.090474e+06
8.651200e+01	1.086745e+06
8.656200e+01	1.091762e+06
8.661200e+01	1.085073e+06
8.666200e+01	1.086033e+06
8.671200e+01	1.087953e+06
8.676300e+01	1.090791e+06
8.681300e+01	1.090318e+06
8.686300e+01	1.086049e+06
8.691300e+01	1.089199e+06
8.696400e+01	1.093007e+06
8.701300e+01	1.094101e+06
8.706300e+01	1.085209e+06
8.711400e+01	1.087453e+06
8.716300e+01	1.088042e+06
8.721300e+01	1.092333e+06
8.726400e+01	1.087943e+06
8.731400e+01	1.089939e+06
8.736400e+01	1.087567e+06
8.741300e+01	1.090041e+06
8.746400e+01	1.085527e+06
8.751400e+01	1.089835e+06
8.756500e+01	1.089594e+06
8.761400e+01	1.087998e+06
8.766400e+01	1.082193e+06
8.771500e+01	1.081045e+06
8.776400e+01	1.084874e+06
8.781500e+01	1.086535e+06
8.786500e+01	1.086915e+06
8.791500e+01	1.084488e+06
8.796500e+01	1.087077e+06
8.801500e+01	1.084285e+06
8.806500e+01	1.086254e+06
8.811500e+01	1.083671e+06
8.816500e+01	1.091312e+06
8.821500e+01	1.085888e+06
8.826600e+01	1.086827e+06
8.831600e+01	1.083104e+06
8.836600e+01	1.091186e+06
8.841600e+01	1.089976e+06
8.846500e+01	1.085706e+06
8.851600e+01	1.085923e+06
8.856600e+01	1.090244e+06
8.861600e+01	1.086985e+06
8.866700e+01	1.081275e+06
8.871700e+01	1.083075e+06
8.876700e+01	1.085059e+06
8.881700e+01	1.087534e+06
8.886600e+01	1.081460e+06
8.891700e+01	1.083758e+06
8.896700e+01	1.087039e+06
8.901700e+01	1.091615e+06
8.906700e+01	1.082187e+06
8.911700e+01	1.086379e+06
8.916700e+01	1.086912e+06
8.921800e+01	1.091317e+06
8.926800e+01	1.085776e+06
8.931700e+01	1.086759e+06
8.936800e+01	1.086531e+06
8.941800e+01	1.087319e+06
8.946800e+01	1.086181e+06
8.951800e+01	1.086134e+06
8.956800e+01	1.088735e+06
8.961800e+01	1.083804e+06
8.966800e+01	1.081186e+06
8.971900e+01	1.082715e+06
8.976900e+01	1.085558e+06
8.981800e+01	1.086219e+06
8.986800e+01	1.086280e+06
8.991800e+01	1.084326e+06
8.996900e+01	1.088341e+06
9.001900e+01	1.085733e+06
9.006800e+01	1.085877e+06
9.011900e+01	1.087321e+06
9.016900e+01	1.088045e+06
9.021900e+01	1.087294e+06
9.026900e+01	1.082178e+06
9.031900e+01	1.086705e+06
9.037000e+01	1.089893e+06
9.042000e+01	1.087689e+06
9.046900e+01	1.085271e+06
9.051900e+01	1.083067e+06
9.056900e+01	1.089083e+06
9.062000e+01	1.084508e+06
9.067000e+01	1.080408e+06
9.072000e+01	1.080912e+06
9.077000e+01	1.083347e+06
9.082100e+01	1.087115e+06
9.087000e+01	1.081610e+06
9.092100e+01	1.084430e+06
9.097000e+01	1.086473e+06
9.102100e+01	1.089161e+06
9.107100e+01	1.084056e+06
9.112100e+01	1.084011e+06
9.117100e+01	1.085014e+06
9.122100e+01	1.088165e+06
9.127100e+01	1.086473e+06
9.132100e+01	1.082636e+06
9.137100e+01	1.087155e+06
9.142100e+01	1.088230e+06
9.147100e+01	1.085304e+06
9.152100e+01	1.087227e+06
9.157200e+01	1.089481e+06
9.162100e+01	1.081989e+06
9.167200e+01	1.080298e+06
9.172200e+01	1.080515e+06
9.177200e+01	1.086479e+06
9.182200e+01	1.087714e+06
9.187200e+01	1.084086e+06
9.192300e+01	1.083025e+06
9.197200e+01	1.086581e+06
9.202300e+01	1.088731e+06
9.207200e+01	1.084359e+06
9.212300e+01	1.084089e+06
9.217200e+01	1.088394e+06
9.222300e+01	1.087875e+06
9.227300e+01	1.082209e+06
9.232300e+01	1.084722e+06
9.237300e+01	1.088972e+06
9.242400e+01	1.091933e+06
9.247400e+01	1.081105e+06
9.252400e+01	1.082546e+06
9.257400e+01	1.084230e+06
9.262400e+01	1.084816e+06
9.267400e+01	1.080345e+06
9.272300e+01	1.080984e+06
9.277500e+01	1.083074e+06
9.282400e+01	1.087952e+06
9.287400e+01	1.083422e+06
9.292500e+01	1.083773e+06
9.297500e+01	1.087818e+06
9.302500e+01	1.085874e+06
9.307500e+01	1.084436e+06
9.312500e+01	1.080265e+06
9.317500e+01	1.086935e+06
9.322500e+01	1.086702e+06
9.327500e+01	1.085801e+06
9.332500e+01	1.081304e+06
9.337500e+01	1.085216e+06
9.342500e+01	1.085970e+06
9.347500e+01	1.083928e+06
9.352500e+01	1.083668e+06
9.357500e+01	1.087429e+06
9.362600e+01	1.078417e+06
9.367600e+01	1.075691e+06
9.372600e+01	1.074349e+06
9.377600e+01	1.082861e+06
9.382600e+01	1.086897e+06
9.387500e+01	1.080845e+06
9.392600e+01	1.080911e+06
9.397600e+01	1.081064e+06
9.402600e+01	1.086735e+06
9.407600e+01	1.084177e+06
9.412700e+01	1.082039e+06
9.417600e+01	1.085837e+06
9.422700e+01	1.084964e+06
9.427600e+01	1.081894e+06
9.432700e+01	1.081892e+06
9.437700e+01	1.084200e+06
9.442700e+01	1.088919e+06
9.447700e+01	1.083090e+06
9.452700e+01	1.084082e+06
9.457700e+01	1.082080e+06
9.462800e+01	1.080053e+06
9.467800e+01	1.080364e+06
9.472800e+01	1.080345e+06
9.477800e+01	1.081337e+06
9.482800e+01	1.082932e+06
9.487800e+01	1.082657e+06
9.492800e+01	1.078807e+06
9.497800e+01	1.085591e+06
9.502800e+01	1.082448e+06
9.507900e+01	1.085443e+06
9.512800e+01	1.081950e+06
9.517800e+01	1.085495e+06
9.522900e+01	1.085849e+06
9.527900e+01	1.081986e+06
9.532900e+01	1.082555e+06
9.537900e+01	1.084056e+06
9.542900e+01	1.087115e+06
9.547900e+01	1.083813e+06
9.553000e+01	1.083296e+06
9.558000e+01	1.085557e+06
9.563000e+01	1.081224e+06
9.568000e+01	1.077001e+06
9.573000e+01	1.082237e+06
9.578000e+01	1.083230e+06
9.582900e+01	1.086239e+06
9.588000e+01	1.080516e+06
9.593000e+01	1.082045e+06
9.598000e+01	1.083418e+06
9.603000e+01	1.087193e+06
9.608000e+01	1.081916e+06
9.613000e+01	1.082675e+06
9.618000e+01	1.082828e+06
9.623000e+01	1.085626e+06
9.628100e+01	1.084353e+06
9.633100e+01	1.083424e+06
9.638100e+01	1.089052e+06
9.643100e+01	1.087970e+06
9.648100e+01	1.083325e+06
9.653100e+01	1.083166e+06
9.658100e+01	1.085713e+06
9.663100e+01	1.078631e+06
9.668100e+01	1.080819e+06
9.673200e+01	1.077150e+06
9.678100e+01	1.084298e+06
9.683200e+01	1.081742e+06
9.688200e+01	1.083773e+06
9.693200e+01	1.083925e+06
9.698200e+01	1.087294e+06
9.703200e+01	1.085544e+06
9.708200e+01	1.082448e+06
9.713300e+01	1.082351e+06
9.718200e+01	1.088552e+06
9.723200e+01	1.087060e+06
9.728300e+01	1.081706e+06
9.733200e+01	1.082524e+06
9.738300e+01	1.084689e+06
9.743300e+01	1.089671e+06
9.748300e+01	1.084446e+06
9.753300e+01	1.085608e+06
9.758300e+01	1.086755e+06
9.763400e+01	1.081988e+06
9.768300e+01	1.077477e+06
9.773300e+01	1.079989e+06
9.778400e+01	1.083956e+06
9.783300e+01	1.087429e+06
9.788300e+01	1.082859e+06
9.793400e+01	1.080852e+06
9.798300e+01	1.083539e+06
9.803400e+01	1.087653e+06
9.808400e+01	1.085896e+06
9.813400e+01	1.085305e+06
9.818400e+01	1.085467e+06
9.823400e+01	1.083385e+06
9.828400e+01	1.088021e+06
9.833500e+01	1.081064e+06
9.838500e+01	1.087760e+06
9.843400e+01	1.083727e+06
9.848500e+01	1.085806e+06
9.853500e+01	1.080684e+06
9.858500e+01	1.085245e+06
9.863500e+01	1.081751e+06
9.868500e+01	1.081895e+06
9.873600e+01	1.079657e+06
9.878600e+01	1.081662e+06
9.883600e+01	1.083509e+06
9.888600e+01	1.083336e+06
9.893600e+01	1.084598e+06
9.898600e+01	1.084277e+06
9.903500e+01	1.085676e+06
9.908600e+01	1.080258e+06
9.913600e+01	1.084606e+06
9.918600e+01	1.083948e+06
9.923600e+01	1.089220e+06
9.928600e+01	1.083282e+06
9.933600e+01	1.083522e+06
9.938600e+01	1.084406e+06
9.943600e+01	1.088225e+06
9.948700e+01	1.086871e+06
9.953700e+01	1.083024e+06
9.958600e+01	1.083501e+06
9.963700e+01	1.080949e+06
9.968700e+01	1.076781e+06
9.973800e+01	1.075921e+06
9.978700e+01	1.085212e+06
9.983800e+01	1.083611e+06
9.988700e+01	1.083699e+06
9.993800e+01	1.079801e+06
9.998800e+01	1.085652e+06
1.000380e+02	1.083659e+06
1.000880e+02	1.085958e+06
1.001380e+02	1.081182e+06
1.001880e+02	1.085789e+06
1.002370e+02	1.084850e+06
1.002880e+02	1.084706e+06
1.003390e+02	1.081076e+06
1.003890e+02	1.086003e+06
1.004390e+02	1.085378e+06
1.004880e+02	1.083215e+06
1.005390e+02	1.082889e+06
1.005880e+02	1.084752e+06
1.006380e+02	1.081312e+06
1.006890e+02	1.078257e+06
1.007400e+02	1.079169e+06
1.007890e+02	1.081463e+06
1.008400e+02	1.085398e+06
1.008890e+02	1.080863e+06
1.009400e+02	1.081096e+06
1.009890e+02	1.083697e+06
1.010390e+02	1.087869e+06
1.010890e+02	1.081235e+06
1.011390e+02	1.083039e+06
1.011900e+02	1.082516e+06
1.012400e+02	1.089225e+06
1.012900e+02	1.082159e+06
1.013400e+02	1.081190e+06
1.013900e+02	1.084456e+06
1.014400e+02	1.086928e+06
1.014900e+02	1.083623e+06
1.015410e+02	1.080468e+06
1.015910e+02	1.084174e+06
1.016410e+02	1.078842e+06
1.016900e+02	1.081046e+06
1.017410e+02	1.078436e+06
1.017910e+02	1.082950e+06
1.018400e+02	1.083386e+06
1.018910e+02	1.082469e+06
1.019410e+02	1.079047e+06
1.019920e+02	1.083162e+06
1.020410e+02	1.082859e+06
1.020920e+02	1.083735e+06
1.021420e+02	1.078004e+06
1.021910e+02	1.084308e+06
1.022410e+02	1.084250e+06
1.022920e+02	1.084135e+06
1.023420e+02	1.081700e+06
1.023920e+02	1.084427e+06
1.024420e+02	1.085246e+06
1.024930e+02	1.081540e+06
1.025420e+02	1.080956e+06
1.025920e+02	1.085143e+06
1.026420e+02	1.076655e+06
1.026930e+02	1.075933e+06
1.027430e+02	1.076614e+06
1.027930e+02	1.078411e+06
1.028430e+02	1.085223e+06
1.028930e+02	1.084135e+06
1.029430e+02	1.080956e+06
1.029930e+02	1.080789e+06
1.030430e+02	1.083209e+06
1.030930e+02	1.083120e+06
1.031430e+02	1.079291e+06
1.031930e+02	1.082122e+06
1.032430e+02	1.082866e+06
1.032930e+02	1.082046e+06
1.033440e+02	1.076443e+06
1.033930e+02	1.082948e+06
1.034450e+02	1.082059e+06
1.034950e+02	1.086053e+06
1.035440e+02	1.078390e+06
1.035940e+02	1.085288e+06
1.036440e+02	1.072484e+06
1.036940e+02	1.079529e+06
1.037450e+02	1.076843e+06
1.037950e+02	1.082091e+06
1.038450e+02	1.082598e+06
1.038940e+02	1.076274e+06
1.039450e+02	1.077644e+06
1.039950e+02	1.079412e+06
1.040460e+02	1.085643e+06
1.040950e+02	1.080223e+06
1.041460e+02	1.080051e+06
1.041960e+02	1.080149e+06
1.042450e+02	1.083661e+06
1.042950e+02	1.080870e+06
1.043460e+02	1.080674e+06
1.043960e+02	1.081112e+06
1.044460e+02	1.083910e+06
1.044960e+02	1.076654e+06
1.045460e+02	1.080594e+06
1.045960e+02	1.081287e+06
1.046470e+02	1.076138e+06
1.046970e+02	1.078000e+06
1.047460e+02	1.072471e+06
1.047960e+02	1.082089e+06
1.048470e+02	1.080755e+06
1.048960e+02	1.081227e+06
1.049470e+02	1.079594e+06
1.049970e+02	1.077817e+06
1.050470e+02	1.081057e+06
1.050970e+02	1.079709e+06
1.051480e+02	1.077057e+06
1.051970e+02	1.085367e+06
1.052470e+02	1.080177e+06
1.052970e+02	1.080184e+06
1.053480e+02	1.076306e+06
1.053980e+02	1.083356e+06
1.054480e+02	1.081183e+06
1.054980e+02	1.081358e+06
1.055480e+02	1.079437e+06
1.055980e+02	1.080350e+06
1.056480e+02	1.072324e+06
1.056980e+02	1.072118e+06
1.057480e+02	1.076263e+06
1.057990e+02	1.079168e+06
1.058480e+02	1.083780e+06
1.058990e+02	1.074186e+06
1.059490e+02	1.075243e+06
1.059990e+02	1.080223e+06
1.060490e+02	1.083193e+06
1.060990e+02	1.080254e+06
1.061490e+02	1.077178e+06
1.061990e+02	1.075589e+06
1.062490e+02	1.084769e+06
1.063000e+02	1.073709e+06
1.063500e+02	1.080690e+06
1.064000e+02	1.077964e+06
1.064500e+02	1.082780e+06
1.064990e+02	1.080016e+06
1.065500e+02	1.074719e+06
1.066000e+02	1.090963e+06
1.066500e+02	1.074829e+06
1.067000e+02	1.079171e+06
1.067500e+02	1.073062e+06
1.068010e+02	1.074149e+06
1.068510e+02	1.078317e+06
1.069010e+02	1.078886e+06
1.069510e+02	1.074462e+06
1.070010e+02	1.080137e+06
1.070510e+02	1.076569e+06
1.071010e+02	1.080306e+06
1.071510e+02	1.076078e+06
1.072010e+02	1.079593e+06
1.072510e+02	1.081137e+06
1.073010e+02	1.077746e+06
1.073510e+02	1.077150e+06
1.074010e+02	1.078398e+06
1.074510e+02	1.080905e+06
1.075010e+02	1.078433e+06
1.075510e+02	1.076195e+06
1.076020e+02	1.079255e+06
1.076520e+02	1.072883e+06
1.077020e+02	1.074694e+06
1.077530e+02	1.073726e+06
1.078020e+02	1.077823e+06
1.078520e+02	1.077225e+06
1.079030e+02	1.078965e+06
1.079530e+02	1.072758e+06
1.080020e+02	1.078573e+06
1.080520e+02	1.079974e+06
1.081030e+02	1.076733e+06
1.081530e+02	1.074104e+06
1.082030e+02	1.073898e+06
1.082530e+02	1.079530e+06
1.083030e+02	1.079754e+06
1.083530e+02	1.075703e+06
1.084040e+02	1.077981e+06
1.084530e+02	1.078081e+06
1.085030e+02	1.078596e+06
1.085530e+02	1.075774e+06
1.086030e+02	1.076984e+06
1.086540e+02	1.070707e+06
1.087040e+02	1.070295e+06
1.087540e+02	1.074867e+06
1.088040e+02	1.074591e+06
1.088540e+02	1.077425e+06
1.089040e+02	1.075874e+06
1.089540e+02	1.075003e+06
1.090040e+02	1.074964e+06
1.090550e+02	1.077391e+06
1.091050e+02	1.077777e+06
1.091540e+02	1.075444e+06
1.092050e+02	1.077787e+06
1.092550e+02	1.078597e+06
1.093050e+02	1.075586e+06
1.093550e+02	1.074062e+06
1.094060e+02	1.077798e+06
1.094560e+02	1.080049e+06
1.095060e+02	1.077977e+06
1.095550e+02	1.076786e+06
1.096050e+02	1.075008e+06
1.096560e+02	1.072050e+06
1.097060e+02	1.074842e+06
1.097560e+02	1.071794e+06
1.098060e+02	1.075711e+06
1.098560e+02	1.076865e+06
1.099060e+02	1.075451e+06
1.099560e+02	1.075466e+06
1.100060e+02	1.077182e+06
1.100560e+02	1.080699e+06
1.101060e+02	1.079811e+06
1.101570e+02	1.071514e+06
1.102060e+02	1.077111e+06
1.102570e+02	1.077660e+06
1.103070e+02	1.078358e+06
1.103570e+02	1.075489e+06
1.104060e+02	1.077011e+06
1.104570e+02	1.075750e+06
1.105080e+02	1.072953e+06
1.105580e+02	1.074569e+06
1.106080e+02	1.071938e+06
1.106570e+02	1.073818e+06
1.107080e+02	1.073673e+06
1.107580e+02	1.071838e+06
1.108070e+02	1.073081e+06
1.108580e+02	1.077233e+06
1.109080e+02	1.076216e+06
1.109580e+02	1.074641e+06
1.110080e+02	1.073759e+06
1.110590e+02	1.077452e+06
1.111080e+02	1.073545e+06
1.111590e+02	1.072384e+06
1.112090e+02	1.076992e+06
1.112590e+02	1.078797e+06
