0.000000e+00	2.471460e+05
5.000000e-02	2.455880e+05
1.000000e-01	2.453950e+05
1.500000e-01	2.446300e+05
2.000000e-01	2.453530e+05
2.510000e-01	2.436970e+05
3.010000e-01	2.445140e+05
3.510000e-01	2.434410e+05
4.010000e-01	2.437780e+05
4.510000e-01	2.440720e+05
5.010000e-01	2.438420e+05
5.520000e-01	2.435250e+05
6.020000e-01	2.437290e+05
6.510000e-01	2.430240e+05
7.020000e-01	2.487140e+05
7.520000e-01	2.517220e+05
8.020000e-01	2.504120e+05
8.520000e-01	2.488900e+05
9.020000e-01	2.478060e+05
9.520000e-01	2.483030e+05
1.002000e+00	2.463200e+05
1.053000e+00	2.475130e+05
1.102000e+00	2.465280e+05
1.152000e+00	2.471170e+05
1.202000e+00	2.462150e+05
1.253000e+00	2.458430e+05
1.303000e+00	2.456320e+05
1.353000e+00	2.453470e+05
1.403000e+00	2.457880e+05
1.453000e+00	2.455000e+05
1.503000e+00	2.450000e+05
1.554000e+00	2.453720e+05
1.603000e+00	2.445550e+05
1.653000e+00	2.458740e+05
1.703000e+00	2.504430e+05
1.754000e+00	2.527280e+05
1.803000e+00	2.513030e+05
1.854000e+00	2.502000e+05
1.904000e+00	2.502020e+05
1.953000e+00	2.490730e+05
2.004000e+00	2.494210e+05
2.054000e+00	2.477950e+05
2.105000e+00	2.477930e+05
2.154000e+00	2.471340e+05
2.204000e+00	2.478020e+05
2.254000e+00	2.471870e+05
2.304000e+00	2.474990e+05
2.355000e+00	2.471500e+05
2.404000e+00	2.463200e+05
2.456000e+00	2.469350e+05
2.505000e+00	2.468450e+05
2.556000e+00	2.472010e+05
2.605000e+00	2.468120e+05
2.655000e+00	2.466600e+05
2.705000e+00	2.519100e+05
2.755000e+00	2.546170e+05
2.806000e+00	2.530530e+05
2.856000e+00	2.528510e+05
2.906000e+00	2.507470e+05
2.956000e+00	2.511630e+05
3.006000e+00	2.498650e+05
3.056000e+00	2.505720e+05
3.106000e+00	2.493560e+05
3.156000e+00	2.491260e+05
3.206000e+00	2.487410e+05
3.256000e+00	2.481630e+05
3.306000e+00	2.487180e+05
3.357000e+00	2.483510e+05
3.407000e+00	2.490800e+05
3.457000e+00	2.474080e+05
3.506000e+00	2.482010e+05
3.556000e+00	2.477980e+05
3.607000e+00	2.485790e+05
3.657000e+00	2.477400e+05
3.707000e+00	2.545670e+05
3.758000e+00	2.547700e+05
3.807000e+00	2.541960e+05
3.857000e+00	2.526190e+05
3.908000e+00	2.523220e+05
3.957000e+00	2.521200e+05
4.008000e+00	2.514220e+05
4.058000e+00	2.502320e+05
4.107000e+00	2.497510e+05
4.157000e+00	2.504560e+05
4.208000e+00	2.497900e+05
4.258000e+00	2.502520e+05
4.308000e+00	2.496010e+05
4.358000e+00	2.499720e+05
4.409000e+00	2.487530e+05
4.458000e+00	2.490040e+05
4.508000e+00	2.491520e+05
4.558000e+00	2.494680e+05
4.609000e+00	2.514300e+05
4.659000e+00	2.497900e+05
4.709000e+00	2.552060e+05
4.759000e+00	2.567390e+05
4.809000e+00	2.547800e+05
4.860000e+00	2.543140e+05
4.909000e+00	2.536290e+05
4.959000e+00	2.528340e+05
5.010000e+00	2.526540e+05
5.060000e+00	2.522040e+05
5.110000e+00	2.520160e+05
5.160000e+00	2.520020e+05
5.210000e+00	2.515260e+05
5.260000e+00	2.507040e+05
5.310000e+00	2.506290e+05
5.360000e+00	2.507350e+05
5.410000e+00	2.508370e+05
5.461000e+00	2.499160e+05
5.510000e+00	2.500800e+05
5.561000e+00	2.500860e+05
5.611000e+00	2.503460e+05
5.661000e+00	2.507150e+05
5.711000e+00	2.566690e+05
5.761000e+00	2.583050e+05
5.812000e+00	2.560800e+05
5.861000e+00	2.549670e+05
5.911000e+00	2.549220e+05
5.961000e+00	2.550720e+05
6.011000e+00	2.540180e+05
6.061000e+00	2.531710e+05
6.111000e+00	2.526850e+05
6.162000e+00	2.536010e+05
6.212000e+00	2.517610e+05
6.262000e+00	2.526420e+05
6.312000e+00	2.517410e+05
6.362000e+00	2.518030e+05
6.412000e+00	2.513010e+05
6.462000e+00	2.522460e+05
6.512000e+00	2.516270e+05
6.562000e+00	2.522080e+05
6.613000e+00	2.515800e+05
6.662000e+00	2.511630e+05
6.713000e+00	2.584870e+05
6.763000e+00	2.592600e+05
6.813000e+00	2.580180e+05
6.863000e+00	2.565180e+05
6.913000e+00	2.564160e+05
6.964000e+00	2.546540e+05
7.013000e+00	2.564560e+05
7.063000e+00	2.535740e+05
7.113000e+00	2.558450e+05
7.163000e+00	2.533550e+05
7.214000e+00	2.538030e+05
7.264000e+00	2.531340e+05
7.314000e+00	2.530420e+05
7.364000e+00	2.537120e+05
7.414000e+00	2.531360e+05
7.464000e+00	2.527370e+05
7.514000e+00	2.531550e+05
7.564000e+00	2.525770e+05
7.614000e+00	2.534040e+05
7.664000e+00	2.528650e+05
7.714000e+00	2.605780e+05
7.764000e+00	2.602140e+05
7.814000e+00	2.579720e+05
7.865000e+00	2.580540e+05
7.915000e+00	2.569580e+05
7.965000e+00	2.569060e+05
8.015000e+00	2.552060e+05
8.065000e+00	2.560160e+05
8.115000e+00	2.548010e+05
8.165000e+00	2.549370e+05
8.215000e+00	2.546750e+05
8.265000e+00	2.544760e+05
8.316000e+00	2.538790e+05
8.366000e+00	2.541920e+05
8.415000e+00	2.544010e+05
8.467000e+00	2.538330e+05
8.517000e+00	2.544850e+05
8.566000e+00	2.563130e+05
8.617000e+00	2.544410e+05
8.667000e+00	2.539680e+05
8.717000e+00	2.606710e+05
8.767000e+00	2.612150e+05
8.816000e+00	2.598920e+05
8.867000e+00	2.582180e+05
8.917000e+00	2.581380e+05
8.967000e+00	2.578170e+05
9.017000e+00	2.572560e+05
9.067000e+00	2.567400e+05
9.117000e+00	2.559550e+05
9.167000e+00	2.563030e+05
9.218000e+00	2.559020e+05
9.267000e+00	2.554530e+05
9.318000e+00	2.547930e+05
9.368000e+00	2.555020e+05
9.418000e+00	2.552270e+05
9.468000e+00	2.541270e+05
9.518000e+00	2.551070e+05
9.569000e+00	2.543750e+05
9.618000e+00	2.551690e+05
9.668000e+00	2.547330e+05
9.718000e+00	2.618440e+05
9.769000e+00	2.622130e+05
9.819000e+00	2.609260e+05
9.869000e+00	2.596580e+05
9.919000e+00	2.585500e+05
9.969000e+00	2.577570e+05
1.001900e+01	2.581200e+05
1.006900e+01	2.572670e+05
1.011900e+01	2.578510e+05
1.016900e+01	2.567310e+05
1.021900e+01	2.564170e+05
1.026900e+01	2.559250e+05
1.032000e+01	2.557740e+05
1.037000e+01	2.562520e+05
1.042000e+01	2.559820e+05
1.047000e+01	2.551750e+05
1.052000e+01	2.554420e+05
1.057000e+01	2.548110e+05
1.062000e+01	2.559360e+05
1.067000e+01	2.549170e+05
1.072000e+01	2.647200e+05
1.077100e+01	2.624690e+05
1.082000e+01	2.624070e+05
1.087100e+01	2.601040e+05
1.092100e+01	2.595160e+05
1.097100e+01	2.598270e+05
1.102100e+01	2.587540e+05
1.107100e+01	2.587370e+05
1.112100e+01	2.576270e+05
1.117100e+01	2.581370e+05
1.122100e+01	2.572480e+05
1.127100e+01	2.575050e+05
1.132200e+01	2.574380e+05
1.137200e+01	2.578420e+05
1.142100e+01	2.563370e+05
1.147100e+01	2.567660e+05
1.152200e+01	2.557970e+05
1.157200e+01	2.569690e+05
1.162200e+01	2.565860e+05
1.167200e+01	2.578050e+05
1.172200e+01	2.640970e+05
1.177300e+01	2.639070e+05
1.182300e+01	2.626460e+05
1.187300e+01	2.617960e+05
1.192300e+01	2.608360e+05
1.197200e+01	2.604500e+05
1.202200e+01	2.593970e+05
1.207300e+01	2.590010e+05
1.212300e+01	2.595050e+05
1.217400e+01	2.583910e+05
1.222300e+01	2.590420e+05
1.227300e+01	2.569690e+05
1.232400e+01	2.584790e+05
1.237400e+01	2.571360e+05
1.242400e+01	2.587110e+05
1.247400e+01	2.564750e+05
1.252400e+01	2.578940e+05
1.257400e+01	2.565890e+05
1.262400e+01	2.575820e+05
1.267400e+01	2.583070e+05
1.272400e+01	2.663000e+05
1.277400e+01	2.652650e+05
1.282400e+01	2.637360e+05
1.287400e+01	2.619670e+05
1.292500e+01	2.619460e+05
1.297400e+01	2.617590e+05
1.302400e+01	2.613740e+05
1.307500e+01	2.601400e+05
1.312500e+01	2.586390e+05
1.317500e+01	2.597490e+05
1.322500e+01	2.588570e+05
1.327500e+01	2.604660e+05
1.332500e+01	2.578370e+05
1.337600e+01	2.599040e+05
1.342500e+01	2.572290e+05
1.347500e+01	2.586240e+05
1.352500e+01	2.580010e+05
1.357600e+01	2.585470e+05
1.362500e+01	2.581480e+05
1.367600e+01	2.589860e+05
1.372600e+01	2.660300e+05
1.377600e+01	2.654110e+05
1.382600e+01	2.654330e+05
1.387600e+01	2.632880e+05
1.392700e+01	2.628700e+05
1.397600e+01	2.614070e+05
1.402600e+01	2.623150e+05
1.407600e+01	2.603870e+05
1.412700e+01	2.614220e+05
1.417700e+01	2.607030e+05
1.422700e+01	2.602080e+05
1.427700e+01	2.592360e+05
1.432700e+01	2.596290e+05
1.437700e+01	2.597800e+05
1.442800e+01	2.602130e+05
1.447700e+01	2.589570e+05
1.452800e+01	2.598290e+05
1.457800e+01	2.578490e+05
1.462700e+01	2.591090e+05
1.467800e+01	2.612390e+05
1.472800e+01	2.680670e+05
1.477800e+01	2.678010e+05
1.482800e+01	2.634710e+05
1.487800e+01	2.648430e+05
1.492800e+01	2.639020e+05
1.497800e+01	2.637050e+05
1.502800e+01	2.632450e+05
1.507800e+01	2.619040e+05
1.512800e+01	2.619820e+05
1.517900e+01	2.617310e+05
1.522900e+01	2.616150e+05
1.527900e+01	2.610160e+05
1.532900e+01	2.609560e+05
1.538000e+01	2.604410e+05
1.542900e+01	2.609490e+05
1.547900e+01	2.597940e+05
1.552900e+01	2.611480e+05
1.557900e+01	2.594570e+05
1.563000e+01	2.603690e+05
1.568000e+01	2.621130e+05
1.572900e+01	2.692360e+05
1.578000e+01	2.677930e+05
1.583000e+01	2.669740e+05
1.588000e+01	2.655030e+05
1.593000e+01	2.648170e+05
1.598000e+01	2.633600e+05
1.603100e+01	2.642110e+05
1.608100e+01	2.633400e+05
1.613000e+01	2.628200e+05
1.618100e+01	2.629260e+05
1.623100e+01	2.607350e+05
1.628000e+01	2.623320e+05
1.633100e+01	2.609650e+05
1.638100e+01	2.619550e+05
1.643100e+01	2.617460e+05
1.648100e+01	2.602270e+05
1.653200e+01	2.605060e+05
1.658100e+01	2.609190e+05
1.663100e+01	2.613560e+05
1.668100e+01	2.638890e+05
1.673100e+01	2.690240e+05
1.678200e+01	2.692260e+05
1.683200e+01	2.671490e+05
1.688200e+01	2.668750e+05
1.693200e+01	2.664190e+05
1.698200e+01	2.655190e+05
1.703200e+01	2.646870e+05
1.708200e+01	2.638340e+05
1.713200e+01	2.637900e+05
1.718300e+01	2.635060e+05
1.723200e+01	2.642020e+05
1.728200e+01	2.625660e+05
1.733200e+01	2.629570e+05
1.738300e+01	2.619670e+05
1.743300e+01	2.625150e+05
1.748300e+01	2.624230e+05
1.753300e+01	2.619230e+05
1.758300e+01	2.623550e+05
1.763400e+01	2.618530e+05
1.768300e+01	2.641820e+05
1.773300e+01	2.709150e+05
1.778300e+01	2.699940e+05
1.783300e+01	2.692030e+05
1.788300e+01	2.673220e+05
1.793400e+01	2.667140e+05
1.798400e+01	2.664250e+05
1.803400e+01	2.655990e+05
1.808500e+01	2.664180e+05
1.813400e+01	2.641280e+05
1.818400e+01	2.647240e+05
1.823500e+01	2.636580e+05
1.828400e+01	2.640130e+05
1.833400e+01	2.646040e+05
1.838400e+01	2.633340e+05
1.843500e+01	2.634350e+05
1.848500e+01	2.626390e+05
1.853500e+01	2.624060e+05
1.858500e+01	2.640550e+05
1.863500e+01	2.636170e+05
1.868500e+01	2.664460e+05
1.873500e+01	2.719820e+05
1.878500e+01	2.701680e+05
1.883500e+01	2.693570e+05
1.888600e+01	2.679190e+05
1.893500e+01	2.682750e+05
1.898600e+01	2.661950e+05
1.903600e+01	2.668670e+05
1.908600e+01	2.648640e+05
1.913600e+01	2.659240e+05
1.918600e+01	2.654700e+05
1.923600e+01	2.652840e+05
1.928700e+01	2.650400e+05
1.933600e+01	2.641320e+05
1.938600e+01	2.636720e+05
1.943600e+01	2.674070e+05
1.948600e+01	2.636000e+05
1.953700e+01	2.651460e+05
1.958700e+01	2.631080e+05
1.963700e+01	2.637430e+05
1.968700e+01	2.656050e+05
1.973800e+01	2.719780e+05
1.978700e+01	2.718480e+05
1.983700e+01	2.695390e+05
1.988700e+01	2.692610e+05
1.993700e+01	2.671130e+05
1.998800e+01	2.686110e+05
2.003700e+01	2.672350e+05
2.008700e+01	2.672300e+05
2.013800e+01	2.661020e+05
2.018800e+01	2.660080e+05
2.023800e+01	2.652210e+05
2.028900e+01	2.661060e+05
2.033800e+01	2.645320e+05
2.038800e+01	2.655340e+05
2.043800e+01	2.647240e+05
2.048900e+01	2.645930e+05
2.053900e+01	2.651900e+05
2.058900e+01	2.633690e+05
2.063900e+01	2.652590e+05
2.068800e+01	2.670400e+05
2.073900e+01	2.739610e+05
2.079000e+01	2.714100e+05
2.083900e+01	2.714730e+05
2.088900e+01	2.689450e+05
2.094000e+01	2.692260e+05
2.099000e+01	2.681730e+05
2.104000e+01	2.683680e+05
2.108900e+01	2.668360e+05
2.113900e+01	2.682460e+05
2.119000e+01	2.665780e+05
2.124000e+01	2.674010e+05
2.129000e+01	2.656210e+05
2.134000e+01	2.661950e+05
2.139100e+01	2.651010e+05
2.144000e+01	2.653150e+05
2.149000e+01	2.666600e+05
2.154000e+01	2.648740e+05
2.159100e+01	2.657740e+05
2.164100e+01	2.644720e+05
2.169100e+01	2.690710e+05
2.174100e+01	2.736040e+05
2.179100e+01	2.727350e+05
2.184100e+01	2.706630e+05
2.189100e+01	2.709240e+05
2.194100e+01	2.686170e+05
2.199100e+01	2.697510e+05
2.204200e+01	2.683270e+05
2.209200e+01	2.687320e+05
2.214200e+01	2.668770e+05
2.219200e+01	2.673730e+05
2.224200e+01	2.667590e+05
2.229200e+01	2.662480e+05
2.234200e+01	2.673280e+05
2.239200e+01	2.662350e+05
2.244200e+01	2.666660e+05
2.249200e+01	2.646730e+05
2.254300e+01	2.664910e+05
2.259200e+01	2.649600e+05
2.264300e+01	2.659880e+05
2.269300e+01	2.691110e+05
2.274300e+01	2.736130e+05
2.279300e+01	2.717670e+05
2.284300e+01	2.722390e+05
2.289200e+01	2.696190e+05
2.294300e+01	2.701200e+05
2.299300e+01	2.691250e+05
2.304300e+01	2.695450e+05
2.309400e+01	2.680280e+05
2.314300e+01	2.671250e+05
2.319400e+01	2.674760e+05
2.324400e+01	2.666550e+05
2.329400e+01	2.673320e+05
2.334400e+01	2.652910e+05
2.339400e+01	2.677970e+05
2.344400e+01	2.660590e+05
2.349400e+01	2.667330e+05
2.354400e+01	2.655060e+05
2.359400e+01	2.665950e+05
2.364400e+01	2.661940e+05
2.369400e+01	2.698830e+05
2.374400e+01	2.737820e+05
2.379400e+01	2.730530e+05
2.384500e+01	2.714820e+05
2.389500e+01	2.708800e+05
2.394500e+01	2.694750e+05
2.399500e+01	2.705610e+05
2.404500e+01	2.687860e+05
2.409500e+01	2.685600e+05
2.414600e+01	2.675890e+05
2.419500e+01	2.671300e+05
2.424600e+01	2.690350e+05
2.429600e+01	2.670660e+05
2.434500e+01	2.673150e+05
2.439600e+01	2.656660e+05
2.444600e+01	2.669090e+05
2.449600e+01	2.659200e+05
2.454700e+01	2.677590e+05
2.459600e+01	2.662900e+05
2.464600e+01	2.671270e+05
2.469700e+01	2.696690e+05
2.474600e+01	2.741360e+05
2.479700e+01	2.721830e+05
2.484700e+01	2.724390e+05
2.489700e+01	2.703320e+05
2.494600e+01	2.699450e+05
2.499700e+01	2.686470e+05
2.504700e+01	2.690770e+05
2.509700e+01	2.685300e+05
2.514700e+01	2.676220e+05
2.519700e+01	2.679890e+05
2.524700e+01	2.664320e+05
2.529700e+01	2.677790e+05
2.534700e+01	2.656950e+05
2.539800e+01	2.677510e+05
2.544800e+01	2.663370e+05
2.549700e+01	2.662810e+05
2.554800e+01	2.660930e+05
2.559800e+01	2.649850e+05
2.564800e+01	2.670630e+05
2.569800e+01	2.701200e+05
2.574800e+01	2.740700e+05
2.579900e+01	2.726120e+05
2.584900e+01	2.706590e+05
2.589900e+01	2.697140e+05
2.594900e+01	2.693700e+05
2.599900e+01	2.690220e+05
2.604900e+01	2.689730e+05
2.609900e+01	2.668510e+05
2.614900e+01	2.677840e+05
2.620000e+01	2.666670e+05
2.624900e+01	2.672530e+05
2.629900e+01	2.669090e+05
2.635000e+01	2.663060e+05
2.640000e+01	2.658660e+05
2.645000e+01	2.661240e+05
2.650000e+01	2.651410e+05
2.655000e+01	2.666760e+05
2.660000e+01	2.655610e+05
2.665000e+01	2.657580e+05
2.670000e+01	2.692510e+05
2.675000e+01	2.726630e+05
2.680000e+01	2.723730e+05
2.685000e+01	2.693580e+05
2.690100e+01	2.701140e+05
2.695000e+01	2.672640e+05
2.700100e+01	2.681350e+05
2.705000e+01	2.674440e+05
2.710100e+01	2.669720e+05
2.715100e+01	2.671040e+05
2.720100e+01	2.661220e+05
2.725100e+01	2.658010e+05
2.730200e+01	2.651950e+05
2.735100e+01	2.649910e+05
2.740100e+01	2.656440e+05
2.745100e+01	2.653370e+05
2.750200e+01	2.655960e+05
2.755200e+01	2.641610e+05
2.760200e+01	2.647490e+05
2.765200e+01	2.655550e+05
2.770200e+01	2.689240e+05
2.775200e+01	2.724020e+05
2.780200e+01	2.699860e+05
2.785200e+01	2.692670e+05
2.790200e+01	2.681700e+05
2.795200e+01	2.672860e+05
2.800300e+01	2.676800e+05
2.805300e+01	2.658790e+05
2.810300e+01	2.660100e+05
2.815300e+01	2.654090e+05
2.820300e+01	2.651680e+05
2.825300e+01	2.665790e+05
2.830300e+01	2.644660e+05
2.835300e+01	2.641860e+05
2.840300e+01	2.655260e+05
2.845300e+01	2.652500e+05
2.850300e+01	2.649970e+05
2.855300e+01	2.636180e+05
2.860300e+01	2.641960e+05
2.865400e+01	2.627050e+05
2.870400e+01	2.680970e+05
2.875400e+01	2.706920e+05
2.880400e+01	2.697060e+05
2.885400e+01	2.682820e+05
2.890500e+01	2.667970e+05
2.895400e+01	2.653430e+05
2.900400e+01	2.657880e+05
2.905400e+01	2.650050e+05
2.910400e+01	2.648420e+05
2.915500e+01	2.647800e+05
2.920500e+01	2.635790e+05
2.925500e+01	2.639010e+05
2.930500e+01	2.623680e+05
2.935500e+01	2.635820e+05
2.940600e+01	2.624270e+05
2.945500e+01	2.628240e+05
2.950500e+01	2.620220e+05
2.955600e+01	2.627790e+05
2.960500e+01	2.621420e+05
2.965500e+01	2.632060e+05
2.970500e+01	2.669420e+05
2.975600e+01	2.691080e+05
2.980600e+01	2.661450e+05
2.985500e+01	2.672840e+05
2.990500e+01	2.649570e+05
2.995600e+01	2.652730e+05
3.000600e+01	2.640100e+05
3.005600e+01	2.627400e+05
3.010600e+01	2.631130e+05
3.015700e+01	2.627110e+05
3.020600e+01	2.637010e+05
3.025700e+01	2.616030e+05
3.030700e+01	2.617620e+05
3.035700e+01	2.605320e+05
3.040700e+01	2.619090e+05
3.045700e+01	2.609590e+05
3.050700e+01	2.620410e+05
3.055800e+01	2.608080e+05
3.060800e+01	2.610500e+05
3.065700e+01	2.606010e+05
3.070700e+01	2.663920e+05
3.075800e+01	2.671760e+05
3.080800e+01	2.657310e+05
3.085800e+01	2.643190e+05
3.090800e+01	2.635860e+05
3.095800e+01	2.621800e+05
3.100800e+01	2.630350e+05
3.105800e+01	2.621990e+05
3.110800e+01	2.614430e+05
3.115800e+01	2.609240e+05
3.120900e+01	2.599510e+05
3.125900e+01	2.608480e+05
3.130900e+01	2.597160e+05
3.135900e+01	2.603160e+05
3.140900e+01	2.586780e+05
3.145900e+01	2.598730e+05
3.150900e+01	2.588470e+05
3.155900e+01	2.590830e+05
3.161000e+01	2.591260e+05
3.165900e+01	2.587790e+05
3.170900e+01	2.639160e+05
3.175900e+01	2.643600e+05
3.181000e+01	2.634400e+05
3.186000e+01	2.621000e+05
3.191000e+01	2.615840e+05
3.196000e+01	2.601790e+05
3.201000e+01	2.603630e+05
3.206000e+01	2.596090e+05
3.211000e+01	2.594160e+05
3.216000e+01	2.576990e+05
3.221000e+01	2.583430e+05
3.226100e+01	2.581620e+05
3.231100e+01	2.576580e+05
3.236100e+01	2.574260e+05
3.241100e+01	2.578370e+05
3.246000e+01	2.575910e+05
3.251100e+01	2.580170e+05
3.256100e+01	2.575590e+05
3.261100e+01	2.570920e+05
3.266100e+01	2.572820e+05
3.271100e+01	2.623260e+05
3.276200e+01	2.625630e+05
3.281100e+01	2.605130e+05
3.286100e+01	2.606300e+05
3.291200e+01	2.587680e+05
3.296100e+01	2.594690e+05
3.301200e+01	2.574790e+05
3.306200e+01	2.589210e+05
3.311200e+01	2.565320e+05
3.316200e+01	2.557150e+05
3.321200e+01	2.561370e+05
3.326200e+01	2.557620e+05
3.331300e+01	2.565940e+05
3.336200e+01	2.553850e+05
3.341300e+01	2.555850e+05
3.346300e+01	2.541340e+05
3.351300e+01	2.540970e+05
3.356300e+01	2.546590e+05
3.361300e+01	2.555860e+05
3.366300e+01	2.541390e+05
3.371400e+01	2.604350e+05
3.376400e+01	2.591580e+05
3.381400e+01	2.624770e+05
3.386400e+01	2.580310e+05
3.391300e+01	2.576250e+05
3.396300e+01	2.552750e+05
3.401300e+01	2.557280e+05
3.406300e+01	2.544650e+05
3.411400e+01	2.542750e+05
3.416400e+01	2.544620e+05
3.421400e+01	2.543360e+05
3.426400e+01	2.539430e+05
3.431500e+01	2.524590e+05
3.436400e+01	2.537300e+05
3.441500e+01	2.524200e+05
3.446400e+01	2.539310e+05
3.451500e+01	2.520280e+05
3.456400e+01	2.531270e+05
3.461500e+01	2.518580e+05
3.466500e+01	2.528660e+05
3.471500e+01	2.573100e+05
3.476500e+01	2.580140e+05
3.481500e+01	2.553050e+05
3.486500e+01	2.548030e+05
3.491500e+01	2.537400e+05
3.496600e+01	2.528950e+05
3.501600e+01	2.533900e+05
3.506600e+01	2.530610e+05
3.511600e+01	2.514870e+05
3.516600e+01	2.515540e+05
3.521600e+01	2.504310e+05
3.526600e+01	2.525340e+05
3.531600e+01	2.509220e+05
3.536600e+01	2.500250e+05
3.541700e+01	2.507250e+05
3.546700e+01	2.492010e+05
3.551700e+01	2.507140e+05
3.556700e+01	2.497650e+05
3.561700e+01	2.505370e+05
3.566700e+01	2.505090e+05
3.571800e+01	2.537220e+05
3.576700e+01	2.544800e+05
3.581700e+01	2.529210e+05
3.586700e+01	2.528690e+05
3.591800e+01	2.521440e+05
3.596800e+01	2.500860e+05
3.601800e+01	2.503450e+05
3.606800e+01	2.497910e+05
3.611800e+01	2.494560e+05
3.616800e+01	2.489460e+05
3.621800e+01	2.491530e+05
3.626700e+01	2.482470e+05
3.631800e+01	2.477130e+05
3.636800e+01	2.488900e+05
3.641900e+01	2.473410e+05
3.646800e+01	2.485520e+05
3.651800e+01	2.473990e+05
3.656800e+01	2.480970e+05
3.661900e+01	2.466410e+05
3.666900e+01	2.478330e+05
3.672000e+01	2.530560e+05
3.676900e+01	2.519830e+05
3.682000e+01	2.512520e+05
3.686900e+01	2.494560e+05
3.691900e+01	2.489860e+05
3.696900e+01	2.483330e+05
3.701900e+01	2.482710e+05
3.706900e+01	2.477490e+05
3.712000e+01	2.471300e+05
3.717000e+01	2.456920e+05
3.722000e+01	2.474330e+05
3.727000e+01	2.449470e+05
3.732000e+01	2.468480e+05
3.736900e+01	2.446270e+05
3.742000e+01	2.457550e+05
3.747000e+01	2.450550e+05
3.752000e+01	2.453670e+05
3.757000e+01	2.454820e+05
3.762100e+01	2.452440e+05
3.767100e+01	2.457660e+05
3.772200e+01	2.492110e+05
3.777000e+01	2.497790e+05
3.782100e+01	2.480110e+05
3.787100e+01	2.481610e+05
3.792100e+01	2.458970e+05
3.797100e+01	2.460290e+05
3.802100e+01	2.444040e+05
3.807100e+01	2.455970e+05
3.812100e+01	2.437360e+05
3.817100e+01	2.441620e+05
3.822100e+01	2.433930e+05
3.827200e+01	2.442150e+05
3.832200e+01	2.429160e+05
3.837200e+01	2.439040e+05
3.842200e+01	2.428720e+05
3.847200e+01	2.434790e+05
3.852300e+01	2.419760e+05
3.857200e+01	2.426240e+05
3.862300e+01	2.424880e+05
3.867300e+01	2.430650e+05
3.872200e+01	2.474230e+05
3.877300e+01	2.456100e+05
3.882300e+01	2.456570e+05
3.887300e+01	2.436360e+05
3.892300e+01	2.440440e+05
3.897300e+01	2.423340e+05
3.902300e+01	2.429690e+05
3.907400e+01	2.413110e+05
3.912400e+01	2.417440e+05
3.917300e+01	2.407980e+05
3.922300e+01	2.412340e+05
3.927400e+01	2.408700e+05
3.932400e+01	2.410920e+05
3.937400e+01	2.397970e+05
3.942400e+01	2.407550e+05
3.947400e+01	2.394860e+05
3.952400e+01	2.406180e+05
3.957400e+01	2.400450e+05
3.962500e+01	2.395790e+05
3.967500e+01	2.398780e+05
3.972400e+01	2.439120e+05
3.977400e+01	2.441570e+05
3.982400e+01	2.422340e+05
3.987500e+01	2.414970e+05
3.992500e+01	2.406400e+05
3.997500e+01	2.400230e+05
4.002500e+01	2.395820e+05
4.007500e+01	2.399690e+05
4.012600e+01	2.387390e+05
4.017500e+01	2.389350e+05
4.022600e+01	2.374520e+05
4.027500e+01	2.387120e+05
4.032600e+01	2.376200e+05
4.037600e+01	2.377230e+05
4.042600e+01	2.382450e+05
4.047600e+01	2.373530e+05
4.052600e+01	2.367320e+05
4.057600e+01	2.368650e+05
4.062600e+01	2.362700e+05
4.067600e+01	2.382610e+05
4.072700e+01	2.416040e+05
4.077700e+01	2.412420e+05
4.082600e+01	2.402540e+05
4.087700e+01	2.386500e+05
4.092700e+01	2.383900e+05
4.097700e+01	2.376220e+05
4.102700e+01	2.366200e+05
4.107700e+01	2.375350e+05
4.112800e+01	2.358170e+05
4.117700e+01	2.365470e+05
4.122700e+01	2.356530e+05
4.127700e+01	2.360700e+05
4.132700e+01	2.350820e+05
4.137800e+01	2.350790e+05
4.142800e+01	2.350440e+05
4.147800e+01	2.350720e+05
4.152800e+01	2.346950e+05
4.157700e+01	2.347460e+05
4.162800e+01	2.347090e+05
4.167800e+01	2.345540e+05
4.172900e+01	2.405880e+05
4.177800e+01	2.372700e+05
4.182900e+01	2.388120e+05
4.187900e+01	2.352270e+05
4.192900e+01	2.364970e+05
4.197900e+01	2.344330e+05
4.202900e+01	2.351450e+05
4.207800e+01	2.345430e+05
4.212900e+01	2.345860e+05
4.217900e+01	2.332760e+05
4.222900e+01	2.340570e+05
4.228000e+01	2.324930e+05
4.232900e+01	2.340480e+05
4.237900e+01	2.326170e+05
4.243000e+01	2.330110e+05
4.248000e+01	2.324310e+05
4.253000e+01	2.324860e+05
4.258000e+01	2.324910e+05
4.263000e+01	2.324880e+05
4.267900e+01	2.340010e+05
4.273100e+01	2.369230e+05
4.278000e+01	2.361240e+05
4.283100e+01	2.342710e+05
4.288000e+01	2.352970e+05
4.293100e+01	2.333930e+05
4.298100e+01	2.335750e+05
4.303100e+01	2.319360e+05
4.308000e+01	2.329050e+05
4.313100e+01	2.310980e+05
4.318100e+01	2.318620e+05
4.323200e+01	2.312640e+05
4.328100e+01	2.315690e+05
4.333200e+01	2.308600e+05
4.338200e+01	2.306570e+05
4.343200e+01	2.304770e+05
4.348100e+01	2.304360e+05
4.353200e+01	2.316610e+05
4.358100e+01	2.296070e+05
4.363200e+01	2.303720e+05
4.368200e+01	2.301890e+05
4.373200e+01	2.358510e+05
4.378300e+01	2.338160e+05
4.383200e+01	2.345090e+05
4.388200e+01	2.313980e+05
4.393300e+01	2.318910e+05
4.398200e+01	2.299220e+05
4.403300e+01	2.320600e+05
4.408300e+01	2.295700e+05
4.413200e+01	2.312240e+05
4.418200e+01	2.285150e+05
4.423300e+01	2.296140e+05
4.428300e+01	2.287620e+05
4.433300e+01	2.295100e+05
4.438400e+01	2.293770e+05
4.443300e+01	2.279680e+05
4.448300e+01	2.290510e+05
4.453400e+01	2.278150e+05
4.458400e+01	2.288600e+05
4.463300e+01	2.274140e+05
4.468300e+01	2.297730e+05
4.473500e+01	2.323780e+05
4.478400e+01	2.329480e+05
4.483400e+01	2.300250e+05
4.488400e+01	2.323030e+05
4.493400e+01	2.284220e+05
4.498500e+01	2.309350e+05
4.503400e+01	2.268430e+05
4.508500e+01	2.296130e+05
4.513500e+01	2.273100e+05
4.518500e+01	2.284850e+05
4.523500e+01	2.274880e+05
4.528500e+01	2.269110e+05
4.533500e+01	2.275730e+05
4.538500e+01	2.257690e+05
4.543500e+01	2.275980e+05
4.548500e+01	2.264570e+05
4.553500e+01	2.278100e+05
4.558600e+01	2.260620e+05
4.563600e+01	2.266880e+05
4.568600e+01	2.269490e+05
4.573600e+01	2.334780e+05
4.578600e+01	2.300880e+05
4.583600e+01	2.306110e+05
4.588600e+01	2.278550e+05
4.593600e+01	2.285970e+05
4.598600e+01	2.275230e+05
4.603600e+01	2.275840e+05
4.608700e+01	2.273400e+05
4.613700e+01	2.264810e+05
4.618700e+01	2.267500e+05
4.623600e+01	2.263640e+05
4.628700e+01	2.266510e+05
4.633700e+01	2.256740e+05
4.638700e+01	2.261010e+05
4.643700e+01	2.257770e+05
4.648700e+01	2.253840e+05
4.653700e+01	2.251420e+05
4.658700e+01	2.253320e+05
4.663700e+01	2.251890e+05
4.668700e+01	2.271900e+05
4.673800e+01	2.303200e+05
4.678800e+01	2.285840e+05
4.683800e+01	2.288040e+05
4.688800e+01	2.284720e+05
4.693900e+01	2.280980e+05
4.698800e+01	2.258260e+05
4.703800e+01	2.263450e+05
4.708800e+01	2.254350e+05
4.713800e+01	2.266450e+05
4.718800e+01	2.251620e+05
4.723900e+01	2.254740e+05
4.728900e+01	2.251670e+05
4.733900e+01	2.252060e+05
4.738900e+01	2.245370e+05
4.743900e+01	2.245720e+05
4.748900e+01	2.238570e+05
4.754000e+01	2.247890e+05
4.758900e+01	2.231220e+05
4.763900e+01	2.242320e+05
4.768900e+01	2.260380e+05
4.773900e+01	2.301040e+05
4.778900e+01	2.289030e+05
4.784000e+01	2.271410e+05
4.789000e+01	2.270980e+05
4.794000e+01	2.260190e+05
4.799000e+01	2.260500e+05
4.804000e+01	2.250990e+05
4.809000e+01	2.251970e+05
4.814100e+01	2.242770e+05
4.819000e+01	2.243980e+05
4.824000e+01	2.237330e+05
4.829000e+01	2.243060e+05
4.834100e+01	2.236990e+05
4.839100e+01	2.235230e+05
4.844100e+01	2.233090e+05
4.849200e+01	2.232220e+05
4.854100e+01	2.235590e+05
4.859100e+01	2.233090e+05
4.864200e+01	2.234480e+05
4.869100e+01	2.254040e+05
4.874200e+01	2.286650e+05
4.879100e+01	2.277540e+05
4.884200e+01	2.269830e+05
4.889200e+01	2.263820e+05
4.894200e+01	2.257820e+05
4.899200e+01	2.245240e+05
4.904200e+01	2.250490e+05
4.909200e+01	2.242010e+05
4.914200e+01	2.255700e+05
4.919200e+01	2.232510e+05
4.924200e+01	2.241040e+05
4.929300e+01	2.227430e+05
4.934200e+01	2.240360e+05
4.939300e+01	2.233450e+05
4.944300e+01	2.238970e+05
4.949300e+01	2.221970e+05
4.954300e+01	2.230710e+05
4.959300e+01	2.219430e+05
4.964300e+01	2.232890e+05
4.969300e+01	2.256890e+05
4.974300e+01	2.300210e+05
4.979300e+01	2.275600e+05
4.984300e+01	2.264240e+05
4.989300e+01	2.266940e+05
4.994400e+01	2.255040e+05
4.999300e+01	2.257010e+05
5.004400e+01	2.246950e+05
5.009400e+01	2.248870e+05
5.014400e+01	2.235400e+05
5.019400e+01	2.240340e+05
5.024400e+01	2.232040e+05
5.029400e+01	2.238850e+05
5.034500e+01	2.228120e+05
5.039500e+01	2.230690e+05
5.044500e+01	2.224930e+05
5.049400e+01	2.231690e+05
5.054600e+01	2.230390e+05
5.059500e+01	2.227210e+05
5.064500e+01	2.230540e+05
5.069500e+01	2.251160e+05
5.074600e+01	2.295220e+05
5.079500e+01	2.267600e+05
5.084500e+01	2.276140e+05
5.089600e+01	2.267250e+05
5.094500e+01	2.258900e+05
5.099600e+01	2.253320e+05
5.104600e+01	2.245080e+05
5.109500e+01	2.247420e+05
5.114600e+01	2.244430e+05
5.119600e+01	2.237610e+05
5.124600e+01	2.240250e+05
5.129600e+01	2.224040e+05
5.134600e+01	2.242140e+05
5.139700e+01	2.232910e+05
5.144600e+01	2.234770e+05
5.149600e+01	2.233770e+05
5.154700e+01	2.226640e+05
5.159600e+01	2.228540e+05
5.164700e+01	2.222880e+05
5.169700e+01	2.279310e+05
5.174700e+01	2.296130e+05
5.179600e+01	2.288960e+05
5.184800e+01	2.268780e+05
5.189700e+01	2.270510e+05
5.194800e+01	2.268970e+05
5.199800e+01	2.254750e+05
5.204800e+01	2.252430e+05
5.209700e+01	2.250350e+05
5.214700e+01	2.243760e+05
5.219700e+01	2.246200e+05
5.224800e+01	2.237640e+05
5.229800e+01	2.246150e+05
5.234800e+01	2.241850e+05
5.239800e+01	2.235310e+05
5.244800e+01	2.238800e+05
5.249900e+01	2.232710e+05
5.254900e+01	2.245030e+05
5.259900e+01	2.236780e+05
5.264800e+01	2.238830e+05
5.269800e+01	2.268310e+05
5.274900e+01	2.306660e+05
5.279900e+01	2.297160e+05
5.284900e+01	2.284850e+05
5.289900e+01	2.274210e+05
5.295000e+01	2.279520e+05
5.299900e+01	2.255660e+05
5.305000e+01	2.266800e+05
5.309900e+01	2.252080e+05
5.314900e+01	2.261940e+05
5.320000e+01	2.252140e+05
5.325000e+01	2.245420e+05
5.329900e+01	2.249340e+05
5.335000e+01	2.243120e+05
5.340000e+01	2.254050e+05
5.345100e+01	2.242780e+05
5.350100e+01	2.250740e+05
5.355000e+01	2.237050e+05
5.360000e+01	2.241640e+05
5.365000e+01	2.238720e+05
5.370100e+01	2.308290e+05
5.375100e+01	2.324220e+05
5.380100e+01	2.309260e+05
5.385100e+01	2.291150e+05
5.390100e+01	2.288180e+05
5.395100e+01	2.279490e+05
5.400100e+01	2.280830e+05
5.405100e+01	2.267650e+05
5.410100e+01	2.261160e+05
5.415200e+01	2.267110e+05
5.420200e+01	2.262430e+05
5.425200e+01	2.265690e+05
5.430200e+01	2.251710e+05
5.435200e+01	2.264130e+05
5.440200e+01	2.248700e+05
5.445200e+01	2.266200e+05
5.450200e+01	2.249340e+05
5.455300e+01	2.262460e+05
5.460300e+01	2.251030e+05
5.465300e+01	2.255780e+05
5.470300e+01	2.302990e+05
5.475300e+01	2.331250e+05
5.480200e+01	2.315710e+05
5.485300e+01	2.311340e+05
5.490300e+01	2.296890e+05
5.495300e+01	2.295020e+05
5.500300e+01	2.282420e+05
5.505400e+01	2.287170e+05
5.510400e+01	2.279250e+05
5.515300e+01	2.300830e+05
5.520400e+01	2.282700e+05
5.525400e+01	2.270050e+05
5.530400e+01	2.271560e+05
5.535300e+01	2.266580e+05
5.540400e+01	2.273230e+05
5.545400e+01	2.259700e+05
5.550400e+01	2.265570e+05
5.555400e+01	2.265630e+05
5.560400e+01	2.273520e+05
5.565400e+01	2.266870e+05
5.570400e+01	2.326070e+05
5.575500e+01	2.337130e+05
5.580500e+01	2.322770e+05
5.585400e+01	2.315070e+05
5.590500e+01	2.308850e+05
5.595500e+01	2.308430e+05
5.600500e+01	2.293530e+05
5.605600e+01	2.297850e+05
5.610400e+01	2.281360e+05
5.615600e+01	2.294870e+05
5.620600e+01	2.288040e+05
5.625600e+01	2.291100e+05
5.630600e+01	2.286670e+05
5.635500e+01	2.276320e+05
5.640500e+01	2.279720e+05
5.645600e+01	2.277490e+05
5.650600e+01	2.280990e+05
5.655500e+01	2.277440e+05
5.660700e+01	2.280170e+05
5.665600e+01	2.273340e+05
5.670600e+01	2.325660e+05
5.675700e+01	2.358850e+05
5.680600e+01	2.335640e+05
5.685700e+01	2.335010e+05
5.690700e+01	2.313210e+05
5.695700e+01	2.312310e+05
5.700600e+01	2.313820e+05
5.705700e+01	2.301680e+05
5.710600e+01	2.312570e+05
5.715700e+01	2.304950e+05
5.720700e+01	2.300410e+05
5.725700e+01	2.291850e+05
5.730800e+01	2.292850e+05
5.735800e+01	2.295130e+05
5.740800e+01	2.292740e+05
5.745800e+01	2.317350e+05
5.750700e+01	2.289530e+05
5.755800e+01	2.296210e+05
5.760800e+01	2.286000e+05
5.765800e+01	2.292890e+05
5.770800e+01	2.339700e+05
5.775800e+01	2.362320e+05
5.780800e+01	2.341960e+05
5.785900e+01	2.347810e+05
5.790900e+01	2.338480e+05
5.795900e+01	2.328200e+05
5.800900e+01	2.320110e+05
5.805900e+01	2.319720e+05
5.810900e+01	2.324690e+05
5.815900e+01	2.321630e+05
5.820900e+01	2.313400e+05
5.825900e+01	2.307580e+05
5.831000e+01	2.306840e+05
5.836000e+01	2.296480e+05
5.840900e+01	2.304320e+05
5.846000e+01	2.298350e+05
5.851000e+01	2.303390e+05
5.856000e+01	2.305410e+05
5.861000e+01	2.296910e+05
5.866100e+01	2.304210e+05
5.871000e+01	2.359600e+05
5.876000e+01	2.379270e+05
5.881000e+01	2.356530e+05
5.886000e+01	2.352590e+05
5.891100e+01	2.346780e+05
5.896000e+01	2.343570e+05
5.901000e+01	2.340850e+05
5.906100e+01	2.329050e+05
5.911100e+01	2.330630e+05
5.916100e+01	2.329200e+05
5.921100e+01	2.324910e+05
5.926100e+01	2.326110e+05
5.931100e+01	2.323950e+05
5.936100e+01	2.320460e+05
5.941100e+01	2.312650e+05
5.946100e+01	2.315250e+05
5.951100e+01	2.317920e+05
5.956100e+01	2.320650e+05
5.961100e+01	2.318460e+05
5.966200e+01	2.313770e+05
5.971200e+01	2.377390e+05
5.976300e+01	2.388780e+05
5.981200e+01	2.381220e+05
5.986200e+01	2.371950e+05
5.991200e+01	2.369210e+05
5.996200e+01	2.358610e+05
6.001300e+01	2.352840e+05
6.006300e+01	2.348880e+05
6.011200e+01	2.347070e+05
6.016300e+01	2.349200e+05
6.021300e+01	2.338650e+05
6.026400e+01	2.330960e+05
6.031300e+01	2.334670e+05
6.036300e+01	2.327690e+05
6.041300e+01	2.342590e+05
6.046400e+01	2.329540e+05
6.051400e+01	2.333740e+05
6.056400e+01	2.326800e+05
6.061300e+01	2.325860e+05
6.066400e+01	2.328540e+05
6.071400e+01	2.396040e+05
6.076300e+01	2.405550e+05
6.081400e+01	2.386690e+05
6.086400e+01	2.374250e+05
6.091400e+01	2.379550e+05
6.096500e+01	2.367160e+05
6.101500e+01	2.366340e+05
6.106400e+01	2.357630e+05
6.111500e+01	2.359000e+05
6.116500e+01	2.361320e+05
6.121500e+01	2.342290e+05
6.126500e+01	2.357460e+05
6.131500e+01	2.335680e+05
6.136500e+01	2.360740e+05
6.141500e+01	2.340880e+05
6.146600e+01	2.374110e+05
6.151600e+01	2.350280e+05
6.156500e+01	2.348160e+05
6.161500e+01	2.347510e+05
6.166500e+01	2.339160e+05
6.171600e+01	2.413520e+05
6.176600e+01	2.417590e+05
6.181600e+01	2.408060e+05
6.186600e+01	2.400540e+05
6.191600e+01	2.393540e+05
6.196600e+01	2.379210e+05
6.201600e+01	2.380760e+05
6.206600e+01	2.368350e+05
6.211600e+01	2.382130e+05
6.216600e+01	2.369920e+05
6.221600e+01	2.373860e+05
6.226700e+01	2.349510e+05
6.231600e+01	2.363570e+05
6.236700e+01	2.358890e+05
6.241700e+01	2.363800e+05
6.246700e+01	2.358560e+05
6.251700e+01	2.364390e+05
6.256700e+01	2.353290e+05
6.261700e+01	2.351950e+05
6.266800e+01	2.359210e+05
6.271800e+01	2.426630e+05
6.276700e+01	2.438050e+05
6.281800e+01	2.406870e+05
6.286800e+01	2.407910e+05
6.291800e+01	2.397050e+05
6.296800e+01	2.400960e+05
6.301800e+01	2.391490e+05
6.306800e+01	2.387970e+05
6.311800e+01	2.375120e+05
6.316900e+01	2.384620e+05
6.321800e+01	2.367770e+05
6.326800e+01	2.384040e+05
6.331900e+01	2.368350e+05
6.336900e+01	2.372820e+05
6.341900e+01	2.373470e+05
6.346900e+01	2.360000e+05
6.351900e+01	2.373780e+05
6.356900e+01	2.369220e+05
6.362000e+01	2.369180e+05
6.366900e+01	2.367210e+05
6.371900e+01	2.436390e+05
6.376900e+01	2.442790e+05
6.382000e+01	2.436610e+05
6.387000e+01	2.417490e+05
6.391900e+01	2.417750e+05
6.397000e+01	2.400480e+05
6.402000e+01	2.409540e+05
6.407000e+01	2.396090e+05
6.412100e+01	2.402520e+05
6.417000e+01	2.399380e+05
6.422000e+01	2.388070e+05
6.427100e+01	2.384860e+05
6.432100e+01	2.386590e+05
6.437100e+01	2.379380e+05
6.442100e+01	2.393180e+05
6.447100e+01	2.377180e+05
6.452100e+01	2.383350e+05
6.457100e+01	2.371300e+05
6.462100e+01	2.379210e+05
6.467100e+01	2.384740e+05
6.472100e+01	2.461500e+05
6.477200e+01	2.461980e+05
6.482100e+01	2.440030e+05
6.487200e+01	2.425780e+05
6.492100e+01	2.419730e+05
6.497200e+01	2.428400e+05
6.502200e+01	2.437810e+05
6.507200e+01	2.420220e+05
6.512200e+01	2.402380e+05
6.517200e+01	2.408270e+05
6.522200e+01	2.394990e+05
6.527200e+01	2.407380e+05
6.532300e+01	2.401620e+05
6.537300e+01	2.392110e+05
6.542200e+01	2.399400e+05
6.547200e+01	2.388960e+05
6.552200e+01	2.398380e+05
6.557300e+01	2.399700e+05
6.562200e+01	2.395130e+05
6.567300e+01	2.400860e+05
6.572300e+01	2.471090e+05
6.577300e+01	2.464210e+05
6.582300e+01	2.453750e+05
6.587300e+01	2.445370e+05
6.592300e+01	2.438820e+05
6.597300e+01	2.430020e+05
6.602400e+01	2.429170e+05
6.607400e+01	2.421650e+05
6.612400e+01	2.425820e+05
6.617400e+01	2.419840e+05
6.622400e+01	2.410020e+05
6.627500e+01	2.407670e+05
6.632400e+01	2.415000e+05
6.637500e+01	2.413150e+05
6.642500e+01	2.409200e+05
6.647400e+01	2.411350e+05
6.652400e+01	2.408140e+05
6.657400e+01	2.406280e+05
6.662500e+01	2.408960e+05
6.667500e+01	2.411460e+05
6.672500e+01	2.494020e+05
6.677600e+01	2.473500e+05
6.682500e+01	2.463360e+05
6.687500e+01	2.463210e+05
6.692500e+01	2.442430e+05
6.697500e+01	2.461250e+05
6.702600e+01	2.440510e+05
6.707600e+01	2.439710e+05
6.712600e+01	2.435350e+05
6.717600e+01	2.427610e+05
6.722600e+01	2.439270e+05
6.727600e+01	2.427670e+05
6.732600e+01	2.422990e+05
6.737700e+01	2.427820e+05
6.742600e+01	2.418750e+05
6.747600e+01	2.428450e+05
6.752700e+01	2.414500e+05
6.757700e+01	2.426290e+05
6.762700e+01	2.418040e+05
6.767700e+01	2.429610e+05
6.772700e+01	2.496510e+05
6.777700e+01	2.495860e+05
6.782700e+01	2.480640e+05
6.787700e+01	2.472400e+05
6.792700e+01	2.462430e+05
6.797700e+01	2.460850e+05
6.802800e+01	2.453040e+05
6.807800e+01	2.456780e+05
6.812700e+01	2.444200e+05
6.817800e+01	2.438680e+05
6.822700e+01	2.442110e+05
6.827700e+01	2.437990e+05
6.832800e+01	2.442850e+05
6.837800e+01	2.439980e+05
6.842800e+01	2.434310e+05
6.847900e+01	2.431960e+05
6.852800e+01	2.428300e+05
6.857900e+01	2.430980e+05
6.862900e+01	2.437440e+05
6.867800e+01	2.444760e+05
6.872900e+01	2.508500e+05
6.877900e+01	2.498830e+05
6.882900e+01	2.491310e+05
6.887900e+01	2.483900e+05
6.892900e+01	2.474480e+05
6.897900e+01	2.473140e+05
6.902900e+01	2.467170e+05
6.907900e+01	2.461470e+05
6.912900e+01	2.464450e+05
6.917900e+01	2.457640e+05
6.922900e+01	2.461860e+05
6.928000e+01	2.448850e+05
6.933000e+01	2.448800e+05
6.938100e+01	2.452570e+05
6.943000e+01	2.446030e+05
6.948000e+01	2.454800e+05
6.953000e+01	2.447720e+05
6.958100e+01	2.452890e+05
6.963000e+01	2.442360e+05
6.968100e+01	2.469660e+05
6.973100e+01	2.518890e+05
6.978100e+01	2.518300e+05
6.983100e+01	2.503710e+05
6.988100e+01	2.492360e+05
6.993100e+01	2.487220e+05
6.998100e+01	2.484840e+05
7.003200e+01	2.481220e+05
7.008100e+01	2.474010e+05
7.013100e+01	2.473320e+05
7.018100e+01	2.465660e+05
7.023100e+01	2.475270e+05
7.028100e+01	2.462010e+05
7.033200e+01	2.467160e+05
7.038200e+01	2.456700e+05
7.043200e+01	2.464500e+05
7.048200e+01	2.450640e+05
7.053200e+01	2.462740e+05
7.058200e+01	2.459510e+05
7.063200e+01	2.459850e+05
7.068200e+01	2.473680e+05
7.073200e+01	2.535430e+05
7.078300e+01	2.527040e+05
7.083200e+01	2.516160e+05
7.088300e+01	2.504360e+05
7.093300e+01	2.508610e+05
7.098300e+01	2.500700e+05
7.103300e+01	2.484430e+05
7.108400e+01	2.488470e+05
7.113300e+01	2.482820e+05
7.118300e+01	2.489990e+05
7.123300e+01	2.470380e+05
7.128400e+01	2.478180e+05
7.133400e+01	2.474150e+05
7.138400e+01	2.480410e+05
7.143400e+01	2.470850e+05
7.148400e+01	2.477550e+05
7.153400e+01	2.469040e+05
7.158400e+01	2.474450e+05
7.163400e+01	2.469690e+05
7.168400e+01	2.500960e+05
7.173500e+01	2.555740e+05
7.178400e+01	2.548780e+05
7.183500e+01	2.526300e+05
7.188500e+01	2.521610e+05
7.193500e+01	2.513580e+05
7.198500e+01	2.517640e+05
7.203500e+01	2.510920e+05
7.208500e+01	2.502430e+05
7.213500e+01	2.499610e+05
7.218500e+01	2.493740e+05
7.223600e+01	2.498520e+05
7.228500e+01	2.489550e+05
7.233600e+01	2.483690e+05
7.238600e+01	2.493300e+05
7.243500e+01	2.482020e+05
7.248600e+01	2.485610e+05
7.253500e+01	2.486380e+05
7.258600e+01	2.489760e+05
7.263600e+01	2.484620e+05
7.268600e+01	2.503740e+05
7.273600e+01	2.564280e+05
7.278700e+01	2.554740e+05
7.283600e+01	2.542490e+05
7.288600e+01	2.542670e+05
7.293600e+01	2.517520e+05
7.298600e+01	2.526410e+05
7.303700e+01	2.515690e+05
7.308700e+01	2.514330e+05
7.313700e+01	2.508110e+05
7.318700e+01	2.516700e+05
7.323700e+01	2.496530e+05
7.328700e+01	2.496780e+05
7.333700e+01	2.492190e+05
7.338700e+01	2.498020e+05
7.343800e+01	2.494840e+05
7.348800e+01	2.496080e+05
7.353800e+01	2.493430e+05
7.358800e+01	2.492550e+05
7.363800e+01	2.488400e+05
7.368800e+01	2.520480e+05
7.373800e+01	2.583010e+05
7.378800e+01	2.567290e+05
7.383900e+01	2.554570e+05
7.388900e+01	2.543660e+05
7.393800e+01	2.543440e+05
7.398900e+01	2.531080e+05
7.403900e+01	2.535870e+05
7.408900e+01	2.510560e+05
7.413900e+01	2.523150e+05
7.418900e+01	2.508120e+05
7.423900e+01	2.512840e+05
7.428900e+01	2.510200e+05
7.433900e+01	2.516500e+05
7.438900e+01	2.510100e+05
7.443900e+01	2.510350e+05
7.448900e+01	2.505990e+05
7.454000e+01	2.516920e+05
7.459000e+01	2.510730e+05
7.464000e+01	2.508250e+05
7.468900e+01	2.547430e+05
7.474000e+01	2.591940e+05
7.479100e+01	2.585650e+05
7.484000e+01	2.565640e+05
7.489000e+01	2.554120e+05
7.494100e+01	2.550100e+05
7.499000e+01	2.557580e+05
7.504100e+01	2.538560e+05
7.509100e+01	2.542230e+05
7.514000e+01	2.534600e+05
7.519100e+01	2.541010e+05
7.524100e+01	2.528560e+05
7.529100e+01	2.530790e+05
7.534100e+01	2.519190e+05
7.539100e+01	2.537700e+05
7.544100e+01	2.524430e+05
7.549100e+01	2.521140e+05
7.554200e+01	2.516420e+05
7.559200e+01	2.517870e+05
7.564200e+01	2.521530e+05
7.569200e+01	2.559290e+05
7.574200e+01	2.612360e+05
7.579200e+01	2.591120e+05
7.584200e+01	2.582990e+05
7.589300e+01	2.566240e+05
7.594200e+01	2.568080e+05
7.599200e+01	2.562400e+05
7.604200e+01	2.557850e+05
7.609300e+01	2.547970e+05
7.614300e+01	2.549660e+05
7.619300e+01	2.545270e+05
7.624300e+01	2.538900e+05
7.629300e+01	2.541120e+05
7.634300e+01	2.531190e+05
7.639300e+01	2.534820e+05
7.644300e+01	2.535020e+05
7.649300e+01	2.530770e+05
7.654300e+01	2.541040e+05
7.659300e+01	2.528530e+05
7.664300e+01	2.540880e+05
7.669400e+01	2.564210e+05
7.674400e+01	2.615240e+05
7.679300e+01	2.612050e+05
7.684400e+01	2.594340e+05
7.689400e+01	2.586070e+05
7.694400e+01	2.564790e+05
7.699400e+01	2.568320e+05
7.704400e+01	2.561230e+05
7.709500e+01	2.563380e+05
7.714400e+01	2.563520e+05
7.719500e+01	2.550030e+05
7.724500e+01	2.551010e+05
7.729500e+01	2.543500e+05
7.734400e+01	2.547670e+05
7.739500e+01	2.549100e+05
7.744500e+01	2.548520e+05
7.749500e+01	2.536210e+05
7.754500e+01	2.541210e+05
7.759600e+01	2.534630e+05
7.764500e+01	2.545900e+05
7.769600e+01	2.589900e+05
7.774600e+01	2.626350e+05
7.779600e+01	2.612760e+05
7.784500e+01	2.597570e+05
7.789600e+01	2.596240e+05
7.794600e+01	2.583040e+05
7.799600e+01	2.590640e+05
7.804600e+01	2.574720e+05
7.809700e+01	2.576640e+05
7.814700e+01	2.554200e+05
7.819700e+01	2.572900e+05
7.824600e+01	2.556390e+05
7.829700e+01	2.564630e+05
7.834700e+01	2.551130e+05
7.839700e+01	2.555700e+05
7.844700e+01	2.553420e+05
7.849700e+01	2.550780e+05
7.854800e+01	2.557500e+05
7.859700e+01	2.555920e+05
7.864800e+01	2.549600e+05
7.869700e+01	2.592730e+05
7.874700e+01	2.629700e+05
7.879700e+01	2.625570e+05
7.884700e+01	2.610950e+05
7.889800e+01	2.600760e+05
7.894700e+01	2.592080e+05
7.899800e+01	2.587040e+05
7.904800e+01	2.587580e+05
7.909800e+01	2.578550e+05
7.914800e+01	2.580350e+05
7.919900e+01	2.572950e+05
7.924800e+01	2.560980e+05
7.929800e+01	2.567660e+05
7.934800e+01	2.564640e+05
7.939900e+01	2.568650e+05
7.945000e+01	2.562890e+05
7.949900e+01	2.553300e+05
7.954900e+01	2.549630e+05
7.959900e+01	2.558250e+05
7.965000e+01	2.556590e+05
7.969900e+01	2.615230e+05
7.974900e+01	2.636350e+05
7.980000e+01	2.624860e+05
7.984900e+01	2.614080e+05
7.989900e+01	2.600050e+05
7.994900e+01	2.603170e+05
8.000000e+01	2.596250e+05
8.005000e+01	2.585200e+05
8.010000e+01	2.577690e+05
8.015000e+01	2.572070e+05
8.020000e+01	2.579960e+05
8.025000e+01	2.577360e+05
8.030100e+01	2.571660e+05
8.035100e+01	2.567160e+05
8.040100e+01	2.558650e+05
8.045100e+01	2.569550e+05
8.050100e+01	2.562020e+05
8.055100e+01	2.570170e+05
8.060100e+01	2.558620e+05
8.065100e+01	2.553910e+05
8.070200e+01	2.611810e+05
8.075100e+01	2.646150e+05
8.080100e+01	2.633500e+05
8.085100e+01	2.624250e+05
8.090100e+01	2.605300e+05
8.095200e+01	2.603930e+05
8.100200e+01	2.594250e+05
8.105200e+01	2.602560e+05
8.110200e+01	2.592700e+05
8.115200e+01	2.582160e+05
8.120200e+01	2.577510e+05
8.125200e+01	2.579610e+05
8.130200e+01	2.572250e+05
8.135300e+01	2.573000e+05
8.140300e+01	2.575410e+05
8.145200e+01	2.567580e+05
8.150300e+01	2.564200e+05
8.155300e+01	2.565770e+05
8.160200e+01	2.570750e+05
8.165300e+01	2.568080e+05
8.170400e+01	2.621760e+05
8.175300e+01	2.643820e+05
8.180300e+01	2.629180e+05
8.185400e+01	2.620880e+05
8.190300e+01	2.619480e+05
8.195300e+01	2.606010e+05
8.200400e+01	2.609460e+05
8.205400e+01	2.586570e+05
8.210400e+01	2.596920e+05
8.215400e+01	2.586760e+05
8.220400e+01	2.590850e+05
8.225400e+01	2.584480e+05
8.230400e+01	2.568420e+05
8.235400e+01	2.580000e+05
8.240400e+01	2.565940e+05
8.245400e+01	2.586060e+05
8.250500e+01	2.568130e+05
8.255500e+01	2.570730e+05
8.260500e+01	2.563840e+05
8.265500e+01	2.566190e+05
8.270500e+01	2.626930e+05
8.275500e+01	2.653620e+05
8.280500e+01	2.634930e+05
8.285500e+01	2.627730e+05
8.290600e+01	2.612660e+05
8.295600e+01	2.610970e+05
8.300500e+01	2.598410e+05
8.305500e+01	2.603380e+05
8.310500e+01	2.597070e+05
8.315500e+01	2.582600e+05
8.320600e+01	2.586770e+05
8.325600e+01	2.574170e+05
8.330700e+01	2.586620e+05
8.335600e+01	2.573980e+05
8.340600e+01	2.583900e+05
8.345600e+01	2.570490e+05
8.350600e+01	2.569010e+05
8.355600e+01	2.571790e+05
8.360600e+01	2.570580e+05
8.365600e+01	2.572410e+05
8.370700e+01	2.630440e+05
8.375600e+01	2.641030e+05
8.380700e+01	2.636950e+05
8.385600e+01	2.621180e+05
8.390700e+01	2.609740e+05
8.395800e+01	2.602690e+05
8.400700e+01	2.598740e+05
8.405800e+01	2.602020e+05
8.410800e+01	2.579060e+05
8.415800e+01	2.595330e+05
8.420700e+01	2.579860e+05
8.425800e+01	2.579420e+05
8.430800e+01	2.575100e+05
8.435800e+01	2.568970e+05
8.440800e+01	2.575120e+05
8.445900e+01	2.572330e+05
8.450800e+01	2.562680e+05
8.455900e+01	2.589090e+05
8.460900e+01	2.562740e+05
8.465900e+01	2.567110e+05
8.470800e+01	2.629690e+05
8.475900e+01	2.640580e+05
8.480900e+01	2.637090e+05
8.485800e+01	2.605240e+05
8.490900e+01	2.614130e+05
8.495900e+01	2.594240e+05
8.500900e+01	2.603050e+05
8.505900e+01	2.597700e+05
8.511000e+01	2.581910e+05
8.515900e+01	2.572930e+05
8.520900e+01	2.579550e+05
8.526000e+01	2.581090e+05
8.531000e+01	2.577050e+05
8.535900e+01	2.582450e+05
8.541000e+01	2.568250e+05
8.546000e+01	2.564400e+05
8.551000e+01	2.558570e+05
8.556000e+01	2.567860e+05
8.561100e+01	2.565530e+05
8.566000e+01	2.566900e+05
8.571100e+01	2.622690e+05
8.576100e+01	2.627090e+05
8.581100e+01	2.619810e+05
8.586100e+01	2.610500e+05
8.591100e+01	2.613040e+05
8.596100e+01	2.591940e+05
8.601100e+01	2.587780e+05
8.606100e+01	2.584310e+05
8.611200e+01	2.571950e+05
8.616100e+01	2.572920e+05
8.621200e+01	2.580070e+05
8.626200e+01	2.563130e+05
8.631200e+01	2.564960e+05
8.636200e+01	2.555910e+05
8.641200e+01	2.567610e+05
8.646200e+01	2.567650e+05
8.651200e+01	2.564540e+05
8.656200e+01	2.554880e+05
8.661200e+01	2.555150e+05
8.666300e+01	2.552460e+05
8.671200e+01	2.631180e+05
8.676300e+01	2.626230e+05
8.681200e+01	2.615070e+05
8.686200e+01	2.595330e+05
8.691300e+01	2.588180e+05
8.696300e+01	2.588410e+05
8.701300e+01	2.582440e+05
8.706300e+01	2.581440e+05
8.711300e+01	2.567960e+05
8.716300e+01	2.560850e+05
8.721300e+01	2.559790e+05
8.726400e+01	2.572160e+05
8.731400e+01	2.557020e+05
8.736400e+01	2.556290e+05
8.741400e+01	2.549380e+05
8.746300e+01	2.558150e+05
8.751400e+01	2.550120e+05
8.756300e+01	2.553940e+05
8.761400e+01	2.551370e+05
8.766500e+01	2.549730e+05
8.771500e+01	2.610060e+05
8.776500e+01	2.612040e+05
8.781400e+01	2.610980e+05
8.786400e+01	2.588020e+05
8.791500e+01	2.583060e+05
8.796500e+01	2.575700e+05
8.801500e+01	2.568930e+05
8.806500e+01	2.563130e+05
8.811500e+01	2.562780e+05
8.816600e+01	2.556880e+05
8.821600e+01	2.549360e+05
8.826500e+01	2.546380e+05
8.831600e+01	2.549620e+05
8.836600e+01	2.539990e+05
8.841500e+01	2.547360e+05
8.846600e+01	2.534990e+05
8.851600e+01	2.545440e+05
8.856600e+01	2.525510e+05
8.861600e+01	2.536260e+05
8.866600e+01	2.538040e+05
8.871600e+01	2.597810e+05
8.876600e+01	2.604960e+05
8.881700e+01	2.578630e+05
8.886700e+01	2.575460e+05
8.891700e+01	2.565350e+05
8.896600e+01	2.558830e+05
8.901700e+01	2.556830e+05
8.906700e+01	2.546900e+05
8.911700e+01	2.544380e+05
8.916700e+01	2.538350e+05
8.921800e+01	2.538620e+05
8.926700e+01	2.537880e+05
8.931700e+01	2.530910e+05
8.936800e+01	2.532750e+05
8.941700e+01	2.523960e+05
8.946700e+01	2.538370e+05
8.951800e+01	2.518630e+05
8.956800e+01	2.525580e+05
8.961700e+01	2.551310e+05
8.966700e+01	2.523670e+05
8.971800e+01	2.594620e+05
8.976800e+01	2.583910e+05
8.981800e+01	2.573620e+05
8.986900e+01	2.556360e+05
8.991800e+01	2.548180e+05
8.996900e+01	2.537060e+05
9.001900e+01	2.543050e+05
9.006900e+01	2.543550e+05
9.011900e+01	2.535640e+05
9.016900e+01	2.520930e+05
9.021900e+01	2.518650e+05
9.026900e+01	2.506530e+05
9.031900e+01	2.528460e+05
9.036900e+01	2.509160e+05
9.041900e+01	2.524800e+05
9.047000e+01	2.505110e+05
9.051900e+01	2.506680e+05
9.057000e+01	2.508130e+05
9.062000e+01	2.504310e+05
9.067000e+01	2.524470e+05
9.072000e+01	2.572640e+05
9.077000e+01	2.560880e+05
9.082000e+01	2.544970e+05
9.087000e+01	2.536290e+05
9.092100e+01	2.535680e+05
9.097000e+01	2.538130e+05
9.102100e+01	2.522380e+05
9.107100e+01	2.521910e+05
9.112100e+01	2.509570e+05
9.117100e+01	2.515960e+05
9.122100e+01	2.504920e+05
9.127100e+01	2.518160e+05
9.132100e+01	2.494770e+05
9.137100e+01	2.499970e+05
9.142200e+01	2.490780e+05
9.147200e+01	2.506810e+05
9.152200e+01	2.499890e+05
9.157100e+01	2.495990e+05
9.162200e+01	2.491590e+05
9.167200e+01	2.490360e+05
9.172200e+01	2.557110e+05
9.177200e+01	2.543480e+05
9.182200e+01	2.543740e+05
9.187300e+01	2.518040e+05
9.192200e+01	2.522260e+05
9.197300e+01	2.496960e+05
9.202300e+01	2.506850e+05
9.207300e+01	2.498650e+05
9.212200e+01	2.502930e+05
9.217200e+01	2.494780e+05
9.222300e+01	2.492990e+05
9.227200e+01	2.478510e+05
9.232300e+01	2.492440e+05
9.237300e+01	2.485150e+05
9.242300e+01	2.492490e+05
9.247300e+01	2.478820e+05
9.252300e+01	2.484570e+05
9.257400e+01	2.477430e+05
9.262300e+01	2.487940e+05
9.267300e+01	2.485040e+05
9.272300e+01	2.537140e+05
9.277300e+01	2.527080e+05
9.282400e+01	2.508120e+05
9.287400e+01	2.508410e+05
9.292400e+01	2.504200e+05
9.297400e+01	2.501380e+05
9.302400e+01	2.479440e+05
9.307500e+01	2.494250e+05
9.312500e+01	2.466360e+05
9.317400e+01	2.488770e+05
9.322500e+01	2.459240e+05
9.327400e+01	2.483260e+05
9.332500e+01	2.462660e+05
9.337400e+01	2.466050e+05
9.342500e+01	2.468480e+05
9.347500e+01	2.467300e+05
9.352500e+01	2.471910e+05
9.357600e+01	2.461010e+05
9.362500e+01	2.454300e+05
9.367600e+01	2.464490e+05
9.372600e+01	2.512860e+05
9.377600e+01	2.515680e+05
9.382600e+01	2.500830e+05
9.387600e+01	2.484570e+05
9.392600e+01	2.481170e+05
9.397600e+01	2.464480e+05
9.402600e+01	2.471530e+05
9.407600e+01	2.458970e+05
9.412600e+01	2.463870e+05
9.417600e+01	2.454790e+05
9.422600e+01	2.449460e+05
9.427700e+01	2.454000e+05
9.432700e+01	2.449160e+05
9.437600e+01	2.446000e+05
9.442700e+01	2.443360e+05
9.447700e+01	2.440780e+05
9.452700e+01	2.437770e+05
9.457700e+01	2.435140e+05
9.462700e+01	2.434980e+05
9.467700e+01	2.452970e+05
9.472800e+01	2.496910e+05
9.477700e+01	2.486120e+05
9.482700e+01	2.469000e+05
9.487800e+01	2.470150e+05
9.492700e+01	2.457370e+05
9.497800e+01	2.456230e+05
9.502800e+01	2.442210e+05
9.507800e+01	2.439680e+05
9.512800e+01	2.434970e+05
9.517800e+01	2.428030e+05
9.522900e+01	2.441130e+05
9.527800e+01	2.422330e+05
9.532900e+01	2.434540e+05
9.537900e+01	2.419750e+05
9.542800e+01	2.424630e+05
9.547800e+01	2.433280e+05
9.552900e+01	2.417500e+05
9.557900e+01	2.431840e+05
9.562900e+01	2.414970e+05
9.567900e+01	2.431540e+05
9.572900e+01	2.476570e+05
9.577900e+01	2.463160e+05
9.583000e+01	2.458390e+05
9.588000e+01	2.444170e+05
9.593000e+01	2.434990e+05
9.598000e+01	2.434820e+05
9.603000e+01	2.418960e+05
9.608000e+01	2.435150e+05
9.613000e+01	2.415980e+05
9.618000e+01	2.414960e+05
9.623000e+01	2.406310e+05
9.628100e+01	2.410920e+05
9.633000e+01	2.412560e+05
9.638100e+01	2.405270e+05
9.643100e+01	2.413920e+05
9.648100e+01	2.403350e+05
9.653100e+01	2.404040e+05
9.658100e+01	2.403390e+05
9.663100e+01	2.404390e+05
9.668100e+01	2.409390e+05
9.673100e+01	2.448990e+05
9.678100e+01	2.439730e+05
9.683100e+01	2.429810e+05
9.688100e+01	2.421140e+05
9.693100e+01	2.413810e+05
9.698200e+01	2.404460e+05
9.703200e+01	2.401510e+05
9.708200e+01	2.398460e+05
9.713200e+01	2.404260e+05
9.718200e+01	2.395250e+05
9.723200e+01	2.394420e+05
9.728200e+01	2.380750e+05
9.733200e+01	2.384580e+05
9.738200e+01	2.392430e+05
9.743300e+01	2.386850e+05
9.748300e+01	2.385990e+05
9.753300e+01	2.373360e+05
9.758300e+01	2.372880e+05
9.763300e+01	2.379410e+05
9.768300e+01	2.398800e+05
9.773300e+01	2.431570e+05
9.778300e+01	2.423050e+05
9.783300e+01	2.407560e+05
9.788400e+01	2.401730e+05
9.793300e+01	2.388950e+05
9.798300e+01	2.387360e+05
9.803400e+01	2.383660e+05
9.808400e+01	2.384420e+05
9.813400e+01	2.372360e+05
9.818400e+01	2.367180e+05
9.823400e+01	2.377960e+05
9.828400e+01	2.366580e+05
9.833400e+01	2.371890e+05
9.838400e+01	2.365740e+05
9.843400e+01	2.357640e+05
9.848400e+01	2.365120e+05
9.853500e+01	2.361730e+05
9.858500e+01	2.363280e+05
9.863500e+01	2.362660e+05
9.868500e+01	2.370220e+05
9.873500e+01	2.410920e+05
9.878500e+01	2.392000e+05
9.883500e+01	2.392090e+05
9.888500e+01	2.402270e+05
9.893500e+01	2.379540e+05
9.898600e+01	2.360200e+05
9.903600e+01	2.363790e+05
9.908600e+01	2.348740e+05
9.913500e+01	2.358690e+05
9.918500e+01	2.347430e+05
9.923500e+01	2.346830e+05
9.928600e+01	2.340580e+05
9.933600e+01	2.340580e+05
9.938600e+01	2.342610e+05
9.943600e+01	2.338110e+05
9.948600e+01	2.349320e+05
9.953600e+01	2.333110e+05
9.958700e+01	2.341990e+05
9.963700e+01	2.326040e+05
9.968600e+01	2.361760e+05
9.973700e+01	2.376990e+05
9.978700e+01	2.378810e+05
9.983700e+01	2.354330e+05
9.988700e+01	2.358380e+05
9.993700e+01	2.343940e+05
9.998700e+01	2.344860e+05
1.000380e+02	2.334490e+05
1.000870e+02	2.339670e+05
1.001380e+02	2.319930e+05
1.001870e+02	2.322060e+05
1.002380e+02	2.321400e+05
1.002870e+02	2.320210e+05
1.003370e+02	2.318870e+05
1.003880e+02	2.316170e+05
1.004380e+02	2.311240e+05
1.004880e+02	2.315030e+05
1.005380e+02	2.313930e+05
1.005880e+02	2.316110e+05
1.006380e+02	2.309950e+05
1.006880e+02	2.320640e+05
1.007390e+02	2.361100e+05
1.007880e+02	2.344300e+05
1.008390e+02	2.338700e+05
1.008890e+02	2.326380e+05
1.009390e+02	2.318280e+05
1.009890e+02	2.312660e+05
1.010390e+02	2.315660e+05
1.010890e+02	2.302840e+05
1.011390e+02	2.314590e+05
1.011890e+02	2.293530e+05
1.012400e+02	2.302940e+05
1.012900e+02	2.296610e+05
1.013400e+02	2.294160e+05
1.013900e+02	2.294990e+05
1.014400e+02	2.291020e+05
1.014900e+02	2.294330e+05
1.015400e+02	2.280710e+05
1.015900e+02	2.285130e+05
1.016400e+02	2.292630e+05
1.016910e+02	2.309430e+05
1.017410e+02	2.339570e+05
1.017910e+02	2.324750e+05
1.018410e+02	2.305360e+05
1.018910e+02	2.309110e+05
1.019410e+02	2.297750e+05
1.019910e+02	2.298180e+05
1.020420e+02	2.285150e+05
1.020910e+02	2.283260e+05
1.021410e+02	2.277030e+05
1.021910e+02	2.279040e+05
1.022420e+02	2.278800e+05
1.022910e+02	2.272180e+05
1.023420e+02	2.271100e+05
1.023910e+02	2.268640e+05
1.024420e+02	2.266870e+05
1.024910e+02	2.270860e+05
1.025420e+02	2.263280e+05
1.025920e+02	2.265640e+05
1.026430e+02	2.257220e+05
1.026930e+02	2.281640e+05
1.027430e+02	2.309190e+05
1.027930e+02	2.303610e+05
1.028430e+02	2.289930e+05
1.028920e+02	2.277930e+05
1.029430e+02	2.274350e+05
1.029930e+02	2.265200e+05
1.030430e+02	2.268860e+05
1.030930e+02	2.256880e+05
1.031430e+02	2.254770e+05
1.031930e+02	2.253690e+05
1.032440e+02	2.245260e+05
1.032930e+02	2.255330e+05
1.033440e+02	2.243170e+05
1.033940e+02	2.276930e+05
1.034440e+02	2.247350e+05
1.034940e+02	2.237940e+05
1.035440e+02	2.232540e+05
1.035940e+02	2.236130e+05
1.036440e+02	2.245260e+05
1.036940e+02	2.262430e+05
1.037450e+02	2.283240e+05
1.037940e+02	2.264900e+05
1.038440e+02	2.266610e+05
1.038940e+02	2.256960e+05
1.039440e+02	2.253550e+05
1.039950e+02	2.244360e+05
1.040450e+02	2.236100e+05
1.040950e+02	2.230730e+05
1.041450e+02	2.235120e+05
1.041960e+02	2.225450e+05
1.042450e+02	2.233650e+05
1.042960e+02	2.220890e+05
1.043450e+02	2.229550e+05
1.043960e+02	2.212800e+05
1.044460e+02	2.219780e+05
1.044960e+02	2.224000e+05
1.045460e+02	2.214290e+05
1.045950e+02	2.211970e+05
1.046460e+02	2.205760e+05
1.046960e+02	2.238620e+05
1.047460e+02	2.264270e+05
1.047970e+02	2.257520e+05
1.048470e+02	2.243750e+05
1.048960e+02	2.233490e+05
1.049460e+02	2.227130e+05
1.049970e+02	2.225420e+05
1.050470e+02	2.216670e+05
1.050970e+02	2.224360e+05
1.051470e+02	2.207330e+05
1.051970e+02	2.213160e+05
1.052470e+02	2.198820e+05
1.052970e+02	2.204900e+05
1.053470e+02	2.206100e+05
1.053970e+02	2.203880e+05
1.054480e+02	2.200950e+05
1.054970e+02	2.193550e+05
1.055480e+02	2.195990e+05
1.055980e+02	2.215590e+05
1.056480e+02	2.206250e+05
1.056980e+02	2.225780e+05
1.057480e+02	2.250010e+05
1.057980e+02	2.223110e+05
1.058480e+02	2.220160e+05
1.058980e+02	2.216140e+05
1.059480e+02	2.220730e+05
1.059980e+02	2.199510e+05
1.060490e+02	2.194540e+05
1.060990e+02	2.193330e+05
1.061480e+02	2.196500e+05
1.061990e+02	2.189330e+05
1.062490e+02	2.192460e+05
1.062990e+02	2.184130e+05
1.063490e+02	2.181400e+05
1.063990e+02	2.179110e+05
1.064490e+02	2.179530e+05
1.064990e+02	2.182950e+05
1.065500e+02	2.179220e+05
1.066000e+02	2.176270e+05
1.066500e+02	2.168310e+05
1.066990e+02	2.210410e+05
1.067500e+02	2.238330e+05
1.068000e+02	2.219220e+05
1.068510e+02	2.204010e+05
1.069000e+02	2.190940e+05
1.069500e+02	2.193540e+05
1.070000e+02	2.188290e+05
1.070510e+02	2.183750e+05
1.071010e+02	2.179150e+05
1.071510e+02	2.171320e+05
1.072010e+02	2.175450e+05
1.072510e+02	2.167470e+05
1.073010e+02	2.179500e+05
1.073510e+02	2.169090e+05
1.074010e+02	2.168560e+05
1.074510e+02	2.163820e+05
1.075010e+02	2.164890e+05
1.075520e+02	2.163940e+05
1.076020e+02	2.163550e+05
1.076510e+02	2.163760e+05
1.077020e+02	2.195320e+05
1.077520e+02	2.203560e+05
1.078020e+02	2.197810e+05
1.078520e+02	2.187800e+05
1.079020e+02	2.190800e+05
1.079530e+02	2.177140e+05
1.080030e+02	2.164930e+05
1.080530e+02	2.166080e+05
1.081030e+02	2.161520e+05
1.081530e+02	2.165300e+05
1.082020e+02	2.158910e+05
1.082520e+02	2.157570e+05
1.083020e+02	2.150690e+05
1.083520e+02	2.152570e+05
1.084030e+02	2.150580e+05
1.084530e+02	2.150510e+05
1.085030e+02	2.152440e+05
1.085530e+02	2.146090e+05
1.086040e+02	2.144770e+05
1.086530e+02	2.139050e+05
1.087030e+02	2.181070e+05
1.087540e+02	2.203210e+05
1.088030e+02	2.184350e+05
1.088540e+02	2.177760e+05
1.089040e+02	2.163570e+05
1.089540e+02	2.164210e+05
1.090040e+02	2.160640e+05
1.090540e+02	2.157430e+05
1.091040e+02	2.153560e+05
1.091540e+02	2.143640e+05
1.092050e+02	2.144320e+05
1.092550e+02	2.141940e+05
1.093050e+02	2.144350e+05
1.093550e+02	2.142830e+05
1.094040e+02	2.129060e+05
1.094550e+02	2.139740e+05
1.095050e+02	2.135180e+05
1.095550e+02	2.141680e+05
1.096050e+02	2.136790e+05
1.096550e+02	2.131630e+05
1.097050e+02	2.171050e+05
1.097560e+02	2.182260e+05
1.098050e+02	2.178020e+05
1.098560e+02	2.163800e+05
1.099050e+02	2.159750e+05
1.099570e+02	2.150640e+05
1.100060e+02	2.150820e+05
1.100560e+02	2.139280e+05
1.101060e+02	2.146960e+05
1.101560e+02	2.135620e+05
1.102070e+02	2.139080e+05
1.102570e+02	2.132200e+05
1.103070e+02	2.133110e+05
1.103570e+02	2.131450e+05
1.104070e+02	2.135680e+05
1.104570e+02	2.127220e+05
1.105070e+02	2.127880e+05
1.105570e+02	2.125600e+05
1.106070e+02	2.117670e+05
1.106570e+02	2.134240e+05
1.107070e+02	2.165070e+05
1.107570e+02	2.185110e+05
1.108070e+02	2.163180e+05
1.108570e+02	2.165110e+05
1.109080e+02	2.147540e+05
1.109580e+02	2.157330e+05
1.110080e+02	2.138470e+05
1.110580e+02	2.138320e+05
1.111080e+02	2.129440e+05
1.111580e+02	2.136160e+05
1.112080e+02	2.128270e+05
1.112590e+02	2.131780e+05
1.113080e+02	2.135750e+05
1.113580e+02	2.123640e+05
1.114080e+02	2.126390e+05
1.114590e+02	2.120440e+05
1.115080e+02	2.123200e+05
1.115590e+02	2.127170e+05
1.116090e+02	2.118710e+05
1.116590e+02	2.120190e+05
1.117090e+02	2.167420e+05
1.117590e+02	2.168900e+05
1.118090e+02	2.170290e+05
1.118600e+02	2.150220e+05
1.119100e+02	2.161510e+05
1.119600e+02	2.140010e+05
1.120100e+02	2.137160e+05
1.120600e+02	2.137640e+05
1.121090e+02	2.130900e+05
1.121600e+02	2.138850e+05
1.122100e+02	2.123260e+05
1.122600e+02	2.125300e+05
1.123100e+02	2.133310e+05
1.123610e+02	2.130330e+05
1.124100e+02	2.128820e+05
1.124610e+02	2.123830e+05
1.125110e+02	2.110800e+05
1.125610e+02	2.124750e+05
1.126110e+02	2.110110e+05
1.126610e+02	2.123020e+05
1.127110e+02	2.163200e+05
1.127610e+02	2.180410e+05
1.128110e+02	2.166680e+05
1.128610e+02	2.148950e+05
1.129110e+02	2.150200e+05
1.129610e+02	2.145930e+05
1.130120e+02	2.145890e+05
1.130620e+02	2.135370e+05
1.131110e+02	2.129010e+05
1.131610e+02	2.133930e+05
1.132120e+02	2.123150e+05
1.132620e+02	2.129950e+05
1.133120e+02	2.128440e+05
1.133630e+02	2.115740e+05
1.134120e+02	2.127500e+05
1.134630e+02	2.113040e+05
1.135120e+02	2.132150e+05
1.135630e+02	2.110510e+05
1.136130e+02	2.127880e+05
1.136630e+02	2.119640e+05
1.137130e+02	2.170590e+05
1.137630e+02	2.193620e+05
1.138130e+02	2.162260e+05
1.138630e+02	2.167690e+05
1.139130e+02	2.147020e+05
1.139640e+02	2.154260e+05
1.140140e+02	2.149330e+05
1.140640e+02	2.141920e+05
1.141130e+02	2.142140e+05
1.141640e+02	2.134820e+05
1.142140e+02	2.126980e+05
1.142640e+02	2.141170e+05
1.143140e+02	2.125450e+05
1.143650e+02	2.143460e+05
1.144140e+02	2.120870e+05
1.144640e+02	2.137720e+05
1.145140e+02	2.126240e+05
1.145650e+02	2.130080e+05
1.146140e+02	2.129980e+05
1.146640e+02	2.121240e+05
1.147150e+02	2.190690e+05
1.147640e+02	2.182870e+05
1.148150e+02	2.179290e+05
1.148650e+02	2.167520e+05
1.149150e+02	2.159440e+05
1.149660e+02	2.159710e+05
1.150160e+02	2.156810e+05
1.150660e+02	2.149110e+05
1.151150e+02	2.152620e+05
1.151660e+02	2.133800e+05
1.152160e+02	2.145380e+05
1.152660e+02	2.132190e+05
1.153150e+02	2.142890e+05
1.153660e+02	2.132110e+05
1.154160e+02	2.134810e+05
1.154660e+02	2.137300e+05
1.155170e+02	2.139050e+05
1.155670e+02	2.138770e+05
1.156160e+02	2.136120e+05
1.156670e+02	2.129140e+05
1.157160e+02	2.203600e+05
1.157670e+02	2.193470e+05
1.158170e+02	2.191600e+05
1.158670e+02	2.183530e+05
1.159170e+02	2.169780e+05
1.159670e+02	2.165230e+05
1.160170e+02	2.160620e+05
1.160670e+02	2.161190e+05
1.161180e+02	2.160090e+05
1.161680e+02	2.161350e+05
1.162170e+02	2.148920e+05
1.162680e+02	2.152960e+05
1.163180e+02	2.151030e+05
1.163680e+02	2.154550e+05
1.164170e+02	2.147050e+05
1.164680e+02	2.143170e+05
1.165180e+02	2.148290e+05
1.165680e+02	2.144260e+05
1.166180e+02	2.146460e+05
1.166690e+02	2.150370e+05
1.167190e+02	2.214310e+05
1.167690e+02	2.211140e+05
1.168190e+02	2.202110e+05
1.168680e+02	2.189710e+05
1.169190e+02	2.185730e+05
1.169690e+02	2.185390e+05
1.170190e+02	2.182350e+05
1.170690e+02	2.173750e+05
1.171190e+02	2.163600e+05
1.171690e+02	2.172400e+05
1.172190e+02	2.164460e+05
1.172700e+02	2.170440e+05
1.173190e+02	2.160140e+05
1.173700e+02	2.169100e+05
1.174200e+02	2.151530e+05
1.174700e+02	2.164290e+05
1.175190e+02	2.162000e+05
1.175700e+02	2.167760e+05
1.176210e+02	2.150130e+05
1.176700e+02	2.164560e+05
1.177210e+02	2.225080e+05
1.177710e+02	2.265160e+05
1.178210e+02	2.216820e+05
1.178700e+02	2.214720e+05
1.179210e+02	2.199230e+05
1.179710e+02	2.191220e+05
1.180210e+02	2.184390e+05
1.180710e+02	2.187580e+05
1.181210e+02	2.191420e+05
1.181710e+02	2.180360e+05
1.182210e+02	2.174580e+05
1.182720e+02	2.180070e+05
1.183220e+02	2.178270e+05
1.183720e+02	2.180640e+05
1.184220e+02	2.175270e+05
1.184720e+02	2.167860e+05
1.185210e+02	2.176280e+05
1.185720e+02	2.166670e+05
1.186220e+02	2.179060e+05
1.186720e+02	2.170540e+05
1.187220e+02	2.248790e+05
1.187720e+02	2.232310e+05
1.188230e+02	2.233450e+05
1.188720e+02	2.222410e+05
1.189230e+02	2.212820e+05
1.189730e+02	2.217410e+05
1.190230e+02	2.197290e+05
1.190730e+02	2.201990e+05
1.191230e+02	2.203180e+05
1.191730e+02	2.203470e+05
1.192230e+02	2.198780e+05
1.192730e+02	2.194240e+05
1.193230e+02	2.187720e+05
1.193740e+02	2.197800e+05
1.194230e+02	2.185410e+05
1.194730e+02	2.197380e+05
1.195240e+02	2.185410e+05
1.195740e+02	2.191920e+05
1.196240e+02	2.182260e+05
1.196740e+02	2.198760e+05
1.197240e+02	2.261620e+05
1.197740e+02	2.263840e+05
1.198240e+02	2.265040e+05
1.198740e+02	2.239630e+05
1.199240e+02	2.235050e+05
1.199740e+02	2.230930e+05
1.200250e+02	2.220840e+05
1.200750e+02	2.218480e+05
1.201240e+02	2.214670e+05
1.201750e+02	2.204220e+05
1.202250e+02	2.216850e+05
1.202750e+02	2.196560e+05
1.203260e+02	2.221420e+05
1.203750e+02	2.197000e+05
1.204250e+02	2.212030e+05
1.204760e+02	2.200760e+05
1.205250e+02	2.209030e+05
1.205760e+02	2.203380e+05
1.206250e+02	2.212430e+05
1.206760e+02	2.204140e+05
1.207260e+02	2.285330e+05
1.207770e+02	2.271170e+05
1.208260e+02	2.256390e+05
1.208760e+02	2.256370e+05
1.209260e+02	2.242110e+05
1.209770e+02	2.249680e+05
1.210270e+02	2.235350e+05
1.210770e+02	2.240440e+05
1.211270e+02	2.222470e+05
1.211770e+02	2.237020e+05
1.212270e+02	2.225440e+05
1.212770e+02	2.232040e+05
1.213270e+02	2.215430e+05
1.213770e+02	2.218890e+05
1.214270e+02	2.216810e+05
1.214770e+02	2.231220e+05
1.215280e+02	2.217740e+05
1.215770e+02	2.222910e+05
1.216280e+02	2.216700e+05
1.216780e+02	2.226370e+05
1.217280e+02	2.299990e+05
1.217780e+02	2.286080e+05
1.218280e+02	2.275810e+05
1.218780e+02	2.262710e+05
1.219280e+02	2.268830e+05
1.219780e+02	2.254940e+05
1.220280e+02	2.249340e+05
1.220780e+02	2.246880e+05
1.221290e+02	2.248530e+05
1.221790e+02	2.254280e+05
1.222290e+02	2.241880e+05
1.222790e+02	2.245870e+05
1.223280e+02	2.244870e+05
1.223790e+02	2.236950e+05
1.224290e+02	2.237780e+05
1.224790e+02	2.226890e+05
1.225290e+02	2.237200e+05
1.225800e+02	2.239620e+05
1.226290e+02	2.238150e+05
1.226800e+02	2.250320e+05
1.227300e+02	2.303190e+05
1.227800e+02	2.303690e+05
1.228300e+02	2.289710e+05
1.228800e+02	2.288700e+05
1.229300e+02	2.277470e+05
1.229800e+02	2.274000e+05
1.230300e+02	2.262200e+05
1.230800e+02	2.271610e+05
1.231310e+02	2.260630e+05
1.231810e+02	2.271420e+05
1.232300e+02	2.250020e+05
1.232800e+02	2.258020e+05
1.233310e+02	2.253670e+05
1.233810e+02	2.256950e+05
1.234310e+02	2.251120e+05
1.234810e+02	2.252040e+05
1.235310e+02	2.251420e+05
1.235810e+02	2.248060e+05
1.236310e+02	2.249600e+05
1.236820e+02	2.263020e+05
1.237310e+02	2.329400e+05
1.237810e+02	2.321810e+05
1.238320e+02	2.302180e+05
1.238820e+02	2.297290e+05
1.239320e+02	2.296830e+05
1.239820e+02	2.288120e+05
1.240320e+02	2.287710e+05
1.240820e+02	2.273190e+05
1.241320e+02	2.286440e+05
1.241820e+02	2.270680e+05
1.242330e+02	2.278070e+05
1.242830e+02	2.273170e+05
1.243330e+02	2.272890e+05
1.243830e+02	2.261910e+05
1.244330e+02	2.267390e+05
1.244830e+02	2.268130e+05
1.245330e+02	2.267260e+05
1.245840e+02	2.267720e+05
1.246340e+02	2.255860e+05
1.246840e+02	2.276600e+05
1.247330e+02	2.337930e+05
1.247830e+02	2.327650e+05
1.248330e+02	2.318450e+05
1.248840e+02	2.309200e+05
1.249340e+02	2.303340e+05
1.249840e+02	2.303310e+05
1.250340e+02	2.292820e+05
1.250840e+02	2.296750e+05
1.251340e+02	2.290520e+05
1.251840e+02	2.291760e+05
1.252340e+02	2.283780e+05
1.252850e+02	2.283420e+05
1.253350e+02	2.286860e+05
1.253850e+02	2.283830e+05
1.254350e+02	2.281100e+05
1.254850e+02	2.273810e+05
1.255350e+02	2.279570e+05
1.255850e+02	2.278250e+05
1.256350e+02	2.282390e+05
1.256850e+02	2.297790e+05
1.257350e+02	2.354360e+05
1.257850e+02	2.342140e+05
1.258350e+02	2.338630e+05
1.258860e+02	2.321570e+05
1.259350e+02	2.323720e+05
1.259860e+02	2.316810e+05
1.260350e+02	2.308600e+05
1.260860e+02	2.304790e+05
1.261360e+02	2.302220e+05
1.261860e+02	2.309130e+05
1.262360e+02	2.296010e+05
1.262870e+02	2.302420e+05
1.263370e+02	2.296060e+05
1.263870e+02	2.296550e+05
1.264360e+02	2.295040e+05
1.264870e+02	2.294360e+05
1.265370e+02	2.296560e+05
1.265870e+02	2.290840e+05
1.266370e+02	2.289020e+05
1.266880e+02	2.315220e+05
1.267370e+02	2.373670e+05
1.267880e+02	2.359090e+05
1.268380e+02	2.351100e+05
1.268880e+02	2.332560e+05
1.269380e+02	2.337780e+05
1.269880e+02	2.324490e+05
1.270380e+02	2.330030e+05
1.270880e+02	2.322780e+05
1.271380e+02	2.319720e+05
1.271880e+02	2.315310e+05
1.272380e+02	2.304550e+05
1.272890e+02	2.311250e+05
1.273380e+02	2.313840e+05
1.273880e+02	2.310620e+05
1.274380e+02	2.303250e+05
1.274880e+02	2.303600e+05
1.275390e+02	2.303360e+05
1.275890e+02	2.306340e+05
1.276390e+02	2.298860e+05
1.276890e+02	2.331560e+05
1.277400e+02	2.381080e+05
1.277890e+02	2.363680e+05
1.278390e+02	2.358080e+05
1.278890e+02	2.351730e+05
1.279390e+02	2.348200e+05
1.279900e+02	2.349950e+05
1.280400e+02	2.334860e+05
1.280900e+02	2.339310e+05
1.281400e+02	2.325220e+05
1.281900e+02	2.333930e+05
1.282400e+02	2.327510e+05
1.282900e+02	2.324560e+05
1.283410e+02	2.322820e+05
1.283900e+02	2.317160e+05
1.284400e+02	2.321210e+05
1.284900e+02	2.315940e+05
1.285410e+02	2.324240e+05
1.285910e+02	2.317010e+05
1.286410e+02	2.313160e+05
1.286910e+02	2.349560e+05
1.287410e+02	2.400590e+05
1.287910e+02	2.386790e+05
1.288410e+02	2.369400e+05
1.288910e+02	2.353160e+05
1.289410e+02	2.357190e+05
1.289920e+02	2.357690e+05
1.290420e+02	2.350030e+05
1.290910e+02	2.351030e+05
1.291420e+02	2.332770e+05
1.291910e+02	2.342200e+05
1.292420e+02	2.329900e+05
1.292920e+02	2.341420e+05
1.293420e+02	2.333320e+05
1.293920e+02	2.338050e+05
1.294420e+02	2.325560e+05
1.294920e+02	2.333650e+05
1.295430e+02	2.325100e+05
1.295930e+02	2.338360e+05
1.296430e+02	2.323550e+05
1.296930e+02	2.363260e+05
1.297420e+02	2.404690e+05
1.297930e+02	2.402610e+05
1.298430e+02	2.375550e+05
1.298940e+02	2.384090e+05
1.299440e+02	2.377050e+05
1.299940e+02	2.370050e+05
1.300430e+02	2.362570e+05
1.300940e+02	2.354420e+05
1.301430e+02	2.361780e+05
1.301940e+02	2.350170e+05
1.302440e+02	2.353240e+05
1.302940e+02	2.345240e+05
1.303440e+02	2.344470e+05
1.303940e+02	2.341570e+05
1.304440e+02	2.351070e+05
1.304940e+02	2.347540e+05
1.305440e+02	2.348260e+05
1.305950e+02	2.337920e+05
1.306450e+02	2.339290e+05
1.306950e+02	2.375390e+05
1.307450e+02	2.424810e+05
1.307950e+02	2.406010e+05
1.308450e+02	2.394460e+05
1.308950e+02	2.387420e+05
1.309450e+02	2.378830e+05
1.309950e+02	2.380930e+05
1.310450e+02	2.376750e+05
1.310960e+02	2.365500e+05
1.311460e+02	2.362010e+05
1.311960e+02	2.369400e+05
1.312450e+02	2.352170e+05
1.312960e+02	2.369590e+05
1.313460e+02	2.352410e+05
1.313950e+02	2.356080e+05
1.314460e+02	2.350390e+05
1.314960e+02	2.355860e+05
1.315460e+02	2.352350e+05
1.315970e+02	2.365620e+05
1.316460e+02	2.347790e+05
1.316970e+02	2.391550e+05
1.317470e+02	2.424530e+05
1.317970e+02	2.416230e+05
1.318470e+02	2.416290e+05
1.318970e+02	2.403900e+05
1.319470e+02	2.400520e+05
1.319970e+02	2.383880e+05
1.320480e+02	2.381470e+05
1.320980e+02	2.378270e+05
1.321470e+02	2.389680e+05
1.321970e+02	2.382070e+05
1.322480e+02	2.375790e+05
1.322970e+02	2.362870e+05
1.323480e+02	2.370370e+05
1.323980e+02	2.371170e+05
1.324480e+02	2.378980e+05
1.324980e+02	2.394500e+05
1.325480e+02	2.366260e+05
1.325990e+02	2.364830e+05
1.326480e+02	2.364170e+05
1.326990e+02	2.411060e+05
1.327490e+02	2.443880e+05
1.327990e+02	2.433680e+05
1.328490e+02	2.411680e+05
1.328990e+02	2.409520e+05
1.329490e+02	2.404900e+05
1.329990e+02	2.406820e+05
1.330490e+02	2.399670e+05
1.331000e+02	2.398620e+05
1.331490e+02	2.384260e+05
1.332000e+02	2.388880e+05
1.332490e+02	2.379470e+05
1.332990e+02	2.391240e+05
1.333500e+02	2.379130e+05
1.334000e+02	2.385850e+05
1.334490e+02	2.371630e+05
1.335000e+02	2.380930e+05
1.335500e+02	2.379200e+05
1.336000e+02	2.382040e+05
1.336510e+02	2.377130e+05
1.337000e+02	2.418690e+05
1.337500e+02	2.448960e+05
1.338000e+02	2.436530e+05
1.338500e+02	2.434700e+05
1.339000e+02	2.426070e+05
1.339510e+02	2.414650e+05
1.340010e+02	2.402780e+05
1.340510e+02	2.411010e+05
1.341010e+02	2.405180e+05
1.341510e+02	2.402150e+05
1.342010e+02	2.400560e+05
1.342520e+02	2.390410e+05
1.343020e+02	2.398710e+05
1.343510e+02	2.381060e+05
1.344010e+02	2.400190e+05
1.344510e+02	2.395690e+05
1.345020e+02	2.392900e+05
1.345520e+02	2.383000e+05
1.346020e+02	2.384710e+05
1.346520e+02	2.381070e+05
1.347020e+02	2.443160e+05
1.347520e+02	2.460510e+05
1.348020e+02	2.461400e+05
1.348520e+02	2.427760e+05
1.349020e+02	2.441530e+05
1.349520e+02	2.420790e+05
1.350020e+02	2.429500e+05
1.350520e+02	2.413060e+05
1.351030e+02	2.412870e+05
1.351530e+02	2.402210e+05
1.352030e+02	2.407800e+05
1.352530e+02	2.409810e+05
1.353030e+02	2.409120e+05
1.353530e+02	2.399820e+05
1.354030e+02	2.391070e+05
1.354530e+02	2.395790e+05
1.355040e+02	2.398370e+05
1.355540e+02	2.402940e+05
1.356040e+02	2.390030e+05
1.356540e+02	2.405350e+05
1.357030e+02	2.433550e+05
1.357540e+02	2.473760e+05
1.358050e+02	2.456900e+05
1.358540e+02	2.459170e+05
1.359050e+02	2.432940e+05
1.359550e+02	2.436030e+05
1.360040e+02	2.432160e+05
1.360550e+02	2.429320e+05
1.361050e+02	2.414900e+05
1.361550e+02	2.444270e+05
1.362050e+02	2.421850e+05
1.362550e+02	2.415940e+05
1.363050e+02	2.410790e+05
1.363560e+02	2.411090e+05
1.364060e+02	2.409590e+05
1.364560e+02	2.398600e+05
1.365050e+02	2.409660e+05
1.365560e+02	2.404260e+05
1.366060e+02	2.411900e+05
1.366560e+02	2.399410e+05
1.367060e+02	2.463350e+05
1.367560e+02	2.483720e+05
1.368060e+02	2.479280e+05
1.368560e+02	2.460220e+05
1.369070e+02	2.457570e+05
1.369570e+02	2.450350e+05
1.370060e+02	2.450630e+05
1.370560e+02	2.436910e+05
1.371060e+02	2.433680e+05
1.371560e+02	2.426330e+05
1.372060e+02	2.428920e+05
1.372570e+02	2.428720e+05
1.373070e+02	2.426400e+05
1.373570e+02	2.431450e+05
1.374080e+02	2.418920e+05
1.374570e+02	2.423420e+05
1.375070e+02	2.406310e+05
1.375570e+02	2.424770e+05
1.376070e+02	2.417320e+05
1.376580e+02	2.411220e+05
1.377070e+02	2.474480e+05
1.377580e+02	2.490240e+05
1.378080e+02	2.481580e+05
1.378580e+02	2.471890e+05
1.379080e+02	2.459380e+05
1.379590e+02	2.458560e+05
1.380080e+02	2.448730e+05
1.380580e+02	2.445240e+05
1.381080e+02	2.438750e+05
1.381580e+02	2.436250e+05
1.382080e+02	2.439340e+05
1.382590e+02	2.431120e+05
1.383090e+02	2.432750e+05
1.383590e+02	2.434460e+05
1.384090e+02	2.429480e+05
1.384590e+02	2.424470e+05
1.385090e+02	2.426430e+05
1.385600e+02	2.422090e+05
1.386090e+02	2.430640e+05
1.386590e+02	2.420280e+05
1.387090e+02	2.481500e+05
1.387590e+02	2.499310e+05
1.388100e+02	2.486440e+05
1.388600e+02	2.483480e+05
1.389100e+02	2.474580e+05
1.389600e+02	2.469470e+05
1.390100e+02	2.463310e+05
1.390600e+02	2.454570e+05
1.391110e+02	2.449730e+05
1.391610e+02	2.451260e+05
1.392110e+02	2.445690e+05
1.392600e+02	2.445650e+05
1.393110e+02	2.432730e+05
1.393600e+02	2.435960e+05
1.394110e+02	2.440170e+05
1.394610e+02	2.439030e+05
1.395110e+02	2.441100e+05
1.395610e+02	2.434140e+05
1.396110e+02	2.435150e+05
1.396620e+02	2.434340e+05
1.397110e+02	2.502840e+05
1.397610e+02	2.516750e+05
1.398120e+02	2.511080e+05
1.398620e+02	2.475100e+05
1.399120e+02	2.487680e+05
1.399620e+02	2.465290e+05
1.400120e+02	2.480700e+05
1.400620e+02	2.472690e+05
1.401120e+02	2.464450e+05
1.401630e+02	2.455270e+05
1.402120e+02	2.457020e+05
1.402620e+02	2.452220e+05
1.403130e+02	2.461290e+05
1.403630e+02	2.448190e+05
1.404130e+02	2.454750e+05
1.404630e+02	2.445130e+05
1.405130e+02	2.434760e+05
1.405630e+02	2.456970e+05
1.406130e+02	2.444170e+05
1.406630e+02	2.457430e+05
1.407130e+02	2.500580e+05
1.407630e+02	2.527050e+05
1.408140e+02	2.511390e+05
1.408630e+02	2.504290e+05
1.409140e+02	2.492070e+05
1.409650e+02	2.486400e+05
1.410130e+02	2.476700e+05
1.410640e+02	2.476710e+05
1.411140e+02	2.463910e+05
1.411640e+02	2.474260e+05
1.412150e+02	2.466310e+05
1.412640e+02	2.462340e+05
1.413150e+02	2.461990e+05
1.413650e+02	2.455230e+05
1.414150e+02	2.464620e+05
1.414640e+02	2.463850e+05
1.415150e+02	2.468640e+05
1.415650e+02	2.450820e+05
1.416150e+02	2.458510e+05
1.416660e+02	2.451960e+05
1.417150e+02	2.530610e+05
1.417650e+02	2.526530e+05
1.418160e+02	2.528740e+05
1.418650e+02	2.499200e+05
1.419160e+02	2.505500e+05
1.419660e+02	2.487690e+05
1.420160e+02	2.502320e+05
1.420660e+02	2.486330e+05
1.421160e+02	2.484500e+05
1.421670e+02	2.472400e+05
1.422160e+02	2.473640e+05
1.422670e+02	2.480510e+05
1.423170e+02	2.471930e+05
1.423660e+02	2.471320e+05
1.424160e+02	2.459790e+05
1.424670e+02	2.459950e+05
1.425160e+02	2.457290e+05
1.425660e+02	2.467600e+05
1.426170e+02	2.466810e+05
1.426670e+02	2.467430e+05
1.427170e+02	2.522780e+05
1.427670e+02	2.542290e+05
1.428170e+02	2.516260e+05
1.428670e+02	2.520150e+05
1.429170e+02	2.504120e+05
1.429680e+02	2.499170e+05
1.430170e+02	2.488220e+05
1.430680e+02	2.484630e+05
1.431170e+02	2.487700e+05
1.431670e+02	2.479220e+05
1.432180e+02	2.484270e+05
1.432680e+02	2.473350e+05
1.433180e+02	2.473780e+05
1.433680e+02	2.464910e+05
1.434180e+02	2.476420e+05
1.434690e+02	2.463520e+05
1.435180e+02	2.468720e+05
1.435680e+02	2.459560e+05
1.436190e+02	2.472690e+05
1.436690e+02	2.459070e+05
1.437190e+02	2.549310e+05
1.437700e+02	2.535810e+05
1.438190e+02	2.531500e+05
1.438690e+02	2.520040e+05
1.439200e+02	2.510400e+05
1.439700e+02	2.505740e+05
1.440190e+02	2.497160e+05
1.440690e+02	2.488800e+05
1.441190e+02	2.491430e+05
1.441700e+02	2.487780e+05
1.442200e+02	2.479870e+05
1.442700e+02	2.486380e+05
1.443200e+02	2.475480e+05
1.443700e+02	2.481710e+05
1.444200e+02	2.465410e+05
1.444710e+02	2.484640e+05
1.445200e+02	2.465650e+05
1.445710e+02	2.476910e+05
1.446210e+02	2.472300e+05
1.446710e+02	2.482140e+05
1.447210e+02	2.538500e+05
1.447710e+02	2.547730e+05
1.448210e+02	2.527940e+05
1.448710e+02	2.524100e+05
1.449210e+02	2.519870e+05
1.449710e+02	2.498470e+05
1.450210e+02	2.501860e+05
1.450710e+02	2.492540e+05
1.451210e+02	2.499690e+05
1.451710e+02	2.487190e+05
1.452210e+02	2.491930e+05
1.452720e+02	2.482010e+05
1.453220e+02	2.472880e+05
1.453720e+02	2.482610e+05
1.454220e+02	2.487550e+05
1.454730e+02	2.476030e+05
1.455220e+02	2.477880e+05
1.455730e+02	2.469120e+05
1.456230e+02	2.483510e+05
1.456730e+02	2.481230e+05
1.457220e+02	2.548870e+05
1.457730e+02	2.541170e+05
1.458230e+02	2.519380e+05
1.458730e+02	2.526110e+05
1.459230e+02	2.512560e+05
1.459730e+02	2.519150e+05
1.460240e+02	2.502720e+05
1.460730e+02	2.490970e+05
1.461240e+02	2.490930e+05
1.461740e+02	2.489000e+05
1.462230e+02	2.490720e+05
1.462740e+02	2.487840e+05
1.463240e+02	2.481760e+05
1.463730e+02	2.475250e+05
1.464240e+02	2.465990e+05
1.464740e+02	2.479920e+05
1.465240e+02	2.473110e+05
1.465750e+02	2.475620e+05
1.466240e+02	2.471500e+05
1.466740e+02	2.468130e+05
1.467240e+02	2.535560e+05
1.467750e+02	2.533270e+05
1.468250e+02	2.530330e+05
1.468750e+02	2.511320e+05
1.469250e+02	2.503990e+05
1.469750e+02	2.482020e+05
1.470260e+02	2.495570e+05
1.470760e+02	2.480650e+05
1.471260e+02	2.487870e+05
1.471760e+02	2.474520e+05
1.472260e+02	2.479920e+05
1.472760e+02	2.467080e+05
1.473260e+02	2.468180e+05
1.473760e+02	2.471010e+05
1.474580e+02	2.469360e+05
1.474770e+02	2.469040e+05
1.475260e+02	2.460080e+05
1.475770e+02	2.460500e+05
1.476270e+02	2.462580e+05
1.476770e+02	2.473740e+05
1.477260e+02	2.528640e+05
1.477760e+02	2.529930e+05
1.478270e+02	2.510180e+05
1.478770e+02	2.510420e+05
1.479270e+02	2.488510e+05
1.479770e+02	2.493890e+05
1.480270e+02	2.484900e+05
1.480780e+02	2.477250e+05
1.481280e+02	2.473650e+05
1.481780e+02	2.462660e+05
1.482280e+02	2.465050e+05
1.482770e+02	2.468700e+05
1.483280e+02	2.459530e+05
1.483780e+02	2.459500e+05
1.484280e+02	2.465070e+05
1.484780e+02	2.450130e+05
1.485280e+02	2.465630e+05
1.485780e+02	2.446490e+05
1.486290e+02	2.459030e+05
1.486780e+02	2.452380e+05
1.487290e+02	2.526230e+05
1.487780e+02	2.508020e+05
1.488290e+02	2.504120e+05
1.488790e+02	2.489260e+05
1.489290e+02	2.483830e+05
1.489790e+02	2.468150e+05
1.490290e+02	2.477350e+05
1.490790e+02	2.464200e+05
1.491290e+02	2.463340e+05
1.491790e+02	2.464000e+05
1.492300e+02	2.455660e+05
1.492800e+02	2.466610e+05
1.493290e+02	2.450410e+05
1.493790e+02	2.455830e+05
1.494300e+02	2.441590e+05
1.494800e+02	2.453030e+05
1.495300e+02	2.436870e+05
1.495800e+02	2.452440e+05
1.496300e+02	2.436010e+05
1.496810e+02	2.454610e+05
1.497300e+02	2.497390e+05
1.497800e+02	2.501600e+05
1.498300e+02	2.490520e+05
1.498810e+02	2.491880e+05
1.499310e+02	2.463730e+05
1.499810e+02	2.469640e+05
1.500310e+02	2.454330e+05
1.500810e+02	2.445560e+05
1.501310e+02	2.455300e+05
1.501820e+02	2.449950e+05
1.502310e+02	2.451620e+05
1.502810e+02	2.434340e+05
1.503320e+02	2.439130e+05
1.503820e+02	2.429260e+05
1.504310e+02	2.447530e+05
1.504810e+02	2.434500e+05
1.505320e+02	2.433920e+05
1.505820e+02	2.421270e+05
1.506320e+02	2.431350e+05
1.506820e+02	2.442460e+05
1.507320e+02	2.497690e+05
1.507830e+02	2.485360e+05
1.508320e+02	2.475620e+05
1.508820e+02	2.460850e+05
1.509320e+02	2.449680e+05
1.509830e+02	2.457670e+05
1.510330e+02	2.440480e+05
1.510830e+02	2.445390e+05
1.511330e+02	2.432040e+05
1.511830e+02	2.428910e+05
1.512330e+02	2.427520e+05
1.512830e+02	2.429830e+05
1.513340e+02	2.427810e+05
1.513840e+02	2.424850e+05
1.514340e+02	2.422390e+05
1.514830e+02	2.425000e+05
1.515340e+02	2.410710e+05
1.515840e+02	2.427980e+05
1.516340e+02	2.413490e+05
1.516840e+02	2.418250e+05
1.517340e+02	2.407560e+05
1.517840e+02	2.412630e+05
1.518340e+02	2.422480e+05
1.518840e+02	2.410920e+05
1.519350e+02	2.425100e+05
1.519850e+02	2.398420e+05
1.520350e+02	2.412830e+05
1.520850e+02	2.411870e+05
1.521340e+02	2.414670e+05
1.521850e+02	2.406200e+05
1.522350e+02	2.407150e+05
1.522850e+02	2.406740e+05
1.523350e+02	2.406220e+05
1.523850e+02	2.404020e+05
1.524350e+02	2.407590e+05
1.524850e+02	2.409680e+05
1.525350e+02	2.406460e+05
1.525860e+02	2.404040e+05
1.526350e+02	2.409510e+05
1.526860e+02	2.409500e+05
1.527360e+02	2.400570e+05
1.527860e+02	2.404260e+05
1.528360e+02	2.394920e+05
1.528860e+02	2.405980e+05
