0.000000e+00	3.182090e+05
5.100000e-02	3.193450e+05
9.900000e-02	3.171010e+05
1.500000e-01	3.175980e+05
2.010000e-01	3.181150e+05
2.500000e-01	3.169150e+05
3.000000e-01	3.183230e+05
3.510000e-01	3.178420e+05
4.000000e-01	3.179590e+05
4.500000e-01	3.246910e+05
5.010000e-01	3.250130e+05
5.500000e-01	3.244960e+05
6.010000e-01	3.229260e+05
6.510000e-01	3.208770e+05
7.010000e-01	3.205290e+05
7.510000e-01	3.190520e+05
8.020000e-01	3.206350e+05
8.520000e-01	3.180170e+05
9.020000e-01	3.197750e+05
9.510000e-01	3.182550e+05
1.002000e+00	3.187130e+05
1.052000e+00	3.176510e+05
1.102000e+00	3.183150e+05
1.152000e+00	3.187190e+05
1.202000e+00	3.171950e+05
1.252000e+00	3.170920e+05
1.303000e+00	3.164350e+05
1.352000e+00	3.177990e+05
1.403000e+00	3.179190e+05
1.453000e+00	3.255780e+05
1.502000e+00	3.251410e+05
1.553000e+00	3.239990e+05
1.603000e+00	3.211690e+05
1.653000e+00	3.222470e+05
1.703000e+00	3.197460e+05
1.754000e+00	3.214950e+05
1.804000e+00	3.186940e+05
1.854000e+00	3.194740e+05
1.903000e+00	3.180380e+05
1.954000e+00	3.186130e+05
2.004000e+00	3.183900e+05
2.054000e+00	3.169520e+05
2.104000e+00	3.174190e+05
2.154000e+00	3.166100e+05
2.204000e+00	3.175860e+05
2.254000e+00	3.177310e+05
2.304000e+00	3.173050e+05
2.354000e+00	3.166770e+05
2.404000e+00	3.182740e+05
2.454000e+00	3.240400e+05
2.505000e+00	3.254370e+05
2.555000e+00	3.224450e+05
2.605000e+00	3.221480e+05
2.655000e+00	3.199110e+05
2.705000e+00	3.203360e+05
2.756000e+00	3.196610e+05
2.806000e+00	3.191920e+05
2.855000e+00	3.185400e+05
2.905000e+00	3.180430e+05
2.956000e+00	3.175730e+05
3.005000e+00	3.166590e+05
3.056000e+00	3.175330e+05
3.105000e+00	3.174310e+05
3.156000e+00	3.173980e+05
3.206000e+00	3.163700e+05
3.256000e+00	3.160710e+05
3.306000e+00	3.155750e+05
3.357000e+00	3.173950e+05
3.406000e+00	3.169370e+05
3.456000e+00	3.250070e+05
3.507000e+00	3.238580e+05
3.556000e+00	3.223900e+05
3.607000e+00	3.213860e+05
3.657000e+00	3.206590e+05
3.706000e+00	3.195500e+05
3.756000e+00	3.190590e+05
3.807000e+00	3.188070e+05
3.858000e+00	3.173030e+05
3.908000e+00	3.171860e+05
3.957000e+00	3.176510e+05
4.007000e+00	3.178410e+05
4.057000e+00	3.163950e+05
4.107000e+00	3.162020e+05
4.157000e+00	3.160420e+05
4.207000e+00	3.168450e+05
4.258000e+00	3.160260e+05
4.308000e+00	3.168440e+05
4.358000e+00	3.160860e+05
4.408000e+00	3.162460e+05
4.458000e+00	3.244060e+05
4.508000e+00	3.229730e+05
4.558000e+00	3.227950e+05
4.608000e+00	3.202690e+05
4.659000e+00	3.194860e+05
4.709000e+00	3.192050e+05
4.759000e+00	3.188360e+05
4.809000e+00	3.173510e+05
4.859000e+00	3.183890e+05
4.909000e+00	3.163610e+05
4.960000e+00	3.173450e+05
5.009000e+00	3.153450e+05
5.060000e+00	3.168250e+05
5.109000e+00	3.154940e+05
5.160000e+00	3.167900e+05
5.210000e+00	3.148580e+05
5.259000e+00	3.151850e+05
5.309000e+00	3.158780e+05
5.360000e+00	3.153190e+05
5.410000e+00	3.180240e+05
5.460000e+00	3.234360e+05
5.511000e+00	3.224800e+05
5.561000e+00	3.210000e+05
5.610000e+00	3.199440e+05
5.661000e+00	3.198110e+05
5.711000e+00	3.188890e+05
5.761000e+00	3.182490e+05
5.811000e+00	3.173630e+05
5.861000e+00	3.161530e+05
5.911000e+00	3.171430e+05
5.961000e+00	3.159940e+05
6.011000e+00	3.167380e+05
6.061000e+00	3.150590e+05
6.112000e+00	3.150660e+05
6.161000e+00	3.164260e+05
6.212000e+00	3.183330e+05
6.262000e+00	3.169060e+05
6.312000e+00	3.154000e+05
6.362000e+00	3.156930e+05
6.412000e+00	3.166010e+05
6.462000e+00	3.233890e+05
6.512000e+00	3.223100e+05
6.562000e+00	3.205350e+05
6.613000e+00	3.195820e+05
6.663000e+00	3.189160e+05
6.712000e+00	3.174510e+05
6.763000e+00	3.184330e+05
6.813000e+00	3.164970e+05
6.863000e+00	3.171050e+05
6.912000e+00	3.154850e+05
6.963000e+00	3.153070e+05
7.013000e+00	3.162250e+05
7.063000e+00	3.154090e+05
7.113000e+00	3.155550e+05
7.163000e+00	3.143090e+05
7.213000e+00	3.140610e+05
7.263000e+00	3.143800e+05
7.314000e+00	3.148550e+05
7.364000e+00	3.140130e+05
7.414000e+00	3.183350e+05
7.464000e+00	3.218840e+05
7.514000e+00	3.218770e+05
7.564000e+00	3.193240e+05
7.614000e+00	3.194130e+05
7.665000e+00	3.209020e+05
7.715000e+00	3.185330e+05
7.764000e+00	3.169550e+05
7.815000e+00	3.162410e+05
7.865000e+00	3.163000e+05
7.915000e+00	3.173050e+05
7.965000e+00	3.163470e+05
8.015000e+00	3.156760e+05
8.065000e+00	3.151700e+05
8.116000e+00	3.155460e+05
8.165000e+00	3.151950e+05
8.215000e+00	3.144820e+05
8.266000e+00	3.152130e+05
8.316000e+00	3.138750e+05
8.366000e+00	3.143230e+05
8.416000e+00	3.159510e+05
8.465000e+00	3.227010e+05
8.515000e+00	3.211570e+05
8.565000e+00	3.206620e+05
8.616000e+00	3.187250e+05
8.667000e+00	3.178720e+05
8.716000e+00	3.171170e+05
8.767000e+00	3.178670e+05
8.816000e+00	3.170430e+05
8.867000e+00	3.158200e+05
8.916000e+00	3.154130e+05
8.966000e+00	3.150190e+05
9.016000e+00	3.150230e+05
9.067000e+00	3.144990e+05
9.117000e+00	3.155760e+05
9.167000e+00	3.135160e+05
9.217000e+00	3.152010e+05
9.267000e+00	3.130230e+05
9.318000e+00	3.151550e+05
9.367000e+00	3.138100e+05
9.417000e+00	3.177250e+05
9.468000e+00	3.220200e+05
9.517000e+00	3.214720e+05
9.567000e+00	3.193470e+05
9.618000e+00	3.194700e+05
9.668000e+00	3.176480e+05
9.719000e+00	3.177850e+05
9.768000e+00	3.165290e+05
9.818000e+00	3.157140e+05
9.868000e+00	3.157600e+05
9.918000e+00	3.155490e+05
9.969000e+00	3.157890e+05
1.001900e+01	3.141430e+05
1.006900e+01	3.142460e+05
1.011900e+01	3.139480e+05
1.016800e+01	3.146710e+05
1.021900e+01	3.140820e+05
1.026900e+01	3.147180e+05
1.031900e+01	3.125300e+05
1.037000e+01	3.142530e+05
1.041900e+01	3.166500e+05
1.047000e+01	3.242120e+05
1.051900e+01	3.217840e+05
1.057000e+01	3.203190e+05
1.061900e+01	3.177170e+05
1.067000e+01	3.176490e+05
1.072000e+01	3.174370e+05
1.077000e+01	3.171040e+05
1.082000e+01	3.163820e+05
1.087100e+01	3.162590e+05
1.092100e+01	3.148690e+05
1.097100e+01	3.150020e+05
1.102100e+01	3.152370e+05
1.107100e+01	3.141650e+05
1.112100e+01	3.147960e+05
1.117100e+01	3.131270e+05
1.122100e+01	3.144580e+05
1.127200e+01	3.132250e+05
1.132200e+01	3.145240e+05
1.137100e+01	3.137760e+05
1.142100e+01	3.170120e+05
1.147200e+01	3.220630e+05
1.152200e+01	3.211300e+05
1.157100e+01	3.207390e+05
1.162200e+01	3.187590e+05
1.167200e+01	3.179870e+05
1.172100e+01	3.174170e+05
1.177200e+01	3.170570e+05
1.182200e+01	3.161360e+05
1.187200e+01	3.167430e+05
1.192200e+01	3.158510e+05
1.197200e+01	3.155100e+05
1.202200e+01	3.149560e+05
1.207200e+01	3.155000e+05
1.212200e+01	3.153610e+05
1.217200e+01	3.155610e+05
1.222300e+01	3.144840e+05
1.227300e+01	3.142560e+05
1.232300e+01	3.141370e+05
1.237300e+01	3.146280e+05
1.242400e+01	3.192930e+05
1.247300e+01	3.228400e+05
1.252300e+01	3.228870e+05
1.257400e+01	3.199180e+05
1.262300e+01	3.209260e+05
1.267300e+01	3.185150e+05
1.272400e+01	3.189150e+05
1.277400e+01	3.180190e+05
1.282300e+01	3.175490e+05
1.287500e+01	3.166180e+05
1.292400e+01	3.163000e+05
1.297400e+01	3.153500e+05
1.302400e+01	3.161800e+05
1.307500e+01	3.151490e+05
1.312500e+01	3.151680e+05
1.317500e+01	3.159790e+05
1.322500e+01	3.140780e+05
1.327500e+01	3.147570e+05
1.332500e+01	3.146850e+05
1.337500e+01	3.157490e+05
1.342500e+01	3.180090e+05
1.347500e+01	3.231740e+05
1.352500e+01	3.222980e+05
1.357600e+01	3.213060e+05
1.362500e+01	3.193820e+05
1.367500e+01	3.200570e+05
1.372500e+01	3.178830e+05
1.377600e+01	3.179660e+05
1.382600e+01	3.170690e+05
1.387600e+01	3.176880e+05
1.392600e+01	3.167260e+05
1.397600e+01	3.163890e+05
1.402600e+01	3.152800e+05
1.407600e+01	3.144890e+05
1.412600e+01	3.148380e+05
1.417700e+01	3.147350e+05
1.422700e+01	3.149900e+05
1.427700e+01	3.135300e+05
1.432600e+01	3.148780e+05
1.437700e+01	3.134700e+05
1.442700e+01	3.193940e+05
1.447700e+01	3.229290e+05
1.452700e+01	3.223600e+05
1.457700e+01	3.203270e+05
1.462700e+01	3.200050e+05
1.467800e+01	3.180340e+05
1.472800e+01	3.181800e+05
1.477800e+01	3.179940e+05
1.482700e+01	3.166460e+05
1.487700e+01	3.161740e+05
1.492800e+01	3.158970e+05
1.497800e+01	3.154340e+05
1.502800e+01	3.150520e+05
1.507800e+01	3.152860e+05
1.512800e+01	3.148420e+05
1.517800e+01	3.157080e+05
1.522800e+01	3.144400e+05
1.527800e+01	3.145630e+05
1.532900e+01	3.130680e+05
1.537800e+01	3.146040e+05
1.542900e+01	3.187690e+05
1.547900e+01	3.241050e+05
1.552900e+01	3.221920e+05
1.557900e+01	3.216470e+05
1.562900e+01	3.199880e+05
1.567900e+01	3.180790e+05
1.573000e+01	3.184760e+05
1.577900e+01	3.175320e+05
1.583000e+01	3.177610e+05
1.588000e+01	3.161430e+05
1.592900e+01	3.168530e+05
1.598000e+01	3.158430e+05
1.603000e+01	3.165340e+05
1.607900e+01	3.143660e+05
1.613000e+01	3.164300e+05
1.618000e+01	3.146160e+05
1.623000e+01	3.151980e+05
1.628100e+01	3.141880e+05
1.633000e+01	3.148540e+05
1.638100e+01	3.150910e+05
1.643100e+01	3.195410e+05
1.648100e+01	3.234120e+05
1.653100e+01	3.226280e+05
1.658100e+01	3.202110e+05
1.663100e+01	3.194130e+05
1.668100e+01	3.179590e+05
1.673100e+01	3.183770e+05
1.678200e+01	3.178630e+05
1.683100e+01	3.164570e+05
1.688200e+01	3.161470e+05
1.693100e+01	3.149060e+05
1.698100e+01	3.176020e+05
1.703100e+01	3.149090e+05
1.708200e+01	3.152240e+05
1.713200e+01	3.144300e+05
1.718300e+01	3.149470e+05
1.723200e+01	3.149220e+05
1.728200e+01	3.154720e+05
1.733300e+01	3.152120e+05
1.738200e+01	3.148190e+05
1.743200e+01	3.201300e+05
1.748200e+01	3.238870e+05
1.753300e+01	3.227110e+05
1.758300e+01	3.222010e+05
1.763300e+01	3.216020e+05
1.768300e+01	3.196620e+05
1.773300e+01	3.190070e+05
1.778300e+01	3.183220e+05
1.783300e+01	3.187830e+05
1.788400e+01	3.177260e+05
1.793400e+01	3.183330e+05
1.798400e+01	3.166730e+05
1.803400e+01	3.176830e+05
1.808300e+01	3.160770e+05
1.813400e+01	3.167050e+05
1.818400e+01	3.171710e+05
1.823400e+01	3.162260e+05
1.828400e+01	3.157320e+05
1.833400e+01	3.152450e+05
1.838500e+01	3.165540e+05
1.843500e+01	3.225770e+05
1.848500e+01	3.251640e+05
1.853500e+01	3.238700e+05
1.858400e+01	3.225160e+05
1.863500e+01	3.211090e+05
1.868500e+01	3.208090e+05
1.873500e+01	3.191990e+05
1.878500e+01	3.199390e+05
1.883500e+01	3.186230e+05
1.888600e+01	3.235260e+05
1.893500e+01	3.177890e+05
1.898500e+01	3.198620e+05
1.903600e+01	3.173810e+05
1.908500e+01	3.168780e+05
1.913500e+01	3.165960e+05
1.918600e+01	3.173980e+05
1.923600e+01	3.168020e+05
1.928600e+01	3.173250e+05
1.933600e+01	3.177680e+05
1.938600e+01	3.161000e+05
1.943600e+01	3.234290e+05
1.948700e+01	3.256300e+05
1.953700e+01	3.248500e+05
1.958700e+01	3.245350e+05
1.963600e+01	3.226140e+05
1.968700e+01	3.208390e+05
1.973700e+01	3.211600e+05
1.978700e+01	3.196360e+05
1.983700e+01	3.211260e+05
1.988700e+01	3.193020e+05
1.993600e+01	3.207580e+05
1.998700e+01	3.186040e+05
2.003800e+01	3.188160e+05
2.008800e+01	3.177990e+05
2.013700e+01	3.184520e+05
2.018800e+01	3.194110e+05
2.023700e+01	3.173270e+05
2.028700e+01	3.181070e+05
2.033800e+01	3.172530e+05
2.038800e+01	3.176760e+05
2.043800e+01	3.258410e+05
2.048800e+01	3.275110e+05
2.053900e+01	3.262230e+05
2.058900e+01	3.250940e+05
2.063900e+01	3.230590e+05
2.068900e+01	3.237590e+05
2.073900e+01	3.226420e+05
2.078900e+01	3.222300e+05
2.083800e+01	3.211740e+05
2.088900e+01	3.199970e+05
2.093900e+01	3.209700e+05
2.099000e+01	3.207640e+05
2.103900e+01	3.204310e+05
2.109000e+01	3.202340e+05
2.113900e+01	3.196980e+05
2.119000e+01	3.196210e+05
2.124000e+01	3.195910e+05
2.129000e+01	3.198380e+05
2.134000e+01	3.200150e+05
2.139000e+01	3.183720e+05
2.144000e+01	3.267950e+05
2.149000e+01	3.285950e+05
2.154000e+01	3.274000e+05
2.159000e+01	3.268160e+05
2.164000e+01	3.255150e+05
2.169000e+01	3.244520e+05
2.174000e+01	3.245430e+05
2.179100e+01	3.237110e+05
2.184100e+01	3.232420e+05
2.189100e+01	3.225140e+05
2.194100e+01	3.222210e+05
2.199100e+01	3.226010e+05
2.204100e+01	3.217480e+05
2.209100e+01	3.224350e+05
2.214100e+01	3.212570e+05
2.219100e+01	3.219140e+05
2.224100e+01	3.215340e+05
2.229200e+01	3.213640e+05
2.234200e+01	3.208650e+05
2.239200e+01	3.208280e+05
2.244200e+01	3.295740e+05
2.249300e+01	3.307600e+05
2.254300e+01	3.295990e+05
2.259200e+01	3.280830e+05
2.264200e+01	3.283150e+05
2.269200e+01	3.262180e+05
2.274300e+01	3.262160e+05
2.279300e+01	3.263790e+05
2.284200e+01	3.249120e+05
2.289300e+01	3.239010e+05
2.294300e+01	3.242170e+05
2.299300e+01	3.238010e+05
2.304300e+01	3.244980e+05
2.309400e+01	3.226850e+05
2.314300e+01	3.243290e+05
2.319400e+01	3.237410e+05
2.324400e+01	3.229540e+05
2.329400e+01	3.229500e+05
2.334400e+01	3.224220e+05
2.339500e+01	3.229870e+05
2.344300e+01	3.319610e+05
2.349500e+01	3.325910e+05
2.354300e+01	3.337510e+05
2.359400e+01	3.306510e+05
2.364400e+01	3.288860e+05
2.369500e+01	3.282520e+05
2.374400e+01	3.267210e+05
2.379400e+01	3.273780e+05
2.384400e+01	3.261830e+05
2.389500e+01	3.269490e+05
2.394400e+01	3.251510e+05
2.399500e+01	3.255530e+05
2.404500e+01	3.258710e+05
2.409500e+01	3.257790e+05
2.414500e+01	3.255170e+05
2.419500e+01	3.249480e+05
2.424600e+01	3.249600e+05
2.429500e+01	3.244200e+05
2.434500e+01	3.249790e+05
2.439600e+01	3.254690e+05
2.444600e+01	3.336870e+05
2.449500e+01	3.341310e+05
2.454600e+01	3.325830e+05
2.459600e+01	3.318640e+05
2.464600e+01	3.318050e+05
2.469600e+01	3.303840e+05
2.474600e+01	3.301920e+05
2.479600e+01	3.290070e+05
2.484600e+01	3.290700e+05
2.489600e+01	3.274740e+05
2.494700e+01	3.283710e+05
2.499700e+01	3.274440e+05
2.504600e+01	3.261670e+05
2.509700e+01	3.260830e+05
2.514700e+01	3.256370e+05
2.519700e+01	3.277520e+05
2.524700e+01	3.260910e+05
2.529700e+01	3.268510e+05
2.534700e+01	3.254970e+05
2.539800e+01	3.262240e+05
2.544800e+01	3.345110e+05
2.549800e+01	3.362060e+05
2.554800e+01	3.339880e+05
2.559800e+01	3.339810e+05
2.564800e+01	3.318040e+05
2.569800e+01	3.316870e+05
2.574800e+01	3.301370e+05
2.579800e+01	3.310500e+05
2.584800e+01	3.303650e+05
2.589900e+01	3.290280e+05
2.594900e+01	3.292780e+05
2.599900e+01	3.285320e+05
2.604800e+01	3.292560e+05
2.609800e+01	3.273340e+05
2.614900e+01	3.294490e+05
2.619900e+01	3.276750e+05
2.624900e+01	3.277470e+05
2.629900e+01	3.271590e+05
2.634900e+01	3.285740e+05
2.639900e+01	3.288150e+05
2.644900e+01	3.377040e+05
2.649900e+01	3.367430e+05
2.655000e+01	3.365260e+05
2.660000e+01	3.344040e+05
2.665000e+01	3.349160e+05
2.670000e+01	3.324770e+05
2.675000e+01	3.330870e+05
2.680000e+01	3.323320e+05
2.685100e+01	3.311650e+05
2.690100e+01	3.320650e+05
2.695000e+01	3.301600e+05
2.700000e+01	3.319800e+05
2.705100e+01	3.302240e+05
2.710100e+01	3.301240e+05
2.715100e+01	3.297120e+05
2.720100e+01	3.299930e+05
2.725100e+01	3.303100e+05
2.730100e+01	3.304880e+05
2.735100e+01	3.296070e+05
2.740100e+01	3.307640e+05
2.745200e+01	3.381590e+05
2.750200e+01	3.411170e+05
2.755100e+01	3.374440e+05
2.760200e+01	3.376420e+05
2.765100e+01	3.357090e+05
2.770200e+01	3.343230e+05
2.775200e+01	3.346690e+05
2.780200e+01	3.339340e+05
2.785200e+01	3.341080e+05
2.790200e+01	3.328450e+05
2.795200e+01	3.328090e+05
2.800200e+01	3.321290e+05
2.805200e+01	3.323430e+05
2.810200e+01	3.320900e+05
2.815300e+01	3.323360e+05
2.820300e+01	3.313090e+05
2.825300e+01	3.315780e+05
2.830400e+01	3.301300e+05
2.835300e+01	3.328740e+05
2.840400e+01	3.333410e+05
2.845300e+01	3.417320e+05
2.850300e+01	3.401860e+05
2.855300e+01	3.386670e+05
2.860300e+01	3.391660e+05
2.865300e+01	3.389150e+05
2.870300e+01	3.375290e+05
2.875300e+01	3.364850e+05
2.880400e+01	3.354280e+05
2.885300e+01	3.356100e+05
2.890400e+01	3.347530e+05
2.895400e+01	3.353480e+05
2.900500e+01	3.356280e+05
2.905400e+01	3.343160e+05
2.910500e+01	3.348490e+05
2.915500e+01	3.331650e+05
2.920500e+01	3.350510e+05
2.925400e+01	3.339590e+05
2.930500e+01	3.342770e+05
2.935400e+01	3.343120e+05
2.940500e+01	3.353790e+05
2.945500e+01	3.437840e+05
2.950600e+01	3.430680e+05
2.955500e+01	3.423580e+05
2.960500e+01	3.404320e+05
2.965500e+01	3.406300e+05
2.970600e+01	3.387250e+05
2.975500e+01	3.390750e+05
2.980600e+01	3.384000e+05
2.985600e+01	3.376470e+05
2.990600e+01	3.366800e+05
2.995600e+01	3.364140e+05
3.000600e+01	3.361420e+05
3.005600e+01	3.371570e+05
3.010600e+01	3.355400e+05
3.015700e+01	3.370410e+05
3.020700e+01	3.346500e+05
3.025600e+01	3.361450e+05
3.030600e+01	3.355970e+05
3.035700e+01	3.358480e+05
3.040600e+01	3.374250e+05
3.045700e+01	3.451120e+05
3.050700e+01	3.457060e+05
3.055700e+01	3.436590e+05
3.060700e+01	3.433540e+05
3.065800e+01	3.417350e+05
3.070800e+01	3.416540e+05
3.075800e+01	3.399520e+05
3.080800e+01	3.403330e+05
3.085800e+01	3.397900e+05
3.090800e+01	3.404830e+05
3.095700e+01	3.379350e+05
3.100800e+01	3.396320e+05
3.105800e+01	3.372580e+05
3.110800e+01	3.378310e+05
3.115800e+01	3.379240e+05
3.120800e+01	3.378590e+05
3.125900e+01	3.385220e+05
3.130800e+01	3.369890e+05
3.135900e+01	3.377640e+05
3.140900e+01	3.388340e+05
3.145900e+01	3.479760e+05
3.150900e+01	3.470450e+05
3.155900e+01	3.446430e+05
3.160900e+01	3.447720e+05
3.165900e+01	3.448090e+05
3.170900e+01	3.423370e+05
3.175900e+01	3.431920e+05
3.181000e+01	3.411360e+05
3.186000e+01	3.417410e+05
3.191000e+01	3.404190e+05
3.196000e+01	3.401570e+05
3.201000e+01	3.405890e+05
3.206000e+01	3.400860e+05
3.211000e+01	3.415420e+05
3.216000e+01	3.383940e+05
3.221000e+01	3.406840e+05
3.226000e+01	3.386640e+05
3.231000e+01	3.399280e+05
3.236000e+01	3.401420e+05
3.241000e+01	3.412190e+05
3.246100e+01	3.503280e+05
3.251100e+01	3.481480e+05
3.256100e+01	3.464470e+05
3.261100e+01	3.467730e+05
3.266100e+01	3.447500e+05
3.271200e+01	3.452680e+05
3.276100e+01	3.429230e+05
3.281200e+01	3.432020e+05
3.286200e+01	3.427430e+05
3.291200e+01	3.422710e+05
3.296200e+01	3.419160e+05
3.301200e+01	3.404480e+05
3.306100e+01	3.424190e+05
3.311200e+01	3.398590e+05
3.316200e+01	3.417100e+05
3.321200e+01	3.407780e+05
3.326200e+01	3.411280e+05
3.331300e+01	3.397850e+05
3.336200e+01	3.402770e+05
3.341200e+01	3.421210e+05
3.346200e+01	3.517470e+05
3.351300e+01	3.489090e+05
3.356300e+01	3.484450e+05
3.361300e+01	3.459030e+05
3.366300e+01	3.453600e+05
3.371300e+01	3.450890e+05
3.376300e+01	3.453530e+05
3.381400e+01	3.452480e+05
3.386300e+01	3.431990e+05
3.391400e+01	3.438900e+05
3.396400e+01	3.422320e+05
3.401400e+01	3.437400e+05
3.406400e+01	3.427470e+05
3.411400e+01	3.430210e+05
3.416400e+01	3.441810e+05
3.421400e+01	3.427180e+05
3.426400e+01	3.422650e+05
3.431400e+01	3.422810e+05
3.436400e+01	3.451800e+05
3.441500e+01	3.462090e+05
3.446400e+01	3.520110e+05
3.451400e+01	3.503480e+05
3.456400e+01	3.497590e+05
3.461500e+01	3.480020e+05
3.466500e+01	3.475180e+05
3.471500e+01	3.454780e+05
3.476500e+01	3.465830e+05
3.481500e+01	3.446500e+05
3.486500e+01	3.474440e+05
3.491500e+01	3.443930e+05
3.496500e+01	3.456780e+05
3.501500e+01	3.435590e+05
3.506600e+01	3.441590e+05
3.511600e+01	3.429230e+05
3.516600e+01	3.444870e+05
3.521600e+01	3.434690e+05
3.526600e+01	3.441140e+05
3.531600e+01	3.430600e+05
3.536600e+01	3.433580e+05
3.541700e+01	3.460910e+05
3.546600e+01	3.539180e+05
3.551600e+01	3.513130e+05
3.556700e+01	3.502040e+05
3.561700e+01	3.492530e+05
3.566600e+01	3.485280e+05
3.571600e+01	3.492170e+05
3.576600e+01	3.473630e+05
3.581700e+01	3.476530e+05
3.586700e+01	3.456600e+05
3.591800e+01	3.463440e+05
3.596700e+01	3.454230e+05
3.601800e+01	3.462860e+05
3.606800e+01	3.453280e+05
3.611800e+01	3.454790e+05
3.616700e+01	3.439360e+05
3.621800e+01	3.449350e+05
3.626700e+01	3.439090e+05
3.631800e+01	3.452500e+05
3.636700e+01	3.441100e+05
3.641800e+01	3.484420e+05
3.646800e+01	3.542550e+05
3.651800e+01	3.531770e+05
3.656800e+01	3.520600e+05
3.661800e+01	3.503610e+05
3.666900e+01	3.501250e+05
3.671900e+01	3.488900e+05
3.676800e+01	3.486560e+05
3.681900e+01	3.475750e+05
3.686900e+01	3.470280e+05
3.691900e+01	3.470370e+05
3.697000e+01	3.460280e+05
3.701900e+01	3.461350e+05
3.707000e+01	3.460370e+05
3.712000e+01	3.475280e+05
3.717000e+01	3.466420e+05
3.721900e+01	3.464220e+05
3.727000e+01	3.455570e+05
3.732000e+01	3.443650e+05
3.736900e+01	3.448470e+05
3.742000e+01	3.488770e+05
3.747000e+01	3.546290e+05
3.752100e+01	3.537770e+05
3.757100e+01	3.519700e+05
3.762100e+01	3.519580e+05
3.767000e+01	3.498970e+05
3.772000e+01	3.498810e+05
3.777100e+01	3.488830e+05
3.782100e+01	3.490030e+05
3.787100e+01	3.475430e+05
3.792100e+01	3.482250e+05
3.797100e+01	3.463030e+05
3.802100e+01	3.478730e+05
3.807100e+01	3.466690e+05
3.812100e+01	3.465280e+05
3.817100e+01	3.462960e+05
3.822200e+01	3.453090e+05
3.827100e+01	3.474730e+05
3.832200e+01	3.445940e+05
3.837100e+01	3.460440e+05
3.842200e+01	3.487400e+05
3.847100e+01	3.560180e+05
3.852300e+01	3.547810e+05
3.857100e+01	3.531410e+05
3.862200e+01	3.515700e+05
3.867200e+01	3.513470e+05
3.872200e+01	3.496050e+05
3.877200e+01	3.493040e+05
3.882300e+01	3.491510e+05
3.887200e+01	3.492390e+05
3.892300e+01	3.482550e+05
3.897300e+01	3.469940e+05
3.902300e+01	3.475270e+05
3.907300e+01	3.467470e+05
3.912300e+01	3.473460e+05
3.917300e+01	3.460460e+05
3.922300e+01	3.465700e+05
3.927300e+01	3.448070e+05
3.932300e+01	3.458700e+05
3.937400e+01	3.450360e+05
3.942400e+01	3.505730e+05
3.947300e+01	3.557580e+05
3.952400e+01	3.547090e+05
3.957400e+01	3.519970e+05
3.962400e+01	3.519010e+05
3.967400e+01	3.512240e+05
3.972400e+01	3.508320e+05
3.977400e+01	3.498290e+05
3.982400e+01	3.485500e+05
3.987500e+01	3.475760e+05
3.992500e+01	3.482680e+05
3.997500e+01	3.483600e+05
4.002500e+01	3.484860e+05
4.007500e+01	3.477320e+05
4.012500e+01	3.460980e+05
4.017500e+01	3.461700e+05
4.022500e+01	3.459110e+05
4.027500e+01	3.475190e+05
4.032600e+01	3.457120e+05
4.037500e+01	3.467340e+05
4.042600e+01	3.494170e+05
4.047600e+01	3.565440e+05
4.052600e+01	3.536570e+05
4.057500e+01	3.529190e+05
4.062600e+01	3.521800e+05
4.067600e+01	3.514730e+05
4.072500e+01	3.499750e+05
4.077600e+01	3.490820e+05
4.082700e+01	3.497310e+05
4.087700e+01	3.485330e+05
4.092700e+01	3.489430e+05
4.097700e+01	3.476520e+05
4.102700e+01	3.480250e+05
4.107700e+01	3.464560e+05
4.112700e+01	3.478180e+05
4.117700e+01	3.458270e+05
4.122700e+01	3.471920e+05
4.127700e+01	3.459290e+05
4.132700e+01	3.462700e+05
4.137800e+01	3.459350e+05
4.142800e+01	3.505020e+05
4.147700e+01	3.574610e+05
4.152700e+01	3.545210e+05
4.157800e+01	3.529870e+05
4.162800e+01	3.515620e+05
4.167900e+01	3.521320e+05
4.172800e+01	3.504180e+05
4.177800e+01	3.493050e+05
4.182900e+01	3.486420e+05
4.187800e+01	3.494930e+05
4.192800e+01	3.469640e+05
4.197800e+01	3.487060e+05
4.202900e+01	3.471800e+05
4.207900e+01	3.488960e+05
4.212900e+01	3.460190e+05
4.217800e+01	3.463210e+05
4.222900e+01	3.461860e+05
4.227900e+01	3.470300e+05
4.232900e+01	3.468960e+05
4.238000e+01	3.458250e+05
4.242900e+01	3.510180e+05
4.248000e+01	3.557430e+05
4.253000e+01	3.548240e+05
4.258000e+01	3.527860e+05
4.263000e+01	3.519760e+05
4.268000e+01	3.497600e+05
4.273000e+01	3.500460e+05
4.278000e+01	3.483410e+05
4.283000e+01	3.497940e+05
4.288000e+01	3.476520e+05
4.293000e+01	3.490860e+05
4.298100e+01	3.465160e+05
4.303100e+01	3.474440e+05
4.308100e+01	3.471880e+05
4.313100e+01	3.466430e+05
4.318100e+01	3.477140e+05
4.323100e+01	3.457770e+05
4.328000e+01	3.458050e+05
4.333100e+01	3.459080e+05
4.338100e+01	3.461710e+05
4.343100e+01	3.522280e+05
4.348200e+01	3.561510e+05
4.353200e+01	3.538980e+05
4.358200e+01	3.521180e+05
4.363200e+01	3.512030e+05
4.368100e+01	3.517550e+05
4.373200e+01	3.503030e+05
4.378200e+01	3.498930e+05
4.383200e+01	3.483860e+05
4.388200e+01	3.480850e+05
4.393300e+01	3.477000e+05
4.398300e+01	3.477320e+05
4.403300e+01	3.494990e+05
4.408200e+01	3.474840e+05
4.413200e+01	3.470240e+05
4.418300e+01	3.458770e+05
4.423300e+01	3.474670e+05
4.428300e+01	3.460860e+05
4.433400e+01	3.474460e+05
4.438300e+01	3.456460e+05
4.443300e+01	3.525840e+05
4.448300e+01	3.561090e+05
4.453400e+01	3.543490e+05
4.458400e+01	3.540000e+05
4.463400e+01	3.519770e+05
4.468400e+01	3.514090e+05
4.473400e+01	3.503610e+05
4.478300e+01	3.497420e+05
4.483300e+01	3.497990e+05
4.488400e+01	3.500670e+05
4.493400e+01	3.487410e+05
4.498400e+01	3.475690e+05
4.503500e+01	3.484110e+05
4.508400e+01	3.479730e+05
4.513500e+01	3.471840e+05
4.518400e+01	3.488650e+05
4.523500e+01	3.461680e+05
4.528500e+01	3.474120e+05
4.533400e+01	3.461370e+05
4.538400e+01	3.475130e+05
4.543500e+01	3.533180e+05
4.548500e+01	3.560340e+05
4.553500e+01	3.542060e+05
4.558500e+01	3.525590e+05
4.563500e+01	3.525630e+05
4.568600e+01	3.514180e+05
4.573500e+01	3.512830e+05
4.578500e+01	3.491910e+05
4.583500e+01	3.491960e+05
4.588600e+01	3.487320e+05
4.593600e+01	3.490820e+05
4.598600e+01	3.478250e+05
4.603600e+01	3.485510e+05
4.608600e+01	3.475330e+05
4.613700e+01	3.469450e+05
4.618600e+01	3.475260e+05
4.623700e+01	3.465420e+05
4.628700e+01	3.478020e+05
4.633700e+01	3.466630e+05
4.638600e+01	3.454250e+05
4.643700e+01	3.531540e+05
4.648700e+01	3.552610e+05
4.653700e+01	3.546420e+05
4.658700e+01	3.525890e+05
4.663700e+01	3.522220e+05
4.668700e+01	3.501470e+05
4.673700e+01	3.497390e+05
4.678700e+01	3.488840e+05
4.683800e+01	3.496800e+05
4.688700e+01	3.482950e+05
4.693800e+01	3.479540e+05
4.698800e+01	3.468910e+05
4.703800e+01	3.461410e+05
4.708800e+01	3.479900e+05
4.713800e+01	3.464370e+05
4.718800e+01	3.463380e+05
4.723900e+01	3.455970e+05
4.728800e+01	3.454360e+05
4.733800e+01	3.462350e+05
4.738800e+01	3.454930e+05
4.743900e+01	3.529290e+05
4.748800e+01	3.541720e+05
4.753900e+01	3.521120e+05
4.758900e+01	3.518280e+05
4.763900e+01	3.507600e+05
4.768900e+01	3.501110e+05
4.774000e+01	3.490100e+05
4.778900e+01	3.475470e+05
4.784000e+01	3.475940e+05
4.788900e+01	3.471060e+05
4.794000e+01	3.482560e+05
4.798900e+01	3.465920e+05
4.804000e+01	3.462110e+05
4.809100e+01	3.460810e+05
4.814000e+01	3.453620e+05
4.819000e+01	3.457470e+05
4.824100e+01	3.457160e+05
4.829100e+01	3.464750e+05
4.834000e+01	3.452240e+05
4.839100e+01	3.451220e+05
4.844100e+01	3.520270e+05
4.849100e+01	3.545060e+05
4.854100e+01	3.523760e+05
4.859100e+01	3.514260e+05
4.864100e+01	3.493660e+05
4.869100e+01	3.494290e+05
4.874100e+01	3.475580e+05
4.879100e+01	3.483730e+05
4.884100e+01	3.473360e+05
4.889100e+01	3.475060e+05
4.894100e+01	3.463520e+05
4.899200e+01	3.454760e+05
4.904100e+01	3.469510e+05
4.909200e+01	3.458820e+05
4.914200e+01	3.463400e+05
4.919200e+01	3.445880e+05
4.924200e+01	3.459400e+05
4.929300e+01	3.456330e+05
4.934200e+01	3.459660e+05
4.939300e+01	3.455580e+05
4.944300e+01	3.529310e+05
4.949300e+01	3.532640e+05
4.954200e+01	3.525110e+05
4.959300e+01	3.495730e+05
4.964300e+01	3.506550e+05
4.969200e+01	3.482960e+05
4.974300e+01	3.492440e+05
4.979400e+01	3.463350e+05
4.984300e+01	3.473290e+05
4.989300e+01	3.475050e+05
4.994400e+01	3.469070e+05
4.999300e+01	3.456790e+05
5.004300e+01	3.452160e+05
5.009400e+01	3.457450e+05
5.014400e+01	3.450020e+05
5.019400e+01	3.454940e+05
5.024400e+01	3.450330e+05
5.029300e+01	3.448620e+05
5.034400e+01	3.451670e+05
5.039500e+01	3.448410e+05
5.044400e+01	3.511270e+05
5.049400e+01	3.541690e+05
5.054400e+01	3.512720e+05
5.059500e+01	3.538810e+05
5.064500e+01	3.489630e+05
5.069400e+01	3.492640e+05
5.074600e+01	3.473070e+05
5.079500e+01	3.473630e+05
5.084500e+01	3.465610e+05
5.089500e+01	3.458370e+05
5.094500e+01	3.452830e+05
5.099600e+01	3.448160e+05
5.104500e+01	3.454230e+05
5.109500e+01	3.444690e+05
5.114600e+01	3.437660e+05
5.119500e+01	3.439060e+05
5.124600e+01	3.430260e+05
5.129600e+01	3.429000e+05
5.134600e+01	3.442870e+05
5.139600e+01	3.427670e+05
5.144600e+01	3.514700e+05
5.149600e+01	3.504910e+05
5.154700e+01	3.500590e+05
5.159600e+01	3.476330e+05
5.164600e+01	3.483880e+05
5.169700e+01	3.471360e+05
5.174700e+01	3.461450e+05
5.179700e+01	3.450720e+05
5.184600e+01	3.445500e+05
5.189700e+01	3.450660e+05
5.194700e+01	3.443440e+05
5.199700e+01	3.442070e+05
5.204700e+01	3.431490e+05
5.209700e+01	3.437820e+05
5.214700e+01	3.421540e+05
5.219800e+01	3.435580e+05
5.224800e+01	3.423640e+05
5.229800e+01	3.466810e+05
5.234800e+01	3.433020e+05
5.239700e+01	3.425170e+05
5.244800e+01	3.493510e+05
5.249800e+01	3.507820e+05
5.254900e+01	3.491530e+05
5.259800e+01	3.461920e+05
5.264900e+01	3.470020e+05
5.269800e+01	3.453590e+05
5.274900e+01	3.464410e+05
5.279900e+01	3.434280e+05
5.284900e+01	3.450260e+05
5.289900e+01	3.429610e+05
5.294900e+01	3.441000e+05
5.299900e+01	3.422880e+05
5.304900e+01	3.424470e+05
5.310000e+01	3.416550e+05
5.314900e+01	3.426560e+05
5.319900e+01	3.412940e+05
5.325000e+01	3.419090e+05
5.329900e+01	3.424420e+05
5.335000e+01	3.408780e+05
5.340000e+01	3.425510e+05
5.345000e+01	3.478780e+05
5.350000e+01	3.501210e+05
5.355000e+01	3.469780e+05
5.360000e+01	3.468790e+05
5.365000e+01	3.443030e+05
5.370100e+01	3.449000e+05
5.375100e+01	3.426560e+05
5.380000e+01	3.438880e+05
5.385100e+01	3.425640e+05
5.390100e+01	3.438580e+05
5.395100e+01	3.426330e+05
5.400100e+01	3.415070e+05
5.405100e+01	3.412400e+05
5.410100e+01	3.416370e+05
5.415100e+01	3.413990e+05
5.420200e+01	3.411030e+05
5.425100e+01	3.408240e+05
5.430100e+01	3.403540e+05
5.435200e+01	3.404580e+05
5.440200e+01	3.403370e+05
5.445200e+01	3.490310e+05
5.450100e+01	3.472870e+05
5.455200e+01	3.469920e+05
5.460200e+01	3.435250e+05
5.465200e+01	3.441890e+05
5.470200e+01	3.426270e+05
5.475200e+01	3.431450e+05
5.480200e+01	3.420250e+05
5.485200e+01	3.415170e+05
5.490300e+01	3.409880e+05
5.495300e+01	3.407110e+05
5.500200e+01	3.409000e+05
5.505300e+01	3.399360e+05
5.510300e+01	3.412140e+05
5.515300e+01	3.382900e+05
5.520300e+01	3.402020e+05
5.525400e+01	3.387130e+05
5.530300e+01	3.406040e+05
5.535400e+01	3.388420e+05
5.540300e+01	3.395600e+05
5.545300e+01	3.464920e+05
5.550400e+01	3.470810e+05
5.555400e+01	3.445120e+05
5.560400e+01	3.444260e+05
5.565400e+01	3.419610e+05
5.570400e+01	3.427050e+05
5.575500e+01	3.400440e+05
5.580500e+01	3.415890e+05
5.585500e+01	3.398830e+05
5.590500e+01	3.404120e+05
5.595500e+01	3.395090e+05
5.600500e+01	3.376350e+05
5.605500e+01	3.385950e+05
5.610500e+01	3.377450e+05
5.615500e+01	3.386710e+05
5.620500e+01	3.376430e+05
5.625500e+01	3.381870e+05
5.630500e+01	3.364540e+05
5.635500e+01	3.378320e+05
5.640500e+01	3.375950e+05
5.645500e+01	3.456490e+05
5.650500e+01	3.437580e+05
5.655500e+01	3.439290e+05
5.660500e+01	3.406270e+05
5.665600e+01	3.410220e+05
5.670500e+01	3.392680e+05
5.675600e+01	3.395950e+05
5.680600e+01	3.385640e+05
5.685600e+01	3.380260e+05
5.690600e+01	3.381630e+05
5.695700e+01	3.372320e+05
5.700600e+01	3.376340e+05
5.705700e+01	3.375370e+05
5.710700e+01	3.362910e+05
5.715600e+01	3.360900e+05
5.720600e+01	3.360580e+05
5.725600e+01	3.357410e+05
5.730700e+01	3.366490e+05
5.735700e+01	3.352980e+05
5.740700e+01	3.369850e+05
5.745700e+01	3.420080e+05
5.750700e+01	3.433830e+05
5.755800e+01	3.406220e+05
5.760800e+01	3.402100e+05
5.765800e+01	3.379530e+05
5.770800e+01	3.379870e+05
5.775800e+01	3.368570e+05
5.780800e+01	3.372310e+05
5.785900e+01	3.360610e+05
5.790800e+01	3.361710e+05
5.795900e+01	3.351300e+05
5.800800e+01	3.346220e+05
5.805900e+01	3.347580e+05
5.810800e+01	3.340990e+05
5.815900e+01	3.349340e+05
5.820900e+01	3.324370e+05
5.825800e+01	3.348450e+05
5.830900e+01	3.320030e+05
5.835900e+01	3.350220e+05
5.840900e+01	3.339460e+05
5.845900e+01	3.423110e+05
5.850900e+01	3.396970e+05
5.855900e+01	3.382450e+05
5.861000e+01	3.372380e+05
5.866000e+01	3.365050e+05
5.871000e+01	3.366790e+05
5.876000e+01	3.349220e+05
5.881000e+01	3.340240e+05
5.886000e+01	3.335290e+05
5.891000e+01	3.334320e+05
5.896000e+01	3.331770e+05
5.901100e+01	3.337500e+05
5.906100e+01	3.325690e+05
5.911000e+01	3.323490e+05
5.916000e+01	3.309750e+05
5.921000e+01	3.325950e+05
5.926100e+01	3.315790e+05
5.931100e+01	3.332630e+05
5.936100e+01	3.305080e+05
5.941100e+01	3.332610e+05
5.946200e+01	3.381220e+05
5.951100e+01	3.385520e+05
5.956100e+01	3.376350e+05
5.961100e+01	3.349370e+05
5.966100e+01	3.342310e+05
5.971100e+01	3.336170e+05
5.976200e+01	3.330120e+05
5.981200e+01	3.319100e+05
5.986200e+01	3.329890e+05
5.991200e+01	3.318830e+05
5.996200e+01	3.310470e+05
6.001200e+01	3.303260e+05
6.006200e+01	3.303950e+05
6.011200e+01	3.305230e+05
6.016200e+01	3.310630e+05
6.021300e+01	3.298070e+05
6.026300e+01	3.295930e+05
6.031300e+01	3.290470e+05
6.036300e+01	3.297270e+05
6.041300e+01	3.317570e+05
6.046300e+01	3.370760e+05
6.051300e+01	3.362050e+05
6.056300e+01	3.331200e+05
6.061300e+01	3.336110e+05
6.066400e+01	3.317240e+05
6.071400e+01	3.331540e+05
6.076400e+01	3.309990e+05
6.081400e+01	3.298160e+05
6.086400e+01	3.295920e+05
6.091400e+01	3.297780e+05
6.096400e+01	3.294000e+05
6.101400e+01	3.286020e+05
6.106400e+01	3.278830e+05
6.111500e+01	3.276190e+05
6.116400e+01	3.281020e+05
6.121400e+01	3.271730e+05
6.126500e+01	3.306100e+05
6.131500e+01	3.286020e+05
6.136500e+01	3.280230e+05
6.141500e+01	3.278970e+05
6.146600e+01	3.344730e+05
6.151500e+01	3.327330e+05
6.156500e+01	3.324910e+05
6.161600e+01	3.304810e+05
6.166500e+01	3.295040e+05
6.171600e+01	3.289250e+05
6.176500e+01	3.285040e+05
6.181600e+01	3.280640e+05
6.186500e+01	3.277980e+05
6.191500e+01	3.269370e+05
6.196600e+01	3.266980e+05
6.201600e+01	3.258300e+05
6.206600e+01	3.255880e+05
6.211600e+01	3.266920e+05
6.216600e+01	3.249020e+05
6.221600e+01	3.259550e+05
6.226700e+01	3.242540e+05
6.231600e+01	3.251890e+05
6.236600e+01	3.250040e+05
6.241600e+01	3.269800e+05
6.246700e+01	3.317590e+05
6.251700e+01	3.310720e+05
6.256700e+01	3.288630e+05
6.261700e+01	3.282110e+05
6.266800e+01	3.264980e+05
6.271700e+01	3.268510e+05
6.276700e+01	3.253990e+05
6.281700e+01	3.260470e+05
6.286800e+01	3.255560e+05
6.291800e+01	3.250440e+05
6.296800e+01	3.245620e+05
6.301800e+01	3.229630e+05
6.306800e+01	3.237630e+05
6.311800e+01	3.232750e+05
6.316900e+01	3.244750e+05
6.321800e+01	3.225450e+05
6.326800e+01	3.231100e+05
6.331800e+01	3.228560e+05
6.336900e+01	3.226470e+05
6.341900e+01	3.248160e+05
6.346800e+01	3.297450e+05
6.351900e+01	3.283030e+05
6.356900e+01	3.273840e+05
6.361900e+01	3.257420e+05
6.366900e+01	3.249010e+05
6.371900e+01	3.249030e+05
6.377000e+01	3.235800e+05
6.381900e+01	3.233680e+05
6.387000e+01	3.218940e+05
6.392000e+01	3.218030e+05
6.397000e+01	3.212400e+05
6.402000e+01	3.211990e+05
6.407000e+01	3.222490e+05
6.412000e+01	3.209020e+05
6.417000e+01	3.212900e+05
6.422000e+01	3.192480e+05
6.427000e+01	3.210870e+05
6.432000e+01	3.203620e+05
6.437100e+01	3.204920e+05
6.442100e+01	3.228010e+05
6.447100e+01	3.273340e+05
6.452000e+01	3.251410e+05
6.457100e+01	3.254740e+05
6.462100e+01	3.234140e+05
6.467100e+01	3.239000e+05
6.472100e+01	3.220150e+05
6.477100e+01	3.219080e+05
6.482100e+01	3.200980e+05
6.487200e+01	3.206180e+05
6.492100e+01	3.205670e+05
6.497200e+01	3.196660e+05
6.502100e+01	3.189180e+05
6.507100e+01	3.219480e+05
6.512100e+01	3.202010e+05
6.517100e+01	3.192880e+05
6.522200e+01	3.190730e+05
6.527200e+01	3.184670e+05
6.532300e+01	3.180460e+05
6.537300e+01	3.167930e+05
6.542200e+01	3.206380e+05
6.547300e+01	3.245210e+05
6.552300e+01	3.247210e+05
6.557200e+01	3.223450e+05
6.562300e+01	3.216720e+05
6.567300e+01	3.197140e+05
6.572300e+01	3.197190e+05
6.577300e+01	3.191410e+05
6.582300e+01	3.195180e+05
6.587300e+01	3.187880e+05
6.592300e+01	3.177680e+05
6.597300e+01	3.170670e+05
6.602300e+01	3.178430e+05
6.607300e+01	3.182090e+05
6.612300e+01	3.176170e+05
6.617300e+01	3.171390e+05
6.622400e+01	3.151250e+05
6.627400e+01	3.168020e+05
6.632300e+01	3.161270e+05
6.637400e+01	3.172480e+05
6.642400e+01	3.187090e+05
6.647500e+01	3.233920e+05
6.652400e+01	3.206370e+05
6.657400e+01	3.205920e+05
6.662400e+01	3.202680e+05
6.667400e+01	3.193700e+05
6.672500e+01	3.178780e+05
6.677400e+01	3.168640e+05
6.682500e+01	3.159020e+05
6.687600e+01	3.172230e+05
6.692500e+01	3.166410e+05
6.697500e+01	3.165970e+05
6.702500e+01	3.157950e+05
6.707500e+01	3.147080e+05
6.712600e+01	3.150180e+05
6.717500e+01	3.145130e+05
6.722500e+01	3.153260e+05
6.727500e+01	3.143220e+05
6.732600e+01	3.156090e+05
6.737600e+01	3.131770e+05
6.742600e+01	3.188090e+05
6.747600e+01	3.207630e+05
6.752600e+01	3.202880e+05
6.757600e+01	3.189560e+05
6.762600e+01	3.177700e+05
6.767600e+01	3.165640e+05
6.772600e+01	3.160230e+05
6.777700e+01	3.165550e+05
6.782700e+01	3.152590e+05
6.787700e+01	3.146790e+05
6.792700e+01	3.131050e+05
6.797700e+01	3.140970e+05
6.802700e+01	3.134850e+05
6.807700e+01	3.142570e+05
6.812700e+01	3.126950e+05
6.817700e+01	3.138760e+05
6.822800e+01	3.116410e+05
6.827700e+01	3.133360e+05
6.832800e+01	3.119210e+05
6.837800e+01	3.135170e+05
6.842700e+01	3.159080e+05
6.847800e+01	3.208000e+05
6.852800e+01	3.180580e+05
6.857800e+01	3.173460e+05
6.862800e+01	3.162190e+05
6.867900e+01	3.146640e+05
6.872900e+01	3.150860e+05
6.877900e+01	3.136140e+05
6.882900e+01	3.142060e+05
6.887900e+01	3.127010e+05
6.892800e+01	3.125540e+05
6.897900e+01	3.124870e+05
6.902900e+01	3.119030e+05
6.907900e+01	3.108070e+05
6.912900e+01	3.124510e+05
6.917900e+01	3.102810e+05
6.923000e+01	3.124370e+05
6.928000e+01	3.100400e+05
6.933000e+01	3.117930e+05
6.937900e+01	3.105260e+05
6.943000e+01	3.149300e+05
6.947900e+01	3.185000e+05
6.953000e+01	3.169120e+05
6.958000e+01	3.161240e+05
6.963000e+01	3.142290e+05
6.968100e+01	3.141700e+05
6.973100e+01	3.126610e+05
6.978100e+01	3.125560e+05
6.983100e+01	3.123150e+05
6.988100e+01	3.120110e+05
6.993100e+01	3.109950e+05
6.998000e+01	3.117710e+05
7.003100e+01	3.098350e+05
7.008100e+01	3.123120e+05
7.013100e+01	3.093260e+05
7.018200e+01	3.117730e+05
7.023100e+01	3.096870e+05
7.028200e+01	3.104100e+05
7.033100e+01	3.105560e+05
7.038100e+01	3.097880e+05
7.043100e+01	3.145670e+05
7.048200e+01	3.176400e+05
7.053200e+01	3.160700e+05
7.058200e+01	3.150440e+05
7.063200e+01	3.135730e+05
7.068200e+01	3.133950e+05
7.073200e+01	3.124040e+05
7.078200e+01	3.113260e+05
7.083300e+01	3.113350e+05
7.088200e+01	3.106190e+05
7.093300e+01	3.112760e+05
7.098300e+01	3.100750e+05
7.103200e+01	3.098490e+05
7.108300e+01	3.097840e+05
7.113300e+01	3.102690e+05
7.118300e+01	3.093600e+05
7.123300e+01	3.091250e+05
7.128300e+01	3.096770e+05
7.133300e+01	3.090030e+05
7.138400e+01	3.103900e+05
7.143300e+01	3.139370e+05
7.148400e+01	3.171900e+05
7.153400e+01	3.150110e+05
7.158400e+01	3.142130e+05
7.163400e+01	3.121800e+05
7.168400e+01	3.133160e+05
7.173400e+01	3.115140e+05
7.178500e+01	3.118500e+05
7.183400e+01	3.104900e+05
7.188400e+01	3.094760e+05
7.193400e+01	3.099810e+05
7.198400e+01	3.102170e+05
7.203400e+01	3.100530e+05
7.208400e+01	3.094690e+05
7.213500e+01	3.094000e+05
7.218500e+01	3.085640e+05
7.223500e+01	3.084990e+05
7.228500e+01	3.085110e+05
7.233500e+01	3.094800e+05
7.238600e+01	3.086630e+05
7.243500e+01	3.136200e+05
7.248500e+01	3.153760e+05
7.253500e+01	3.154350e+05
7.258500e+01	3.133180e+05
7.263600e+01	3.126740e+05
7.268600e+01	3.114940e+05
7.273600e+01	3.114920e+05
7.278600e+01	3.101000e+05
7.283600e+01	3.106690e+05
7.288700e+01	3.094860e+05
7.293600e+01	3.097140e+05
7.298700e+01	3.092980e+05
7.303700e+01	3.080830e+05
7.308700e+01	3.085350e+05
7.313600e+01	3.084690e+05
7.318700e+01	3.095770e+05
7.323700e+01	3.082770e+05
7.328700e+01	3.085790e+05
7.333700e+01	3.079200e+05
7.338700e+01	3.080750e+05
7.343700e+01	3.129750e+05
7.348700e+01	3.158450e+05
7.353700e+01	3.143800e+05
7.358800e+01	3.132280e+05
7.363700e+01	3.120600e+05
7.368700e+01	3.108790e+05
7.373800e+01	3.106970e+05
7.378800e+01	3.108250e+05
7.383700e+01	3.098470e+05
7.388800e+01	3.090460e+05
7.393800e+01	3.097090e+05
7.398900e+01	3.087020e+05
7.403800e+01	3.094900e+05
7.408800e+01	3.072840e+05
7.413800e+01	3.090980e+05
7.418900e+01	3.076220e+05
7.423900e+01	3.088800e+05
7.428900e+01	3.075690e+05
7.433900e+01	3.082290e+05
7.438800e+01	3.073800e+05
7.443900e+01	3.131240e+05
7.449000e+01	3.150980e+05
7.453900e+01	3.148180e+05
7.458900e+01	3.124870e+05
7.463900e+01	3.152580e+05
7.468900e+01	3.108110e+05
7.473900e+01	3.110450e+05
7.479100e+01	3.112230e+05
7.484000e+01	3.091200e+05
7.489000e+01	3.096920e+05
7.494000e+01	3.084840e+05
7.499000e+01	3.086210e+05
7.504000e+01	3.084110e+05
7.509000e+01	3.086130e+05
7.514000e+01	3.079940e+05
7.519000e+01	3.090640e+05
7.524100e+01	3.078070e+05
7.529100e+01	3.092090e+05
7.534100e+01	3.076660e+05
7.539100e+01	3.086480e+05
7.544100e+01	3.079390e+05
7.549100e+01	3.080600e+05
7.554100e+01	3.069370e+05
7.559100e+01	3.079050e+05
7.564100e+01	3.076890e+05
7.569100e+01	3.081950e+05
7.574100e+01	3.076400e+05
7.579200e+01	3.071310e+05
7.584100e+01	3.073410e+05
7.589100e+01	3.071660e+05
7.594100e+01	3.075320e+05
7.599200e+01	3.083180e+05
7.604200e+01	3.078640e+05
7.609200e+01	3.066860e+05
7.614200e+01	3.074730e+05
7.619300e+01	3.076910e+05
7.624300e+01	3.077410e+05
7.629300e+01	3.078330e+05
7.634300e+01	3.070290e+05
7.639300e+01	3.070870e+05
7.644200e+01	3.072120e+05
7.649300e+01	3.076630e+05
7.654400e+01	3.071780e+05
7.659300e+01	3.092690e+05
7.664300e+01	3.091480e+05
7.669300e+01	3.074400e+05
7.674400e+01	3.075320e+05
7.679400e+01	3.148810e+05
7.684300e+01	3.158820e+05
7.689400e+01	3.142490e+05
7.694400e+01	3.121690e+05
7.699400e+01	3.126240e+05
7.704400e+01	3.117270e+05
7.709400e+01	3.115870e+05
7.714400e+01	3.105040e+05
7.719400e+01	3.100560e+05
7.724400e+01	3.097390e+05
7.729400e+01	3.088730e+05
7.734500e+01	3.086820e+05
7.739500e+01	3.088470e+05
7.744500e+01	3.088040e+05
7.749600e+01	3.085820e+05
7.754500e+01	3.079000e+05
7.759500e+01	3.075910e+05
7.764500e+01	3.085960e+05
7.769500e+01	3.076790e+05
7.774600e+01	3.088130e+05
7.779600e+01	3.154760e+05
7.784500e+01	3.156370e+05
7.789500e+01	3.140940e+05
7.794600e+01	3.134790e+05
7.799600e+01	3.124660e+05
7.804600e+01	3.121970e+05
7.809700e+01	3.116610e+05
7.814600e+01	3.099390e+05
7.819600e+01	3.099610e+05
7.824700e+01	3.095340e+05
7.829700e+01	3.101810e+05
7.834700e+01	3.096840e+05
7.839700e+01	3.093730e+05
7.844600e+01	3.081470e+05
7.849700e+01	3.077250e+05
7.854700e+01	3.089310e+05
7.859700e+01	3.085500e+05
7.864700e+01	3.083560e+05
7.869700e+01	3.091350e+05
7.874700e+01	3.082030e+05
7.879800e+01	3.165270e+05
7.884800e+01	3.159040e+05
7.889700e+01	3.147860e+05
7.894800e+01	3.137790e+05
7.899800e+01	3.158570e+05
7.904800e+01	3.130550e+05
7.909800e+01	3.118040e+05
7.914800e+01	3.115370e+05
7.919800e+01	3.105420e+05
7.924800e+01	3.105660e+05
7.929900e+01	3.093090e+05
7.934800e+01	3.102890e+05
7.939900e+01	3.095570e+05
7.944900e+01	3.106470e+05
7.949900e+01	3.089620e+05
7.954900e+01	3.093990e+05
7.959900e+01	3.093370e+05
7.964900e+01	3.090050e+05
7.969900e+01	3.083990e+05
7.974900e+01	3.096450e+05
7.980000e+01	3.165730e+05
7.985000e+01	3.176660e+05
7.989900e+01	3.154460e+05
7.994900e+01	3.151120e+05
8.000000e+01	3.141760e+05
8.005000e+01	3.127680e+05
8.010000e+01	3.129110e+05
8.014900e+01	3.109660e+05
8.020000e+01	3.122880e+05
8.024900e+01	3.114230e+05
8.030000e+01	3.113450e+05
8.035100e+01	3.112130e+05
8.040100e+01	3.099430e+05
8.045100e+01	3.099100e+05
8.050100e+01	3.110080e+05
8.055100e+01	3.095420e+05
8.060000e+01	3.107580e+05
8.065000e+01	3.085680e+05
8.070100e+01	3.104220e+05
8.075100e+01	3.102150e+05
8.080200e+01	3.186990e+05
8.085100e+01	3.191880e+05
8.090200e+01	3.159060e+05
8.095100e+01	3.167960e+05
8.100100e+01	3.131610e+05
8.105200e+01	3.136960e+05
8.110200e+01	3.129850e+05
8.115200e+01	3.137000e+05
8.120300e+01	3.126600e+05
8.125100e+01	3.116290e+05
8.130200e+01	3.111190e+05
8.135200e+01	3.116630e+05
8.140200e+01	3.118280e+05
8.145200e+01	3.116370e+05
8.150200e+01	3.099580e+05
8.155200e+01	3.110950e+05
8.160200e+01	3.102380e+05
8.165200e+01	3.107820e+05
8.170200e+01	3.104440e+05
8.175300e+01	3.112590e+05
8.180300e+01	3.206940e+05
8.185300e+01	3.186230e+05
8.190300e+01	3.184970e+05
8.195300e+01	3.154420e+05
8.200400e+01	3.166410e+05
8.205400e+01	3.149810e+05
8.210400e+01	3.148990e+05
8.215300e+01	3.136820e+05
8.220300e+01	3.135320e+05
8.225400e+01	3.127450e+05
8.230400e+01	3.135350e+05
8.235400e+01	3.116660e+05
8.240400e+01	3.127680e+05
8.245400e+01	3.121760e+05
8.250400e+01	3.120910e+05
8.255400e+01	3.120600e+05
8.260500e+01	3.107710e+05
8.265400e+01	3.114280e+05
8.270400e+01	3.110110e+05
8.275400e+01	3.133950e+05
8.280400e+01	3.218170e+05
8.285500e+01	3.206270e+05
8.290500e+01	3.182760e+05
8.295500e+01	3.179900e+05
8.300500e+01	3.164440e+05
8.305500e+01	3.166380e+05
8.310500e+01	3.156190e+05
8.315500e+01	3.155840e+05
8.320500e+01	3.144650e+05
8.325500e+01	3.151690e+05
8.330500e+01	3.139570e+05
8.335600e+01	3.142460e+05
8.340600e+01	3.138230e+05
8.345600e+01	3.138310e+05
8.350600e+01	3.128610e+05
8.355600e+01	3.127330e+05
8.360600e+01	3.136770e+05
8.365600e+01	3.127670e+05
8.370600e+01	3.137660e+05
8.375600e+01	3.138440e+05
8.380700e+01	3.229350e+05
8.385600e+01	3.212990e+05
8.390700e+01	3.216630e+05
8.395700e+01	3.193090e+05
8.400700e+01	3.181980e+05
8.405700e+01	3.167470e+05
8.410800e+01	3.172680e+05
8.415800e+01	3.163100e+05
8.420800e+01	3.172270e+05
8.425700e+01	3.158150e+05
8.430700e+01	3.160630e+05
8.435800e+01	3.146660e+05
8.440800e+01	3.141070e+05
8.445800e+01	3.149040e+05
8.450800e+01	3.148100e+05
8.455800e+01	3.160820e+05
8.460900e+01	3.143230e+05
8.465800e+01	3.145010e+05
8.470800e+01	3.139820e+05
8.475800e+01	3.157410e+05
8.480900e+01	3.250840e+05
8.485900e+01	3.240030e+05
8.490900e+01	3.215990e+05
8.495900e+01	3.206520e+05
8.500900e+01	3.190770e+05
8.506000e+01	3.193330e+05
8.510900e+01	3.191140e+05
8.515900e+01	3.184770e+05
8.521000e+01	3.179010e+05
8.526000e+01	3.162990e+05
8.530900e+01	3.172040e+05
8.536000e+01	3.168750e+05
8.541000e+01	3.176360e+05
8.546000e+01	3.163240e+05
8.551000e+01	3.162350e+05
8.556000e+01	3.153240e+05
8.561000e+01	3.163640e+05
8.566000e+01	3.155180e+05
8.571000e+01	3.160620e+05
8.576000e+01	3.178630e+05
8.581100e+01	3.258510e+05
8.586000e+01	3.240450e+05
8.591000e+01	3.226280e+05
8.596100e+01	3.224790e+05
8.601100e+01	3.208520e+05
8.606100e+01	3.205590e+05
8.611100e+01	3.199320e+05
8.616100e+01	3.195940e+05
8.621100e+01	3.197520e+05
8.626100e+01	3.189560e+05
8.631100e+01	3.175580e+05
8.636100e+01	3.182570e+05
8.641200e+01	3.172030e+05
8.646100e+01	3.180690e+05
8.651300e+01	3.167160e+05
8.656200e+01	3.178130e+05
8.661200e+01	3.166980e+05
8.666200e+01	3.174640e+05
8.671200e+01	3.163450e+05
8.676300e+01	3.198610e+05
8.681200e+01	3.270070e+05
8.686300e+01	3.255100e+05
8.691200e+01	3.237280e+05
8.696200e+01	3.228470e+05
8.701300e+01	3.230270e+05
8.706300e+01	3.227520e+05
8.711300e+01	3.211940e+05
8.716300e+01	3.200720e+05
8.721300e+01	3.198980e+05
8.726300e+01	3.194250e+05
8.731400e+01	3.196600e+05
8.736400e+01	3.192460e+05
8.741300e+01	3.193580e+05
8.746300e+01	3.182100e+05
8.751300e+01	3.183210e+05
8.756300e+01	3.177600e+05
8.761400e+01	3.190510e+05
8.766400e+01	3.187880e+05
8.771400e+01	3.174350e+05
8.776400e+01	3.206960e+05
8.781400e+01	3.277110e+05
8.786400e+01	3.273340e+05
8.791400e+01	3.252140e+05
8.796500e+01	3.247200e+05
8.801500e+01	3.283390e+05
8.806400e+01	3.238110e+05
8.811500e+01	3.229800e+05
8.816500e+01	3.229820e+05
8.821500e+01	3.220470e+05
8.826500e+01	3.210310e+05
8.831500e+01	3.194990e+05
8.836500e+01	3.200510e+05
8.841500e+01	3.210980e+05
8.846600e+01	3.205110e+05
8.851500e+01	3.205570e+05
8.856500e+01	3.198960e+05
8.861500e+01	3.194890e+05
8.866500e+01	3.192680e+05
8.871600e+01	3.197470e+05
8.876500e+01	3.235160e+05
8.881600e+01	3.297030e+05
8.886700e+01	3.283720e+05
8.891600e+01	3.268820e+05
8.896600e+01	3.256610e+05
8.901700e+01	3.254990e+05
8.906600e+01	3.251070e+05
8.911700e+01	3.242050e+05
8.916700e+01	3.226080e+05
8.921700e+01	3.228500e+05
8.926700e+01	3.233550e+05
8.931700e+01	3.225750e+05
8.936700e+01	3.230050e+05
8.941700e+01	3.235140e+05
8.946700e+01	3.220260e+05
8.951700e+01	3.218660e+05
8.956700e+01	3.213230e+05
8.961800e+01	3.222560e+05
8.966800e+01	3.212830e+05
8.971700e+01	3.209840e+05
8.976700e+01	3.251300e+05
8.981800e+01	3.311130e+05
8.986800e+01	3.307890e+05
8.991800e+01	3.281580e+05
8.996800e+01	3.275150e+05
9.001800e+01	3.270080e+05
9.006900e+01	3.254720e+05
9.011900e+01	3.264460e+05
9.016900e+01	3.250590e+05
9.021800e+01	3.258560e+05
9.026800e+01	3.246350e+05
9.031800e+01	3.237420e+05
9.036900e+01	3.241820e+05
9.041900e+01	3.240000e+05
9.046900e+01	3.240450e+05
9.052000e+01	3.237640e+05
9.057000e+01	3.226060e+05
9.061900e+01	3.240160e+05
9.067000e+01	3.220970e+05
9.072000e+01	3.238750e+05
9.076900e+01	3.269980e+05
9.082000e+01	3.338740e+05
9.086900e+01	3.314780e+05
9.092000e+01	3.304310e+05
9.097000e+01	3.298540e+05
9.102000e+01	3.282480e+05
9.107000e+01	3.285700e+05
9.112000e+01	3.275060e+05
9.117000e+01	3.269570e+05
9.122100e+01	3.262130e+05
9.127000e+01	3.267590e+05
9.132000e+01	3.251790e+05
9.137000e+01	3.266480e+05
9.142000e+01	3.250210e+05
9.147100e+01	3.255810e+05
9.152100e+01	3.243490e+05
9.157100e+01	3.266020e+05
9.162100e+01	3.246930e+05
9.167100e+01	3.262950e+05
9.172100e+01	3.240500e+05
9.177200e+01	3.298200e+05
9.182200e+01	3.346730e+05
9.187100e+01	3.339390e+05
9.192100e+01	3.326080e+05
9.197200e+01	3.308240e+05
9.202200e+01	3.305690e+05
9.207200e+01	3.304850e+05
9.212300e+01	3.300240e+05
9.217200e+01	3.292630e+05
9.222300e+01	3.289760e+05
9.227300e+01	3.269040e+05
9.232300e+01	3.286340e+05
9.237300e+01	3.270430e+05
9.242200e+01	3.295360e+05
9.247200e+01	3.271530e+05
9.252300e+01	3.275230e+05
9.257300e+01	3.267860e+05
9.262300e+01	3.278610e+05
9.267300e+01	3.266580e+05
9.272400e+01	3.282760e+05
9.277300e+01	3.320620e+05
9.282400e+01	3.378400e+05
9.287400e+01	3.355180e+05
9.292400e+01	3.338610e+05
9.297400e+01	3.334700e+05
9.302400e+01	3.336590e+05
9.307300e+01	3.329190e+05
9.312400e+01	3.312490e+05
9.317400e+01	3.307970e+05
9.322500e+01	3.293700e+05
9.327400e+01	3.313740e+05
9.332500e+01	3.297490e+05
9.337500e+01	3.304790e+05
9.342500e+01	3.292430e+05
9.347500e+01	3.300740e+05
9.352500e+01	3.284130e+05
9.357500e+01	3.296250e+05
9.362500e+01	3.292600e+05
9.367500e+01	3.294860e+05
9.372500e+01	3.286070e+05
9.377500e+01	3.338200e+05
9.382500e+01	3.389060e+05
9.387500e+01	3.377340e+05
9.392500e+01	3.366280e+05
9.397500e+01	3.359670e+05
9.402600e+01	3.340040e+05
9.407600e+01	3.335880e+05
9.412600e+01	3.328580e+05
9.417700e+01	3.327700e+05
9.422600e+01	3.329240e+05
9.427600e+01	3.320540e+05
9.432700e+01	3.326720e+05
9.437700e+01	3.308870e+05
9.442700e+01	3.320450e+05
9.447700e+01	3.305620e+05
9.452700e+01	3.311570e+05
9.457600e+01	3.303500e+05
9.462800e+01	3.305860e+05
9.467700e+01	3.312510e+05
9.472700e+01	3.308030e+05
9.477800e+01	3.352150e+05
9.482800e+01	3.418610e+05
9.487800e+01	3.380650e+05
9.492700e+01	3.384790e+05
9.497800e+01	3.369560e+05
9.502800e+01	3.365470e+05
9.507700e+01	3.363590e+05
9.512800e+01	3.336930e+05
9.517800e+01	3.352150e+05
9.522800e+01	3.334210e+05
9.527800e+01	3.356690e+05
9.532800e+01	3.330800e+05
9.537800e+01	3.325990e+05
9.542800e+01	3.336170e+05
9.547900e+01	3.323750e+05
9.552900e+01	3.330310e+05
9.557800e+01	3.322390e+05
9.562900e+01	3.328640e+05
9.567900e+01	3.318410e+05
9.572900e+01	3.318040e+05
9.577900e+01	3.383860e+05
9.582900e+01	3.437390e+05
9.587900e+01	3.401270e+05
9.592900e+01	3.405650e+05
9.597900e+01	3.370760e+05
9.602900e+01	3.384830e+05
9.608000e+01	3.370190e+05
9.613000e+01	3.371740e+05
9.618000e+01	3.364070e+05
9.623000e+01	3.361850e+05
9.628000e+01	3.347950e+05
9.633100e+01	3.353590e+05
9.638000e+01	3.352900e+05
9.643000e+01	3.350290e+05
9.648100e+01	3.356110e+05
9.653000e+01	3.339440e+05
9.658000e+01	3.343610e+05
9.663100e+01	3.333620e+05
9.668100e+01	3.352020e+05
9.673100e+01	3.335950e+05
9.678100e+01	3.408210e+05
9.683100e+01	3.445650e+05
9.688100e+01	3.424340e+05
9.693200e+01	3.416590e+05
9.698100e+01	3.409440e+05
9.703100e+01	3.394800e+05
9.708100e+01	3.400870e+05
9.713100e+01	3.369990e+05
9.718200e+01	3.385640e+05
9.723200e+01	3.377880e+05
9.728200e+01	3.378610e+05
9.733200e+01	3.372840e+05
9.738200e+01	3.364030e+05
9.743200e+01	3.367200e+05
9.748200e+01	3.367410e+05
9.753200e+01	3.366200e+05
9.758300e+01	3.365550e+05
9.763200e+01	3.368630e+05
9.768200e+01	3.355720e+05
9.773300e+01	3.353940e+05
9.778300e+01	3.423920e+05
9.783300e+01	3.468600e+05
9.788300e+01	3.445460e+05
9.793400e+01	3.428370e+05
9.798300e+01	3.412750e+05
9.803400e+01	3.411640e+05
9.808400e+01	3.407510e+05
9.813400e+01	3.396240e+05
9.818400e+01	3.405980e+05
9.823400e+01	3.387720e+05
9.828400e+01	3.387160e+05
9.833400e+01	3.380720e+05
9.838400e+01	3.384660e+05
9.843400e+01	3.385230e+05
9.848400e+01	3.378080e+05
9.853400e+01	3.368390e+05
9.858400e+01	3.370370e+05
9.863500e+01	3.379660e+05
9.868400e+01	3.378020e+05
9.873400e+01	3.372130e+05
9.878500e+01	3.437510e+05
9.883500e+01	3.466120e+05
9.888500e+01	3.462400e+05
9.893500e+01	3.468660e+05
9.898500e+01	3.452740e+05
9.903500e+01	3.427470e+05
9.908500e+01	3.416470e+05
9.913600e+01	3.411560e+05
9.918500e+01	3.401620e+05
9.923500e+01	3.411790e+05
9.928600e+01	3.405010e+05
9.933600e+01	3.408780e+05
9.938600e+01	3.386610e+05
9.943600e+01	3.395790e+05
9.948600e+01	3.385740e+05
9.953700e+01	3.394040e+05
9.958700e+01	3.383910e+05
9.963700e+01	3.392970e+05
9.968600e+01	3.394060e+05
9.973600e+01	3.384600e+05
9.978700e+01	3.452260e+05
9.983700e+01	3.483970e+05
9.988700e+01	3.475600e+05
9.993700e+01	3.453190e+05
9.998700e+01	3.443100e+05
1.000380e+02	3.431910e+05
1.000870e+02	3.438540e+05
1.001370e+02	3.424790e+05
1.001870e+02	3.429500e+05
1.002370e+02	3.409620e+05
1.002870e+02	3.418340e+05
1.003370e+02	3.406920e+05
1.003880e+02	3.420030e+05
1.004380e+02	3.400780e+05
1.004880e+02	3.404070e+05
1.005380e+02	3.395620e+05
1.005880e+02	3.404710e+05
1.006390e+02	3.406770e+05
1.006880e+02	3.402340e+05
1.007390e+02	3.399920e+05
1.007890e+02	3.466730e+05
1.008390e+02	3.494570e+05
1.008890e+02	3.479440e+05
1.009390e+02	3.467160e+05
1.009880e+02	3.459400e+05
1.010380e+02	3.440350e+05
1.010880e+02	3.441480e+05
1.011390e+02	3.435720e+05
1.011890e+02	3.430650e+05
1.012390e+02	3.429610e+05
1.012900e+02	3.426940e+05
1.013400e+02	3.414590e+05
1.013890e+02	3.418060e+05
1.014390e+02	3.419530e+05
1.014910e+02	3.417430e+05
1.015400e+02	3.421630e+05
1.015900e+02	3.407780e+05
1.016400e+02	3.413640e+05
1.016900e+02	3.409670e+05
1.017410e+02	3.413260e+05
1.017900e+02	3.497820e+05
1.018410e+02	3.505380e+05
1.018910e+02	3.484580e+05
1.019410e+02	3.464400e+05
1.019900e+02	3.461060e+05
1.020410e+02	3.464500e+05
1.020910e+02	3.462430e+05
1.021410e+02	3.450920e+05
1.021910e+02	3.442490e+05
1.022410e+02	3.428560e+05
1.022910e+02	3.436750e+05
1.023410e+02	3.427050e+05
1.023910e+02	3.440600e+05
1.024420e+02	3.422080e+05
1.024920e+02	3.431420e+05
1.025420e+02	3.415540e+05
1.025920e+02	3.417490e+05
1.026420e+02	3.427330e+05
1.026920e+02	3.421020e+05
1.027420e+02	3.420400e+05
1.027930e+02	3.494190e+05
1.028430e+02	3.497650e+05
1.028920e+02	3.498510e+05
1.029420e+02	3.481530e+05
1.029920e+02	3.473960e+05
1.030430e+02	3.463190e+05
1.030930e+02	3.447650e+05
1.031430e+02	3.455460e+05
1.031930e+02	3.443650e+05
1.032430e+02	3.453670e+05
1.032930e+02	3.438390e+05
1.033430e+02	3.425960e+05
1.033940e+02	3.432890e+05
1.034440e+02	3.427740e+05
1.034940e+02	3.439360e+05
1.035430e+02	3.422320e+05
1.035930e+02	3.426920e+05
1.036440e+02	3.424100e+05
1.036940e+02	3.426210e+05
1.037450e+02	3.419550e+05
1.037940e+02	3.512950e+05
1.038440e+02	3.507510e+05
1.038940e+02	3.503550e+05
1.039440e+02	3.471920e+05
1.039950e+02	3.484070e+05
1.040450e+02	3.463990e+05
1.040950e+02	3.470920e+05
1.041450e+02	3.450810e+05
1.041950e+02	3.439910e+05
1.042450e+02	3.444640e+05
1.042950e+02	3.447590e+05
1.043450e+02	3.448460e+05
1.043950e+02	3.438700e+05
1.044450e+02	3.432870e+05
1.044960e+02	3.428280e+05
1.045450e+02	3.426690e+05
1.045960e+02	3.429820e+05
1.046460e+02	3.434840e+05
1.046960e+02	3.429270e+05
1.047460e+02	3.423460e+05
1.047960e+02	3.508090e+05
1.048460e+02	3.511430e+05
1.048960e+02	3.509190e+05
1.049470e+02	3.493750e+05
1.049960e+02	3.479200e+05
1.050470e+02	3.471490e+05
1.050970e+02	3.463290e+05
1.051460e+02	3.458350e+05
1.051960e+02	3.466160e+05
1.052470e+02	3.443500e+05
1.052970e+02	3.459210e+05
1.053470e+02	3.435630e+05
1.053970e+02	3.443450e+05
1.054470e+02	3.439840e+05
1.054970e+02	3.439850e+05
1.055470e+02	3.433640e+05
1.055980e+02	3.434480e+05
1.056480e+02	3.424050e+05
1.056980e+02	3.438450e+05
1.057480e+02	3.434960e+05
1.057980e+02	3.516290e+05
1.058480e+02	3.518030e+05
1.058980e+02	3.494770e+05
1.059480e+02	3.489610e+05
1.059980e+02	3.472260e+05
1.060480e+02	3.486140e+05
1.060980e+02	3.468480e+05
1.061480e+02	3.463990e+05
1.061990e+02	3.442330e+05
1.062480e+02	3.454800e+05
1.062980e+02	3.449010e+05
1.063490e+02	3.447720e+05
1.063990e+02	3.436670e+05
1.064490e+02	3.440410e+05
1.064990e+02	3.434620e+05
1.065490e+02	3.435000e+05
1.066000e+02	3.435540e+05
1.066490e+02	3.437270e+05
1.066990e+02	3.431000e+05
1.067490e+02	3.420470e+05
1.068000e+02	3.527570e+05
1.068500e+02	3.511140e+05
1.069000e+02	3.508180e+05
1.069500e+02	3.484990e+05
1.070000e+02	3.485420e+05
1.070500e+02	3.460430e+05
1.071010e+02	3.473470e+05
1.071500e+02	3.454860e+05
1.072000e+02	3.464260e+05
1.072500e+02	3.448420e+05
1.073010e+02	3.443790e+05
1.073510e+02	3.435140e+05
1.074010e+02	3.438660e+05
1.074510e+02	3.445850e+05
1.075010e+02	3.444510e+05
1.075510e+02	3.430650e+05
1.076010e+02	3.428570e+05
1.076520e+02	3.431830e+05
1.077020e+02	3.435270e+05
1.077520e+02	3.437160e+05
1.078020e+02	3.520660e+05
1.078520e+02	3.513080e+05
1.079010e+02	3.492420e+05
1.079520e+02	3.486020e+05
1.080020e+02	3.477890e+05
1.080520e+02	3.480990e+05
1.081020e+02	3.463420e+05
1.081520e+02	3.457830e+05
1.082020e+02	3.449690e+05
1.082530e+02	3.442700e+05
1.083020e+02	3.455610e+05
1.083520e+02	3.445890e+05
1.084030e+02	3.444450e+05
1.084530e+02	3.429060e+05
1.085030e+02	3.433200e+05
1.085520e+02	3.430510e+05
1.086030e+02	3.436290e+05
1.086540e+02	3.437260e+05
1.087030e+02	3.425120e+05
1.087530e+02	3.430630e+05
1.088030e+02	3.511030e+05
1.088540e+02	3.513600e+05
1.089040e+02	3.506220e+05
1.089540e+02	3.481660e+05
1.090040e+02	3.471900e+05
1.090540e+02	3.459050e+05
1.091050e+02	3.460650e+05
1.091540e+02	3.467510e+05
1.092040e+02	3.445080e+05
1.092540e+02	3.460190e+05
1.093040e+02	3.431980e+05
1.093540e+02	3.441270e+05
1.094040e+02	3.437850e+05
1.094550e+02	3.438120e+05
1.095050e+02	3.439010e+05
1.095550e+02	3.430150e+05
1.096040e+02	3.419050e+05
1.096550e+02	3.425410e+05
1.097050e+02	3.420900e+05
1.097560e+02	3.443480e+05
1.098060e+02	3.510220e+05
1.098550e+02	3.508470e+05
1.099050e+02	3.489030e+05
1.099560e+02	3.473020e+05
1.100060e+02	3.474400e+05
1.100560e+02	3.464490e+05
1.101060e+02	3.465470e+05
1.101560e+02	3.438690e+05
1.102060e+02	3.443670e+05
1.102570e+02	3.440080e+05
1.103060e+02	3.431760e+05
1.103560e+02	3.438660e+05
1.104070e+02	3.426490e+05
1.104560e+02	3.420830e+05
1.105060e+02	3.422490e+05
1.105570e+02	3.419080e+05
1.106070e+02	3.423980e+05
1.106570e+02	3.420170e+05
1.107070e+02	3.423940e+05
1.107570e+02	3.436270e+05
1.108070e+02	3.508940e+05
1.108570e+02	3.500280e+05
1.109070e+02	3.483410e+05
1.109570e+02	3.473530e+05
1.110080e+02	3.457730e+05
1.110580e+02	3.457740e+05
1.111080e+02	3.444410e+05
1.111580e+02	3.446320e+05
1.112080e+02	3.438870e+05
1.112590e+02	3.425780e+05
1.113080e+02	3.431660e+05
1.113580e+02	3.422720e+05
1.114080e+02	3.433690e+05
1.114580e+02	3.423790e+05
1.115090e+02	3.422380e+05
1.115590e+02	3.413840e+05
1.116080e+02	3.410040e+05
1.116580e+02	3.415990e+05
1.117090e+02	3.409440e+05
1.117590e+02	3.430420e+05
1.118100e+02	3.496750e+05
1.118600e+02	3.482030e+05
1.119090e+02	3.472080e+05
1.119590e+02	3.459550e+05
1.120090e+02	3.456020e+05
1.120600e+02	3.442420e+05
1.121090e+02	3.434410e+05
1.121600e+02	3.425730e+05
1.122100e+02	3.450590e+05
1.122600e+02	3.432470e+05
1.123090e+02	3.428980e+05
1.123600e+02	3.416190e+05
1.124100e+02	3.406380e+05
1.124600e+02	3.396610e+05
1.125110e+02	3.419710e+05
1.125600e+02	3.405370e+05
1.126110e+02	3.407610e+05
1.126610e+02	3.402460e+05
1.127100e+02	3.402780e+05
1.127610e+02	3.413990e+05
1.128110e+02	3.487930e+05
1.128610e+02	3.486140e+05
1.129110e+02	3.470930e+05
1.129610e+02	3.450100e+05
1.130120e+02	3.439290e+05
1.130610e+02	3.429770e+05
1.131110e+02	3.427030e+05
1.131610e+02	3.421390e+05
1.132110e+02	3.420420e+05
1.132620e+02	3.414120e+05
1.133110e+02	3.412630e+05
1.133620e+02	3.409530e+05
1.134120e+02	3.408420e+05
1.134630e+02	3.409980e+05
1.135120e+02	3.400730e+05
1.135630e+02	3.401590e+05
1.136120e+02	3.396770e+05
1.136620e+02	3.399380e+05
1.137130e+02	3.407760e+05
1.137630e+02	3.411980e+05
1.138130e+02	3.487340e+05
1.138630e+02	3.461630e+05
1.139130e+02	3.462860e+05
1.139640e+02	3.438670e+05
1.140130e+02	3.443220e+05
1.140630e+02	3.428240e+05
1.141130e+02	3.426840e+05
1.141630e+02	3.405780e+05
1.142130e+02	3.413770e+05
1.142640e+02	3.405680e+05
1.143140e+02	3.407810e+05
1.143640e+02	3.403170e+05
1.144130e+02	3.395470e+05
1.144640e+02	3.392330e+05
1.145140e+02	3.389280e+05
1.145650e+02	3.394090e+05
1.146150e+02	3.399070e+05
1.146640e+02	3.399060e+05
1.147150e+02	3.384640e+05
1.147650e+02	3.419100e+05
1.148150e+02	3.471230e+05
1.148650e+02	3.475400e+05
1.149150e+02	3.444900e+05
1.149660e+02	3.436680e+05
1.150150e+02	3.423210e+05
1.150650e+02	3.426600e+05
1.151150e+02	3.414220e+05
1.151650e+02	3.412000e+05
1.152150e+02	3.408460e+05
1.152650e+02	3.402220e+05
1.153160e+02	3.392570e+05
1.153650e+02	3.392280e+05
1.154160e+02	3.396850e+05
1.154660e+02	3.393820e+05
1.155150e+02	3.392920e+05
1.155660e+02	3.375590e+05
1.156160e+02	3.391590e+05
1.156660e+02	3.379310e+05
1.157160e+02	3.392190e+05
1.157660e+02	3.405720e+05
1.158170e+02	3.477510e+05
1.158660e+02	3.448120e+05
1.159170e+02	3.438070e+05
1.159670e+02	3.430740e+05
1.160160e+02	3.415840e+05
1.160660e+02	3.418650e+05
1.161170e+02	3.398570e+05
1.161680e+02	3.394660e+05
1.162170e+02	3.392230e+05
1.162680e+02	3.403990e+05
1.163170e+02	3.381930e+05
1.163680e+02	3.392650e+05
1.164180e+02	3.374150e+05
1.164680e+02	3.417980e+05
1.165180e+02	3.386630e+05
1.165680e+02	3.390840e+05
1.166180e+02	3.371580e+05
1.166690e+02	3.375350e+05
1.167180e+02	3.360440e+05
1.167680e+02	3.403190e+05
1.168180e+02	3.452150e+05
1.168690e+02	3.445840e+05
1.169190e+02	3.431030e+05
1.169680e+02	3.404560e+05
1.170190e+02	3.409120e+05
1.170690e+02	3.390620e+05
1.171190e+02	3.406360e+05
1.171690e+02	3.407180e+05
1.172190e+02	3.405070e+05
1.172690e+02	3.378800e+05
1.173200e+02	3.387710e+05
1.173690e+02	3.364930e+05
1.174200e+02	3.367450e+05
1.174700e+02	3.366190e+05
1.175190e+02	3.369310e+05
1.175700e+02	3.353270e+05
1.176200e+02	3.371460e+05
1.176700e+02	3.354100e+05
1.177200e+02	3.367130e+05
1.177700e+02	3.387370e+05
1.178200e+02	3.440960e+05
1.178710e+02	3.426450e+05
1.179210e+02	3.409990e+05
1.179710e+02	3.405610e+05
1.180210e+02	3.384010e+05
1.180710e+02	3.394670e+05
1.181210e+02	3.373140e+05
1.181710e+02	3.377790e+05
1.182210e+02	3.366120e+05
1.182720e+02	3.360050e+05
1.183220e+02	3.363080e+05
1.183710e+02	3.362990e+05
1.184210e+02	3.343180e+05
1.184710e+02	3.355880e+05
1.185220e+02	3.346410e+05
1.185720e+02	3.357810e+05
1.186220e+02	3.337930e+05
1.186720e+02	3.351120e+05
1.187220e+02	3.349490e+05
1.187720e+02	3.375220e+05
1.188220e+02	3.432730e+05
1.188720e+02	3.413190e+05
1.189220e+02	3.393990e+05
1.189730e+02	3.381860e+05
1.190230e+02	3.375740e+05
1.190730e+02	3.366410e+05
1.191230e+02	3.368760e+05
1.191730e+02	3.349580e+05
1.192230e+02	3.349180e+05
1.192730e+02	3.340720e+05
1.193230e+02	3.355850e+05
1.193740e+02	3.333410e+05
1.194230e+02	3.351510e+05
1.194730e+02	3.331200e+05
1.195240e+02	3.329000e+05
1.195730e+02	3.340000e+05
1.196230e+02	3.330760e+05
1.196730e+02	3.336200e+05
1.197230e+02	3.324730e+05
1.197750e+02	3.360610e+05
1.198250e+02	3.404360e+05
1.198750e+02	3.395090e+05
1.199250e+02	3.383860e+05
1.199750e+02	3.368830e+05
1.200250e+02	3.359510e+05
1.200740e+02	3.346420e+05
1.201240e+02	3.346590e+05
1.201750e+02	3.338670e+05
1.202250e+02	3.339420e+05
1.202740e+02	3.336430e+05
1.203240e+02	3.327210e+05
1.203760e+02	3.328640e+05
1.204250e+02	3.320370e+05
1.204760e+02	3.329720e+05
1.205260e+02	3.323650e+05
1.205760e+02	3.316670e+05
1.206260e+02	3.314450e+05
1.206750e+02	3.301910e+05
1.207250e+02	3.328200e+05
1.207760e+02	3.349710e+05
1.208260e+02	3.403490e+05
1.208770e+02	3.368560e+05
1.209260e+02	3.368010e+05
1.209760e+02	3.345420e+05
1.210260e+02	3.349880e+05
1.210760e+02	3.337840e+05
1.211260e+02	3.336240e+05
1.211760e+02	3.318940e+05
1.212260e+02	3.324380e+05
1.212770e+02	3.307650e+05
1.213270e+02	3.321610e+05
1.213780e+02	3.306510e+05
1.214270e+02	3.307660e+05
1.214770e+02	3.307910e+05
1.215270e+02	3.293690e+05
1.215780e+02	3.318110e+05
1.216270e+02	3.294280e+05
1.216780e+02	3.308620e+05
1.217280e+02	3.285490e+05
1.217780e+02	3.340390e+05
1.218280e+02	3.376900e+05
1.218780e+02	3.367550e+05
1.219280e+02	3.344200e+05
1.219780e+02	3.338250e+05
1.220280e+02	3.309960e+05
1.220790e+02	3.330080e+05
1.221280e+02	3.293060e+05
1.221790e+02	3.312430e+05
1.222290e+02	3.297810e+05
1.222780e+02	3.304410e+05
1.223290e+02	3.300220e+05
1.223790e+02	3.284100e+05
1.224290e+02	3.291670e+05
1.224790e+02	3.279490e+05
1.225290e+02	3.294900e+05
1.225790e+02	3.276640e+05
1.226290e+02	3.289450e+05
1.226790e+02	3.267710e+05
1.227290e+02	3.280130e+05
1.227790e+02	3.314260e+05
1.228290e+02	3.360760e+05
1.228800e+02	3.332120e+05
1.229290e+02	3.327400e+05
1.229800e+02	3.302860e+05
1.230300e+02	3.318800e+05
1.230800e+02	3.289550e+05
1.231300e+02	3.301880e+05
1.231810e+02	3.274230e+05
1.232310e+02	3.280860e+05
1.232810e+02	3.270060e+05
1.233310e+02	3.271670e+05
1.233810e+02	3.272210e+05
1.234310e+02	3.256940e+05
1.234810e+02	3.268350e+05
1.235310e+02	3.257110e+05
1.235810e+02	3.273470e+05
1.236320e+02	3.257670e+05
1.236810e+02	3.265230e+05
1.237310e+02	3.253700e+05
1.237820e+02	3.299910e+05
1.238310e+02	3.332180e+05
1.238820e+02	3.317210e+05
1.239310e+02	3.297310e+05
1.239810e+02	3.288830e+05
1.240320e+02	3.272160e+05
1.240820e+02	3.271930e+05
1.241320e+02	3.274670e+05
1.241820e+02	3.266610e+05
1.242320e+02	3.258120e+05
1.242830e+02	3.253310e+05
1.243320e+02	3.252440e+05
1.243830e+02	3.245330e+05
1.244330e+02	3.257210e+05
1.244830e+02	3.240520e+05
1.245330e+02	3.249280e+05
1.245830e+02	3.238040e+05
1.246330e+02	3.227760e+05
1.246830e+02	3.243550e+05
1.247330e+02	3.238310e+05
1.247840e+02	3.287360e+05
1.248340e+02	3.307620e+05
1.248830e+02	3.287380e+05
1.249340e+02	3.277880e+05
1.249840e+02	3.266070e+05
1.250330e+02	3.256470e+05
1.250840e+02	3.252770e+05
1.251340e+02	3.245350e+05
1.251850e+02	3.245110e+05
1.252340e+02	3.238520e+05
1.252840e+02	3.227080e+05
1.253350e+02	3.232600e+05
1.253850e+02	3.225170e+05
1.254350e+02	3.229850e+05
1.254840e+02	3.216440e+05
1.255340e+02	3.222500e+05
1.255840e+02	3.209700e+05
1.256350e+02	3.229050e+05
1.256850e+02	3.202980e+05
1.257350e+02	3.221190e+05
1.257860e+02	3.249280e+05
1.258360e+02	3.289070e+05
1.258850e+02	3.267120e+05
1.259350e+02	3.255990e+05
1.259850e+02	3.241420e+05
1.260350e+02	3.234590e+05
1.260850e+02	3.218720e+05
1.261360e+02	3.230780e+05
1.261860e+02	3.215250e+05
1.262360e+02	3.221840e+05
1.262870e+02	3.204680e+05
1.263360e+02	3.208680e+05
1.263860e+02	3.205360e+05
1.264360e+02	3.199070e+05
1.264860e+02	3.205910e+05
1.265360e+02	3.198170e+05
1.265860e+02	3.195110e+05
1.266370e+02	3.196410e+05
1.266870e+02	3.197790e+05
1.267370e+02	3.186520e+05
1.267880e+02	3.249390e+05
1.268370e+02	3.250300e+05
1.268870e+02	3.253130e+05
1.269370e+02	3.226450e+05
1.269880e+02	3.234310e+05
1.270370e+02	3.202390e+05
1.270880e+02	3.219760e+05
1.271370e+02	3.187860e+05
1.271880e+02	3.198190e+05
1.272380e+02	3.185200e+05
1.272880e+02	3.181910e+05
1.273380e+02	3.189130e+05
1.273880e+02	3.175660e+05
1.274390e+02	3.176460e+05
1.274890e+02	3.170510e+05
1.275390e+02	3.178230e+05
1.275880e+02	3.172490e+05
1.276380e+02	3.174260e+05
1.276890e+02	3.161950e+05
1.277390e+02	3.168530e+05
1.277880e+02	3.214160e+05
1.278390e+02	3.249450e+05
1.278900e+02	3.212520e+05
1.279390e+02	3.221170e+05
1.279900e+02	3.180880e+05
1.280390e+02	3.191670e+05
1.280890e+02	3.180320e+05
1.281400e+02	3.184330e+05
1.281900e+02	3.176510e+05
1.282400e+02	3.163990e+05
1.282890e+02	3.159910e+05
1.283390e+02	3.157460e+05
1.283900e+02	3.185210e+05
1.284400e+02	3.168470e+05
1.284900e+02	3.160160e+05
1.285400e+02	3.154840e+05
1.285900e+02	3.144720e+05
1.286410e+02	3.131860e+05
1.286910e+02	3.155730e+05
1.287400e+02	3.139910e+05
1.287910e+02	3.222410e+05
1.288400e+02	3.204970e+05
1.288910e+02	3.194650e+05
1.289410e+02	3.184040e+05
1.289910e+02	3.179910e+05
1.290410e+02	3.171960e+05
1.290910e+02	3.161260e+05
1.291410e+02	3.154120e+05
1.291910e+02	3.146630e+05
1.292420e+02	3.145030e+05
1.292910e+02	3.138680e+05
1.293420e+02	3.146230e+05
1.293920e+02	3.139150e+05
1.294420e+02	3.130780e+05
1.294920e+02	3.127060e+05
1.295420e+02	3.133220e+05
1.295930e+02	3.130620e+05
1.296430e+02	3.130460e+05
1.296930e+02	3.119510e+05
1.297430e+02	3.116700e+05
1.297930e+02	3.186540e+05
1.298430e+02	3.188340e+05
1.298930e+02	3.183280e+05
1.299430e+02	3.156740e+05
1.299930e+02	3.158690e+05
1.300430e+02	3.127370e+05
1.300940e+02	3.138430e+05
1.301440e+02	3.131260e+05
1.301930e+02	3.135850e+05
1.302440e+02	3.115580e+05
1.302940e+02	3.116070e+05
1.303440e+02	3.111130e+05
1.303940e+02	3.112750e+05
1.304440e+02	3.110430e+05
1.304940e+02	3.108420e+05
1.305440e+02	3.111400e+05
1.305940e+02	3.108640e+05
1.306440e+02	3.099570e+05
1.306950e+02	3.108600e+05
1.307440e+02	3.097290e+05
1.307940e+02	3.176970e+05
1.308450e+02	3.166440e+05
1.308950e+02	3.142820e+05
1.309450e+02	3.153160e+05
1.309950e+02	3.144030e+05
1.310450e+02	3.147280e+05
1.310950e+02	3.117070e+05
1.311450e+02	3.123040e+05
1.311960e+02	3.091880e+05
1.312450e+02	3.108560e+05
1.312960e+02	3.094170e+05
1.313460e+02	3.104060e+05
1.313960e+02	3.088890e+05
1.314460e+02	3.093850e+05
1.314970e+02	3.087870e+05
1.315460e+02	3.095860e+05
1.315960e+02	3.088640e+05
1.316460e+02	3.090070e+05
1.316960e+02	3.078230e+05
1.317460e+02	3.078890e+05
1.317970e+02	3.151230e+05
1.318470e+02	3.149850e+05
1.318960e+02	3.146420e+05
1.319470e+02	3.110320e+05
1.319970e+02	3.123500e+05
1.320470e+02	3.100510e+05
1.320970e+02	3.106330e+05
1.321470e+02	3.094450e+05
1.321970e+02	3.094330e+05
1.322470e+02	3.080440e+05
1.322980e+02	3.088500e+05
1.323480e+02	3.075820e+05
1.323980e+02	3.091970e+05
1.324470e+02	3.065370e+05
1.324980e+02	3.070600e+05
1.325470e+02	3.071020e+05
1.325980e+02	3.079560e+05
1.326480e+02	3.074550e+05
1.326980e+02	3.067050e+05
1.327480e+02	3.082570e+05
1.327980e+02	3.127820e+05
1.328480e+02	3.136480e+05
1.328990e+02	3.117370e+05
1.329490e+02	3.108450e+05
1.329990e+02	3.094680e+05
1.330490e+02	3.095700e+05
1.330990e+02	3.079270e+05
1.331490e+02	3.082060e+05
1.331990e+02	3.076190e+05
1.332490e+02	3.070800e+05
1.333000e+02	3.064030e+05
1.333490e+02	3.073200e+05
1.333990e+02	3.057080e+05
1.334490e+02	3.060810e+05
1.334990e+02	3.057130e+05
1.335500e+02	3.063350e+05
1.336000e+02	3.049470e+05
1.336500e+02	3.055290e+05
1.337000e+02	3.050360e+05
1.337500e+02	3.054910e+05
1.338000e+02	3.126010e+05
1.338500e+02	3.112050e+05
1.339010e+02	3.115610e+05
1.339500e+02	3.083570e+05
1.340010e+02	3.095840e+05
1.340510e+02	3.071860e+05
1.341010e+02	3.077820e+05
1.341500e+02	3.065160e+05
1.342010e+02	3.068120e+05
1.342510e+02	3.054130e+05
1.343010e+02	3.053680e+05
1.343510e+02	3.051830e+05
1.344020e+02	3.051240e+05
1.344520e+02	3.045520e+05
1.345020e+02	3.045950e+05
1.345520e+02	3.041650e+05
1.346020e+02	3.044190e+05
1.346520e+02	3.043740e+05
1.347020e+02	3.039430e+05
1.347520e+02	3.053860e+05
1.348020e+02	3.102580e+05
1.348520e+02	3.108250e+05
1.349020e+02	3.077070e+05
1.349530e+02	3.091300e+05
1.350030e+02	3.069930e+05
1.350530e+02	3.068000e+05
1.351030e+02	3.050490e+05
1.351530e+02	3.053770e+05
1.352030e+02	3.054550e+05
1.352530e+02	3.056000e+05
1.353030e+02	3.042920e+05
1.353530e+02	3.044370e+05
1.354040e+02	3.024770e+05
1.354530e+02	3.038170e+05
1.355030e+02	3.031910e+05
1.355530e+02	3.041470e+05
1.356040e+02	3.037100e+05
1.356540e+02	3.024100e+05
1.357030e+02	3.034030e+05
1.357540e+02	3.031460e+05
1.358040e+02	3.105850e+05
1.358540e+02	3.096970e+05
1.359040e+02	3.084010e+05
1.359540e+02	3.071310e+05
1.360050e+02	3.054180e+05
1.360540e+02	3.051790e+05
1.361050e+02	3.056760e+05
1.361550e+02	3.043410e+05
1.362050e+02	3.051380e+05
1.362550e+02	3.020340e+05
1.363050e+02	3.040420e+05
1.363550e+02	3.026280e+05
1.364050e+02	3.032800e+05
1.364550e+02	3.030160e+05
1.365050e+02	3.026860e+05
1.365550e+02	3.032240e+05
1.366060e+02	3.022210e+05
1.366550e+02	3.027590e+05
1.367060e+02	3.021570e+05
1.367560e+02	3.031880e+05
1.368060e+02	3.098110e+05
1.368560e+02	3.076900e+05
1.369060e+02	3.083550e+05
1.369560e+02	3.070810e+05
1.370060e+02	3.057670e+05
1.370570e+02	3.054680e+05
1.371070e+02	3.036220e+05
1.371570e+02	3.043630e+05
1.372060e+02	3.032370e+05
1.372570e+02	3.039280e+05
1.373070e+02	3.033630e+05
1.373570e+02	3.029120e+05
1.374070e+02	3.023790e+05
1.374570e+02	3.019270e+05
1.375080e+02	3.025300e+05
1.375570e+02	3.024140e+05
1.376070e+02	3.013060e+05
1.376570e+02	3.024050e+05
1.377070e+02	3.013130e+05
1.377570e+02	3.040970e+05
1.378080e+02	3.096180e+05
1.378580e+02	3.094270e+05
1.379090e+02	3.067830e+05
1.379580e+02	3.064770e+05
1.380090e+02	3.054120e+05
1.380580e+02	3.049910e+05
1.381080e+02	3.052890e+05
1.381580e+02	3.035310e+05
1.382080e+02	3.038430e+05
1.382580e+02	3.031610e+05
1.383080e+02	3.029530e+05
1.383590e+02	3.029910e+05
1.384090e+02	3.024660e+05
1.384590e+02	3.024910e+05
1.385090e+02	3.024160e+05
1.385590e+02	3.021560e+05
1.386090e+02	3.022310e+05
1.386590e+02	3.025700e+05
1.387090e+02	3.021600e+05
1.387590e+02	3.030550e+05
1.388100e+02	3.099590e+05
1.388600e+02	3.082830e+05
1.389090e+02	3.078350e+05
1.389600e+02	3.065250e+05
1.390100e+02	3.058480e+05
1.390600e+02	3.051810e+05
1.391110e+02	3.046580e+05
1.391600e+02	3.043350e+05
1.392110e+02	3.036980e+05
1.392600e+02	3.040660e+05
1.393110e+02	3.033180e+05
1.393610e+02	3.026380e+05
1.394110e+02	3.035580e+05
1.394610e+02	3.023080e+05
1.395100e+02	3.024050e+05
1.395600e+02	3.030830e+05
1.396110e+02	3.011660e+05
1.396610e+02	3.025370e+05
1.397110e+02	3.013660e+05
1.397610e+02	3.036610e+05
1.398110e+02	3.105290e+05
1.398620e+02	3.093870e+05
1.399110e+02	3.080470e+05
1.399620e+02	3.073930e+05
1.400120e+02	3.058600e+05
1.400620e+02	3.051230e+05
1.401120e+02	3.053040e+05
1.401620e+02	3.048490e+05
1.402120e+02	3.043880e+05
1.402620e+02	3.033930e+05
1.403120e+02	3.041770e+05
1.403620e+02	3.039190e+05
1.404120e+02	3.045120e+05
1.404620e+02	3.017980e+05
1.405130e+02	3.032610e+05
1.405620e+02	3.016200e+05
1.406130e+02	3.033300e+05
1.406630e+02	3.023460e+05
1.407130e+02	3.030300e+05
1.407630e+02	3.044530e+05
1.408130e+02	3.117940e+05
1.408630e+02	3.094710e+05
1.409140e+02	3.083980e+05
1.409640e+02	3.085960e+05
1.410130e+02	3.072730e+05
1.410640e+02	3.062890e+05
1.411140e+02	3.052500e+05
1.411640e+02	3.057700e+05
1.412150e+02	3.045280e+05
1.412650e+02	3.052980e+05
1.413140e+02	3.040960e+05
1.413650e+02	3.045720e+05
1.414150e+02	3.027560e+05
1.414650e+02	3.043980e+05
1.415150e+02	3.024370e+05
1.415650e+02	3.039570e+05
1.416150e+02	3.026720e+05
1.416650e+02	3.030430e+05
1.417150e+02	3.026590e+05
1.417650e+02	3.054040e+05
1.418160e+02	3.119180e+05
1.418650e+02	3.102950e+05
1.419150e+02	3.096300e+05
1.419650e+02	3.082340e+05
1.420160e+02	3.075220e+05
1.420650e+02	3.060480e+05
1.421160e+02	3.074510e+05
1.421660e+02	3.053190e+05
1.422160e+02	3.065700e+05
1.422660e+02	3.035630e+05
1.423170e+02	3.055240e+05
1.423670e+02	3.036400e+05
1.424160e+02	3.042560e+05
1.424670e+02	3.037580e+05
1.425170e+02	3.036810e+05
1.425660e+02	3.039680e+05
1.426170e+02	3.047130e+05
1.426660e+02	3.040750e+05
1.427170e+02	3.031910e+05
1.427670e+02	3.062980e+05
1.428170e+02	3.125940e+05
1.428670e+02	3.116150e+05
1.429170e+02	3.101040e+05
1.429670e+02	3.098380e+05
1.430170e+02	3.077350e+05
1.430680e+02	3.079550e+05
1.431180e+02	3.064890e+05
1.431680e+02	3.079300e+05
1.432180e+02	3.061060e+05
1.432680e+02	3.073850e+05
1.433180e+02	3.052450e+05
1.433680e+02	3.061620e+05
1.434180e+02	3.060520e+05
1.434690e+02	3.053190e+05
1.435180e+02	3.055590e+05
1.435680e+02	3.051340e+05
1.436180e+02	3.041930e+05
1.436690e+02	3.048000e+05
1.437190e+02	3.051790e+05
1.437680e+02	3.081560e+05
1.438180e+02	3.145420e+05
1.438690e+02	3.114820e+05
1.439190e+02	3.118410e+05
1.439690e+02	3.097440e+05
1.440190e+02	3.104480e+05
1.440700e+02	3.083410e+05
1.441200e+02	3.088260e+05
1.441690e+02	3.072630e+05
1.442200e+02	3.103640e+05
1.442690e+02	3.076010e+05
1.443200e+02	3.078700e+05
1.443700e+02	3.072910e+05
1.444200e+02	3.065410e+05
1.444700e+02	3.057060e+05
1.445200e+02	3.057300e+05
1.445710e+02	3.065700e+05
1.446200e+02	3.065900e+05
1.446710e+02	3.071990e+05
1.447210e+02	3.049360e+05
1.447710e+02	3.086280e+05
1.448210e+02	3.146040e+05
1.448710e+02	3.143540e+05
1.449210e+02	3.133480e+05
1.449720e+02	3.121770e+05
1.450210e+02	3.102640e+05
1.450710e+02	3.101300e+05
1.451210e+02	3.087740e+05
1.451710e+02	3.100030e+05
1.452220e+02	3.088420e+05
1.452710e+02	3.084510e+05
1.453220e+02	3.077370e+05
1.453720e+02	3.076090e+05
1.454220e+02	3.081590e+05
1.454720e+02	3.074400e+05
1.455220e+02	3.081350e+05
1.455720e+02	3.076350e+05
1.456220e+02	3.073030e+05
1.456730e+02	3.068530e+05
1.457230e+02	3.081590e+05
1.457730e+02	3.117440e+05
1.458230e+02	3.169620e+05
1.458720e+02	3.139820e+05
1.459230e+02	3.134250e+05
1.459730e+02	3.128460e+05
1.460230e+02	3.133620e+05
1.460740e+02	3.117730e+05
1.461230e+02	3.109970e+05
1.461740e+02	3.098680e+05
1.462240e+02	3.107450e+05
1.462730e+02	3.096620e+05
1.463240e+02	3.144040e+05
1.463730e+02	3.103860e+05
1.464230e+02	3.093530e+05
1.464740e+02	3.084100e+05
1.465240e+02	3.088290e+05
1.465740e+02	3.091980e+05
1.466240e+02	3.086900e+05
1.466740e+02	3.086850e+05
1.467240e+02	3.079010e+05
1.467750e+02	3.131920e+05
1.468250e+02	3.186350e+05
1.468750e+02	3.168300e+05
1.469250e+02	3.158110e+05
1.469750e+02	3.141980e+05
1.470240e+02	3.132050e+05
1.470760e+02	3.130700e+05
1.471250e+02	3.123170e+05
1.471750e+02	3.119780e+05
1.472260e+02	3.125540e+05
1.472750e+02	3.104860e+05
1.473260e+02	3.109810e+05
1.473760e+02	3.099710e+05
1.474260e+02	3.112790e+05
1.474760e+02	3.101200e+05
1.475260e+02	3.103530e+05
1.475760e+02	3.101890e+05
1.476260e+02	3.099880e+05
1.476760e+02	3.097810e+05
1.477260e+02	3.102270e+05
1.477760e+02	3.142350e+05
1.478260e+02	3.206500e+05
1.478760e+02	3.176460e+05
1.479260e+02	3.172030e+05
1.479770e+02	3.157890e+05
1.480270e+02	3.149260e+05
1.480770e+02	3.148500e+05
1.481260e+02	3.135170e+05
1.481770e+02	3.130140e+05
1.482270e+02	3.127570e+05
1.482770e+02	3.130110e+05
1.483270e+02	3.123580e+05
1.483770e+02	3.116250e+05
1.484270e+02	3.116940e+05
1.484770e+02	3.120960e+05
1.485280e+02	3.124480e+05
1.485780e+02	3.122760e+05
1.486290e+02	3.118050e+05
1.486780e+02	3.112020e+05
1.487280e+02	3.119270e+05
1.487780e+02	3.164380e+05
1.488280e+02	3.217430e+05
1.488780e+02	3.195490e+05
1.489290e+02	3.181540e+05
1.489790e+02	3.173730e+05
1.490290e+02	3.167250e+05
1.490790e+02	3.160300e+05
1.491290e+02	3.158530e+05
1.491780e+02	3.152580e+05
1.492290e+02	3.152330e+05
1.492790e+02	3.136020e+05
1.493300e+02	3.139250e+05
1.493800e+02	3.138730e+05
1.494300e+02	3.146530e+05
1.494790e+02	3.134820e+05
1.495290e+02	3.131720e+05
1.495790e+02	3.122390e+05
1.496300e+02	3.129520e+05
1.496800e+02	3.135270e+05
1.497300e+02	3.133110e+05
1.497800e+02	3.195290e+05
1.498300e+02	3.214730e+05
1.498810e+02	3.208390e+05
1.499300e+02	3.196090e+05
1.499810e+02	3.197050e+05
1.500300e+02	3.188330e+05
1.500810e+02	3.172030e+05
1.501310e+02	3.167370e+05
1.501810e+02	3.161520e+05
1.502310e+02	3.155680e+05
1.502810e+02	3.162490e+05
1.503310e+02	3.154760e+05
1.503810e+02	3.146450e+05
1.504310e+02	3.147580e+05
1.504810e+02	3.140660e+05
1.505310e+02	3.149010e+05
1.505810e+02	3.148250e+05
1.506310e+02	3.147160e+05
1.506820e+02	3.138700e+05
1.507310e+02	3.148870e+05
1.507820e+02	3.203550e+05
1.508320e+02	3.242750e+05
1.508820e+02	3.223200e+05
1.509320e+02	3.209800e+05
1.509820e+02	3.204130e+05
1.510320e+02	3.196830e+05
1.510820e+02	3.189620e+05
1.511330e+02	3.190520e+05
1.511830e+02	3.188280e+05
1.512320e+02	3.177800e+05
1.512830e+02	3.165100e+05
1.513330e+02	3.171570e+05
1.513830e+02	3.171900e+05
1.514330e+02	3.167190e+05
1.514840e+02	3.166700e+05
1.515340e+02	3.154210e+05
1.515830e+02	3.164010e+05
1.516330e+02	3.159900e+05
1.516830e+02	3.160610e+05
1.517330e+02	3.164180e+05
1.517840e+02	3.218950e+05
1.518340e+02	3.255010e+05
1.518840e+02	3.242300e+05
1.519350e+02	3.231720e+05
1.519840e+02	3.230090e+05
1.520340e+02	3.218320e+05
1.520840e+02	3.204610e+05
1.521350e+02	3.195460e+05
1.521840e+02	3.194620e+05
1.522350e+02	3.198640e+05
1.522850e+02	3.198090e+05
1.523350e+02	3.190940e+05
1.523840e+02	3.180210e+05
1.524350e+02	3.178530e+05
1.524850e+02	3.177790e+05
1.525360e+02	3.188080e+05
1.525850e+02	3.184560e+05
1.526360e+02	3.177730e+05
1.526850e+02	3.171970e+05
1.527360e+02	3.174750e+05
1.527860e+02	3.244040e+05
1.528360e+02	3.282690e+05
1.528860e+02	3.255690e+05
1.529360e+02	3.248340e+05
1.529860e+02	3.238340e+05
1.530360e+02	3.221960e+05
1.530860e+02	3.227850e+05
1.531360e+02	3.217350e+05
1.531860e+02	3.218370e+05
1.532360e+02	3.206670e+05
1.532860e+02	3.203380e+05
1.533370e+02	3.200170e+05
1.533870e+02	3.207560e+05
1.534370e+02	3.201430e+05
1.534870e+02	3.195340e+05
1.535370e+02	3.186900e+05
1.535870e+02	3.190600e+05
1.536370e+02	3.193540e+05
1.536880e+02	3.194450e+05
1.537380e+02	3.189080e+05
1.537870e+02	3.262580e+05
1.538370e+02	3.287190e+05
1.538880e+02	3.281420e+05
1.539380e+02	3.259620e+05
1.539880e+02	3.256170e+05
1.540380e+02	3.246060e+05
1.540880e+02	3.236900e+05
1.541380e+02	3.236210e+05
1.541890e+02	3.225720e+05
1.542390e+02	3.230250e+05
1.542880e+02	3.216200e+05
1.543380e+02	3.219870e+05
1.543880e+02	3.213190e+05
1.544390e+02	3.218620e+05
1.544880e+02	3.211560e+05
1.545390e+02	3.212600e+05
1.545900e+02	3.213020e+05
1.546390e+02	3.207760e+05
1.546890e+02	3.207780e+05
1.547400e+02	3.206030e+05
1.547890e+02	3.294400e+05
1.548400e+02	3.307880e+05
1.548900e+02	3.285380e+05
1.549400e+02	3.281580e+05
1.549900e+02	3.260730e+05
1.550400e+02	3.273000e+05
1.550900e+02	3.260620e+05
1.551400e+02	3.257620e+05
1.551900e+02	3.250430e+05
1.552400e+02	3.232970e+05
1.552900e+02	3.239330e+05
1.553400e+02	3.228690e+05
1.553910e+02	3.244770e+05
1.554410e+02	3.240200e+05
1.554900e+02	3.223810e+05
1.555400e+02	3.228600e+05
1.555910e+02	3.213070e+05
1.556410e+02	3.228560e+05
1.556920e+02	3.227790e+05
1.557410e+02	3.224900e+05
1.557920e+02	3.310090e+05
1.558420e+02	3.317470e+05
1.558920e+02	3.299990e+05
1.559420e+02	3.298450e+05
1.559920e+02	3.285760e+05
1.560420e+02	3.284340e+05
1.560920e+02	3.262880e+05
1.561420e+02	3.271630e+05
1.561920e+02	3.249410e+05
1.562420e+02	3.264530e+05
1.562920e+02	3.251880e+05
1.563420e+02	3.253390e+05
1.563930e+02	3.249330e+05
1.564420e+02	3.251830e+05
1.564920e+02	3.246090e+05
1.565430e+02	3.248580e+05
1.565930e+02	3.249450e+05
1.566430e+02	3.235920e+05
1.566930e+02	3.235880e+05
1.567430e+02	3.234930e+05
1.567940e+02	3.334740e+05
1.568440e+02	3.344460e+05
1.568930e+02	3.325460e+05
1.569430e+02	3.301430e+05
1.569930e+02	3.306720e+05
1.570440e+02	3.280460e+05
1.570940e+02	3.297510e+05
1.571440e+02	3.272880e+05
1.571940e+02	3.287740e+05
1.572450e+02	3.267440e+05
1.572940e+02	3.271760e+05
1.573440e+02	3.257070e+05
1.573940e+02	3.267720e+05
1.574440e+02	3.263040e+05
1.574940e+02	3.251650e+05
1.575450e+02	3.259370e+05
1.575950e+02	3.252430e+05
1.576440e+02	3.262030e+05
1.576950e+02	3.246970e+05
1.577450e+02	3.250150e+05
1.577950e+02	3.331680e+05
1.578460e+02	3.355510e+05
1.578950e+02	3.334480e+05
1.579450e+02	3.327080e+05
1.579950e+02	3.312110e+05
1.580450e+02	3.310950e+05
1.580950e+02	3.293630e+05
1.581460e+02	3.301150e+05
1.581960e+02	3.283950e+05
1.582460e+02	3.295640e+05
1.582950e+02	3.280480e+05
1.583460e+02	3.281410e+05
1.583960e+02	3.283220e+05
1.584460e+02	3.272990e+05
1.584970e+02	3.286790e+05
1.585460e+02	3.258410e+05
1.585960e+02	3.272260e+05
1.586470e+02	3.263170e+05
1.586970e+02	3.272090e+05
1.587470e+02	3.273800e+05
1.587970e+02	3.367230e+05
1.588470e+02	3.363090e+05
1.588970e+02	3.352180e+05
1.589480e+02	3.332210e+05
1.589970e+02	3.339320e+05
1.590480e+02	3.324990e+05
1.590970e+02	3.327810e+05
1.591480e+02	3.307220e+05
1.591970e+02	3.309480e+05
1.592480e+02	3.303150e+05
1.592980e+02	3.302320e+05
1.593480e+02	3.304320e+05
1.593980e+02	3.296310e+05
1.594490e+02	3.294700e+05
1.594990e+02	3.288200e+05
1.595490e+02	3.291790e+05
1.595980e+02	3.295800e+05
1.596490e+02	3.293090e+05
1.596980e+02	3.285410e+05
1.597490e+02	3.285220e+05
1.597990e+02	3.369620e+05
1.598490e+02	3.386470e+05
1.598990e+02	3.367500e+05
1.599490e+02	3.362120e+05
1.599990e+02	3.341610e+05
1.600500e+02	3.334690e+05
1.601000e+02	3.334260e+05
1.601500e+02	3.319370e+05
1.601990e+02	3.337220e+05
1.602500e+02	3.319840e+05
1.602990e+02	3.320280e+05
1.603500e+02	3.311080e+05
1.604000e+02	3.305390e+05
1.604500e+02	3.316300e+05
1.605000e+02	3.303990e+05
1.605500e+02	3.303440e+05
1.606000e+02	3.309780e+05
1.606510e+02	3.298200e+05
1.607010e+02	3.309570e+05
1.607510e+02	3.303710e+05
1.608010e+02	3.399850e+05
1.608510e+02	3.398790e+05
1.609010e+02	3.375530e+05
1.609510e+02	3.366090e+05
1.610010e+02	3.347870e+05
1.610510e+02	3.365450e+05
1.611010e+02	3.337320e+05
1.611520e+02	3.337580e+05
1.612010e+02	3.334270e+05
1.612510e+02	3.329130e+05
1.613010e+02	3.339840e+05
1.613520e+02	3.331190e+05
1.614010e+02	3.330460e+05
1.614510e+02	3.318110e+05
1.615030e+02	3.324450e+05
1.615520e+02	3.316030e+05
1.616020e+02	3.321670e+05
1.616530e+02	3.317440e+05
1.617020e+02	3.317310e+05
1.617520e+02	3.314180e+05
1.618030e+02	3.416790e+05
1.618520e+02	3.408170e+05
1.619030e+02	3.404740e+05
1.619530e+02	3.372030e+05
1.620030e+02	3.379430e+05
1.620530e+02	3.355280e+05
1.621030e+02	3.364490e+05
1.621530e+02	3.355780e+05
1.622040e+02	3.352140e+05
1.622530e+02	3.352670e+05
1.623030e+02	3.337560e+05
1.623540e+02	3.346020e+05
1.624040e+02	3.341080e+05
1.624540e+02	3.345320e+05
1.625040e+02	3.333230e+05
1.625540e+02	3.333780e+05
1.626040e+02	3.323100e+05
1.626540e+02	3.340980e+05
1.627040e+02	3.324710e+05
1.627540e+02	3.356730e+05
1.628040e+02	3.418850e+05
1.628550e+02	3.421680e+05
1.629050e+02	3.403480e+05
1.629550e+02	3.401920e+05
1.630050e+02	3.387970e+05
1.630550e+02	3.394870e+05
1.631050e+02	3.375440e+05
1.631550e+02	3.368330e+05
1.632050e+02	3.357320e+05
1.632550e+02	3.372040e+05
1.633060e+02	3.355180e+05
1.633550e+02	3.358270e+05
1.634060e+02	3.358330e+05
1.634560e+02	3.349030e+05
1.635060e+02	3.351460e+05
1.635560e+02	3.344250e+05
1.636070e+02	3.348020e+05
1.636560e+02	3.347220e+05
1.637060e+02	3.342070e+05
1.637560e+02	3.356790e+05
1.638060e+02	3.443610e+05
1.638570e+02	3.436390e+05
1.639070e+02	3.421470e+05
1.639570e+02	3.400030e+05
1.640070e+02	3.399020e+05
1.640570e+02	3.384890e+05
1.641070e+02	3.391080e+05
1.641570e+02	3.373750e+05
1.642070e+02	3.377490e+05
1.642570e+02	3.368550e+05
1.643080e+02	3.371200e+05
1.643580e+02	3.364550e+05
1.644080e+02	3.366590e+05
1.644570e+02	3.368580e+05
1.645080e+02	3.355410e+05
1.645580e+02	3.356740e+05
1.646080e+02	3.350700e+05
1.646580e+02	3.358640e+05
1.647080e+02	3.352080e+05
1.647580e+02	3.371100e+05
1.648080e+02	3.439910e+05
1.648580e+02	3.443800e+05
1.649080e+02	3.426290e+05
1.649580e+02	3.421950e+05
1.650090e+02	3.405830e+05
1.650590e+02	3.407030e+05
1.651090e+02	3.409700e+05
1.651590e+02	3.397700e+05
1.652090e+02	3.383300e+05
1.652590e+02	3.392000e+05
1.653090e+02	3.369680e+05
1.653590e+02	3.372810e+05
1.654090e+02	3.365400e+05
1.654590e+02	3.367970e+05
1.655090e+02	3.383400e+05
1.655590e+02	3.365430e+05
1.656100e+02	3.377250e+05
1.656600e+02	3.359600e+05
1.657100e+02	3.369680e+05
1.657600e+02	3.366720e+05
1.658100e+02	3.477010e+05
1.658600e+02	3.447730e+05
1.659100e+02	3.455040e+05
1.659600e+02	3.412710e+05
1.660100e+02	3.422320e+05
1.660610e+02	3.413100e+05
1.661110e+02	3.413090e+05
1.661600e+02	3.400430e+05
1.662110e+02	3.394600e+05
1.662600e+02	3.395310e+05
1.663100e+02	3.388450e+05
1.663610e+02	3.391000e+05
1.664120e+02	3.376440e+05
1.664620e+02	3.394980e+05
1.665120e+02	3.379530e+05
1.665610e+02	3.374840e+05
1.666110e+02	3.375850e+05
1.666610e+02	3.379270e+05
1.667120e+02	3.379800e+05
1.667620e+02	3.395390e+05
1.668120e+02	3.463460e+05
1.668620e+02	3.459430e+05
1.669120e+02	3.450570e+05
1.669620e+02	3.437710e+05
1.670120e+02	3.424450e+05
1.670630e+02	3.412260e+05
1.671120e+02	3.416570e+05
1.671630e+02	3.394570e+05
1.672120e+02	3.410400e+05
1.672620e+02	3.397720e+05
1.673120e+02	3.406320e+05
1.673630e+02	3.382880e+05
1.674140e+02	3.383690e+05
1.674630e+02	3.391670e+05
1.675140e+02	3.393770e+05
1.675640e+02	3.385320e+05
1.676130e+02	3.386320e+05
1.676630e+02	3.374610e+05
1.677140e+02	3.381490e+05
1.677640e+02	3.399690e+05
1.678140e+02	3.472580e+05
1.678640e+02	3.471700e+05
1.679140e+02	3.447570e+05
1.679640e+02	3.443990e+05
1.680140e+02	3.420280e+05
1.680650e+02	3.417710e+05
1.681140e+02	3.432660e+05
1.681640e+02	3.436150e+05
1.682140e+02	3.406150e+05
1.682640e+02	3.415350e+05
1.683150e+02	3.392640e+05
1.683650e+02	3.397780e+05
1.684150e+02	3.384320e+05
1.684650e+02	3.397920e+05
1.685150e+02	3.384290e+05
1.685650e+02	3.386100e+05
1.686150e+02	3.385140e+05
1.686650e+02	3.381650e+05
1.687150e+02	3.389980e+05
1.687650e+02	3.407620e+05
1.688160e+02	3.479010e+05
1.688660e+02	3.460740e+05
1.689160e+02	3.447910e+05
1.689660e+02	3.436570e+05
1.690160e+02	3.438170e+05
1.690670e+02	3.424580e+05
1.691160e+02	3.420180e+05
1.691670e+02	3.405790e+05
1.692170e+02	3.411990e+05
1.692660e+02	3.403730e+05
1.693170e+02	3.404850e+05
1.693670e+02	3.392500e+05
1.694160e+02	3.393800e+05
1.694670e+02	3.399850e+05
1.695170e+02	3.382240e+05
1.695670e+02	3.400010e+05
1.696170e+02	3.384400e+05
1.696670e+02	3.395390e+05
1.697180e+02	3.380980e+05
1.697670e+02	3.422190e+05
1.698170e+02	3.472520e+05
1.698680e+02	3.479190e+05
1.699170e+02	3.437610e+05
1.699680e+02	3.442840e+05
1.700180e+02	3.424540e+05
1.700690e+02	3.428230e+05
1.701180e+02	3.423240e+05
1.701690e+02	3.418620e+05
1.702180e+02	3.403790e+05
1.702680e+02	3.408810e+05
1.703210e+02	3.409880e+05
1.703680e+02	3.396660e+05
1.704180e+02	3.401200e+05
1.704690e+02	3.388840e+05
1.705190e+02	3.397670e+05
1.705690e+02	3.380490e+05
1.706190e+02	3.402910e+05
1.706690e+02	3.388990e+05
1.707190e+02	3.402080e+05
1.707700e+02	3.411100e+05
1.708200e+02	3.478200e+05
1.708700e+02	3.458450e+05
1.709200e+02	3.456120e+05
1.709700e+02	3.443240e+05
1.710200e+02	3.437180e+05
1.710700e+02	3.427870e+05
1.711200e+02	3.413340e+05
1.711710e+02	3.412500e+05
1.712210e+02	3.407050e+05
1.712700e+02	3.416420e+05
1.713200e+02	3.407280e+05
1.713710e+02	3.396370e+05
1.714210e+02	3.389370e+05
1.714710e+02	3.399360e+05
1.715210e+02	3.390680e+05
1.715700e+02	3.397050e+05
1.716210e+02	3.380160e+05
1.716710e+02	3.394930e+05
1.717220e+02	3.380610e+05
1.717710e+02	3.421090e+05
1.718210e+02	3.474700e+05
1.718720e+02	3.454440e+05
1.719210e+02	3.444850e+05
1.719710e+02	3.431880e+05
1.720210e+02	3.432120e+05
1.720720e+02	3.421830e+05
1.721210e+02	3.416060e+05
1.721720e+02	3.400350e+05
1.722220e+02	3.405870e+05
1.722720e+02	3.407930e+05
1.723220e+02	3.400450e+05
1.723720e+02	3.391060e+05
1.724220e+02	3.396810e+05
1.724720e+02	3.383680e+05
1.725230e+02	3.397290e+05
1.725730e+02	3.383070e+05
1.726230e+02	3.398320e+05
1.726720e+02	3.382010e+05
1.727230e+02	3.388490e+05
1.727730e+02	3.407540e+05
1.728230e+02	3.472390e+05
1.728730e+02	3.462770e+05
1.729240e+02	3.442780e+05
1.729740e+02	3.436220e+05
1.730230e+02	3.430650e+05
1.730740e+02	3.419840e+05
1.731240e+02	3.420870e+05
1.731740e+02	3.413290e+05
1.732240e+02	3.400220e+05
1.732740e+02	3.398050e+05
1.733240e+02	3.392040e+05
1.733800e+02	3.384780e+05
1.734240e+02	3.388710e+05
1.734740e+02	3.397800e+05
1.735240e+02	3.380590e+05
1.735750e+02	3.382850e+05
1.736250e+02	3.365970e+05
1.736750e+02	3.379680e+05
1.737250e+02	3.382130e+05
1.737750e+02	3.425910e+05
1.738250e+02	3.469190e+05
1.738750e+02	3.450030e+05
1.739250e+02	3.435810e+05
1.739750e+02	3.421990e+05
1.740260e+02	3.418120e+05
1.740760e+02	3.414840e+05
1.741260e+02	3.409430e+05
1.741760e+02	3.391570e+05
1.742260e+02	3.392770e+05
1.742760e+02	3.386810e+05
1.743260e+02	3.392920e+05
1.743760e+02	3.378420e+05
1.744260e+02	3.421970e+05
1.744760e+02	3.380650e+05
1.745260e+02	3.380010e+05
1.745760e+02	3.371680e+05
1.746260e+02	3.371330e+05
1.746770e+02	3.366740e+05
1.747270e+02	3.369610e+05
1.747770e+02	3.405360e+05
1.748270e+02	3.464110e+05
1.748770e+02	3.446160e+05
1.749270e+02	3.434870e+05
1.749770e+02	3.420060e+05
1.750270e+02	3.403170e+05
1.750770e+02	3.402300e+05
1.751270e+02	3.399200e+05
1.751780e+02	3.389510e+05
1.752280e+02	3.385120e+05
1.752770e+02	3.382760e+05
1.753280e+02	3.376470e+05
1.753790e+02	3.370950e+05
1.754290e+02	3.368050e+05
1.754780e+02	3.370720e+05
1.755290e+02	3.370010e+05
1.755790e+02	3.362830e+05
1.756280e+02	3.362960e+05
1.756780e+02	3.364580e+05
1.757290e+02	3.356850e+05
1.757790e+02	3.357690e+05
1.758290e+02	3.355720e+05
1.758800e+02	3.349990e+05
1.759280e+02	3.361730e+05
1.759790e+02	3.350780e+05
1.760290e+02	3.357200e+05
1.760800e+02	3.354220e+05
1.761290e+02	3.355750e+05
1.761790e+02	3.353160e+05
1.762290e+02	3.347360e+05
1.762800e+02	3.351440e+05
1.763300e+02	3.352120e+05
1.763800e+02	3.350940e+05
1.764300e+02	3.342410e+05
1.764810e+02	3.351120e+05
1.765310e+02	3.346910e+05
1.765820e+02	3.349700e+05
1.766310e+02	3.344820e+05
1.766810e+02	3.346030e+05
1.767310e+02	3.342290e+05
1.767810e+02	3.346210e+05
1.768310e+02	3.345150e+05
1.768810e+02	3.352620e+05
1.769310e+02	3.342290e+05
1.769820e+02	3.339650e+05
1.770310e+02	3.343580e+05
1.770820e+02	3.336610e+05
1.771320e+02	3.338140e+05
1.771820e+02	3.349900e+05
1.772310e+02	3.342950e+05
1.772820e+02	3.337210e+05
1.773310e+02	3.333180e+05
1.773820e+02	3.339260e+05
1.774320e+02	3.341980e+05
1.774820e+02	3.337260e+05
1.775310e+02	3.336400e+05
1.775830e+02	3.322210e+05
1.776320e+02	3.333610e+05
