0.000000e+00	2.435040e+05
5.000000e-02	2.429350e+05
1.000000e-01	2.426740e+05
1.500000e-01	2.426230e+05
1.990000e-01	2.427740e+05
2.500000e-01	2.429230e+05
3.000000e-01	2.430080e+05
3.510000e-01	2.442540e+05
4.000000e-01	2.496760e+05
4.500000e-01	2.508280e+05
5.010000e-01	2.485570e+05
5.510000e-01	2.482720e+05
6.000000e-01	2.471410e+05
6.510000e-01	2.470660e+05
7.010000e-01	2.462050e+05
7.510000e-01	2.459260e+05
8.010000e-01	2.448830e+05
8.510000e-01	2.447000e+05
9.010000e-01	2.452580e+05
9.520000e-01	2.456030e+05
1.002000e+00	2.444080e+05
1.052000e+00	2.447680e+05
1.102000e+00	2.445350e+05
1.152000e+00	2.447320e+05
1.202000e+00	2.441060e+05
1.253000e+00	2.438360e+05
1.302000e+00	2.446700e+05
1.352000e+00	2.453360e+05
1.403000e+00	2.521450e+05
1.452000e+00	2.518570e+05
1.502000e+00	2.512720e+05
1.553000e+00	2.493800e+05
1.603000e+00	2.489440e+05
1.653000e+00	2.485630e+05
1.703000e+00	2.507320e+05
1.753000e+00	2.490380e+05
1.803000e+00	2.479640e+05
1.853000e+00	2.468640e+05
1.903000e+00	2.466140e+05
1.953000e+00	2.467620e+05
2.003000e+00	2.465050e+05
2.054000e+00	2.463850e+05
2.104000e+00	2.459830e+05
2.154000e+00	2.466460e+05
2.204000e+00	2.456570e+05
2.253000e+00	2.464890e+05
2.304000e+00	2.459940e+05
2.354000e+00	2.477170e+05
2.405000e+00	2.527410e+05
2.454000e+00	2.526340e+05
2.505000e+00	2.515770e+05
2.554000e+00	2.513460e+05
2.604000e+00	2.503040e+05
2.655000e+00	2.491670e+05
2.705000e+00	2.491300e+05
2.755000e+00	2.485140e+05
2.805000e+00	2.486600e+05
2.855000e+00	2.481500e+05
2.904000e+00	2.488640e+05
2.956000e+00	2.474950e+05
3.005000e+00	2.473640e+05
3.056000e+00	2.452220e+05
3.105000e+00	2.474150e+05
3.156000e+00	2.466040e+05
3.205000e+00	2.471320e+05
3.256000e+00	2.463880e+05
3.306000e+00	2.460660e+05
3.356000e+00	2.473450e+05
3.406000e+00	2.549220e+05
3.456000e+00	2.540710e+05
3.506000e+00	2.535880e+05
3.556000e+00	2.514460e+05
3.606000e+00	2.503010e+05
3.656000e+00	2.500310e+05
3.706000e+00	2.498870e+05
3.756000e+00	2.500040e+05
3.806000e+00	2.490050e+05
3.857000e+00	2.486790e+05
3.907000e+00	2.485880e+05
3.957000e+00	2.490090e+05
4.007000e+00	2.475160e+05
4.058000e+00	2.485670e+05
4.107000e+00	2.476860e+05
4.157000e+00	2.483340e+05
4.208000e+00	2.469890e+05
4.258000e+00	2.477790e+05
4.308000e+00	2.476010e+05
4.357000e+00	2.490540e+05
4.408000e+00	2.551730e+05
4.458000e+00	2.547370e+05
4.508000e+00	2.534480e+05
4.559000e+00	2.529590e+05
4.608000e+00	2.523070e+05
4.659000e+00	2.508610e+05
4.709000e+00	2.513360e+05
4.759000e+00	2.502970e+05
4.809000e+00	2.506690e+05
4.859000e+00	2.495440e+05
4.909000e+00	2.499450e+05
4.959000e+00	2.487130e+05
5.009000e+00	2.488610e+05
5.059000e+00	2.479290e+05
5.109000e+00	2.488070e+05
5.160000e+00	2.483540e+05
5.209000e+00	2.489310e+05
5.260000e+00	2.480330e+05
5.310000e+00	2.485010e+05
5.360000e+00	2.501740e+05
5.410000e+00	2.559910e+05
5.460000e+00	2.553780e+05
5.510000e+00	2.534700e+05
5.561000e+00	2.537260e+05
5.610000e+00	2.523760e+05
5.660000e+00	2.520920e+05
5.710000e+00	2.512850e+05
5.760000e+00	2.517460e+05
5.811000e+00	2.499860e+05
5.861000e+00	2.502300e+05
5.911000e+00	2.497780e+05
5.961000e+00	2.503440e+05
6.011000e+00	2.498720e+05
6.061000e+00	2.497600e+05
6.111000e+00	2.493150e+05
6.162000e+00	2.496650e+05
6.212000e+00	2.501040e+05
6.262000e+00	2.494240e+05
6.311000e+00	2.497410e+05
6.362000e+00	2.508410e+05
6.411000e+00	2.578000e+05
6.462000e+00	2.557140e+05
6.512000e+00	2.557240e+05
6.561000e+00	2.533740e+05
6.612000e+00	2.529370e+05
6.662000e+00	2.526220e+05
6.712000e+00	2.525830e+05
6.763000e+00	2.520700e+05
6.812000e+00	2.516750e+05
6.862000e+00	2.504610e+05
6.912000e+00	2.516270e+05
6.962000e+00	2.512770e+05
7.013000e+00	2.507410e+05
7.063000e+00	2.509820e+05
7.113000e+00	2.506870e+05
7.163000e+00	2.511350e+05
7.213000e+00	2.501950e+05
7.263000e+00	2.510910e+05
7.313000e+00	2.505460e+05
7.363000e+00	2.529160e+05
7.414000e+00	2.574840e+05
7.464000e+00	2.571890e+05
7.514000e+00	2.558540e+05
7.564000e+00	2.555020e+05
7.614000e+00	2.544070e+05
7.664000e+00	2.541270e+05
7.714000e+00	2.532930e+05
7.765000e+00	2.532780e+05
7.814000e+00	2.524860e+05
7.865000e+00	2.523560e+05
7.915000e+00	2.526240e+05
7.964000e+00	2.526970e+05
8.015000e+00	2.519290e+05
8.065000e+00	2.512700e+05
8.114000e+00	2.522620e+05
8.165000e+00	2.517800e+05
8.215000e+00	2.519420e+05
8.266000e+00	2.513960e+05
8.315000e+00	2.515780e+05
8.366000e+00	2.534600e+05
8.416000e+00	2.595070e+05
8.465000e+00	2.581150e+05
8.516000e+00	2.573780e+05
8.566000e+00	2.562200e+05
8.616000e+00	2.546730e+05
8.666000e+00	2.549400e+05
8.716000e+00	2.546280e+05
8.766000e+00	2.542530e+05
8.817000e+00	2.536820e+05
8.867000e+00	2.558340e+05
8.917000e+00	2.533450e+05
8.967000e+00	2.535050e+05
9.016000e+00	2.542870e+05
9.067000e+00	2.565150e+05
9.117000e+00	2.536260e+05
9.167000e+00	2.536810e+05
9.217000e+00	2.518100e+05
9.267000e+00	2.526190e+05
9.317000e+00	2.522750e+05
9.367000e+00	2.559830e+05
9.417000e+00	2.607890e+05
9.467000e+00	2.599130e+05
9.517000e+00	2.580280e+05
9.568000e+00	2.577320e+05
9.617000e+00	2.564850e+05
9.668000e+00	2.551430e+05
9.718000e+00	2.560600e+05
9.768000e+00	2.545650e+05
9.818000e+00	2.553490e+05
9.868000e+00	2.535400e+05
9.919000e+00	2.543140e+05
9.968000e+00	2.542690e+05
1.001800e+01	2.547820e+05
1.006800e+01	2.535460e+05
1.011900e+01	2.538840e+05
1.016900e+01	2.531370e+05
1.021800e+01	2.540330e+05
1.026900e+01	2.530520e+05
1.031900e+01	2.537250e+05
1.036900e+01	2.555840e+05
1.041900e+01	2.616140e+05
1.046900e+01	2.605670e+05
1.051900e+01	2.593520e+05
1.056900e+01	2.585290e+05
1.062000e+01	2.568740e+05
1.067000e+01	2.570470e+05
1.071900e+01	2.560520e+05
1.077000e+01	2.565050e+05
1.082000e+01	2.554350e+05
1.087000e+01	2.560360e+05
1.092000e+01	2.547050e+05
1.097000e+01	2.557510e+05
1.102000e+01	2.545420e+05
1.107000e+01	2.551370e+05
1.112000e+01	2.548760e+05
1.117100e+01	2.548950e+05
1.122100e+01	2.539380e+05
1.127100e+01	2.544880e+05
1.132100e+01	2.547920e+05
1.137100e+01	2.583070e+05
1.142100e+01	2.625550e+05
1.147100e+01	2.605870e+05
1.152100e+01	2.603200e+05
1.157200e+01	2.585520e+05
1.162200e+01	2.591800e+05
1.167200e+01	2.569280e+05
1.172200e+01	2.583290e+05
1.177200e+01	2.564760e+05
1.182200e+01	2.568650e+05
1.187200e+01	2.560860e+05
1.192200e+01	2.567850e+05
1.197200e+01	2.558710e+05
1.202200e+01	2.558470e+05
1.207200e+01	2.554580e+05
1.212200e+01	2.553300e+05
1.217200e+01	2.554170e+05
1.222300e+01	2.552330e+05
1.227300e+01	2.555880e+05
1.232300e+01	2.552080e+05
1.237300e+01	2.589190e+05
1.242300e+01	2.632310e+05
1.247300e+01	2.625550e+05
1.252300e+01	2.604980e+05
1.257300e+01	2.603500e+05
1.262300e+01	2.599830e+05
1.267300e+01	2.589660e+05
1.272300e+01	2.580260e+05
1.277400e+01	2.582850e+05
1.282300e+01	2.570580e+05
1.287400e+01	2.572330e+05
1.292400e+01	2.575050e+05
1.297400e+01	2.567340e+05
1.302400e+01	2.571440e+05
1.307500e+01	2.561890e+05
1.312500e+01	2.567620e+05
1.317500e+01	2.560020e+05
1.322400e+01	2.562350e+05
1.327400e+01	2.558740e+05
1.332400e+01	2.564400e+05
1.337500e+01	2.594650e+05
1.342500e+01	2.645360e+05
1.347500e+01	2.621180e+05
1.352600e+01	2.622020e+05
1.357500e+01	2.608050e+05
1.362500e+01	2.604730e+05
1.367500e+01	2.589520e+05
1.372500e+01	2.587490e+05
1.377500e+01	2.588640e+05
1.382500e+01	2.583190e+05
1.387500e+01	2.579870e+05
1.392500e+01	2.574770e+05
1.397500e+01	2.575390e+05
1.402600e+01	2.570930e+05
1.407600e+01	2.565670e+05
1.412600e+01	2.570510e+05
1.417600e+01	2.574760e+05
1.422600e+01	2.564070e+05
1.427600e+01	2.570130e+05
1.432600e+01	2.561810e+05
1.437600e+01	2.609100e+05
1.442600e+01	2.642350e+05
1.447700e+01	2.637060e+05
1.452700e+01	2.624950e+05
1.457700e+01	2.614080e+05
1.462700e+01	2.599140e+05
1.467900e+01	2.598680e+05
1.472700e+01	2.594260e+05
1.477800e+01	2.596340e+05
1.482800e+01	2.590210e+05
1.487800e+01	2.585970e+05
1.492800e+01	2.583200e+05
1.497800e+01	2.579170e+05
1.502700e+01	2.577020e+05
1.507800e+01	2.566030e+05
1.512800e+01	2.582880e+05
1.517800e+01	2.580240e+05
1.522800e+01	2.577820e+05
1.527900e+01	2.567970e+05
1.532800e+01	2.572720e+05
1.537900e+01	2.617830e+05
1.542800e+01	2.651330e+05
1.547800e+01	2.633860e+05
1.552800e+01	2.623450e+05
1.557900e+01	2.611720e+05
1.562900e+01	2.609640e+05
1.567900e+01	2.602410e+05
1.572800e+01	2.597920e+05
1.577900e+01	2.597760e+05
1.582900e+01	2.583900e+05
1.588000e+01	2.592080e+05
1.592900e+01	2.585910e+05
1.598000e+01	2.590420e+05
1.603000e+01	2.576480e+05
1.608000e+01	2.582100e+05
1.613000e+01	2.571930e+05
1.618000e+01	2.580360e+05
1.622900e+01	2.576990e+05
1.628000e+01	2.573260e+05
1.633100e+01	2.578930e+05
1.638100e+01	2.625370e+05
1.643100e+01	2.658800e+05
1.648100e+01	2.639390e+05
1.653100e+01	2.631960e+05
1.658100e+01	2.620100e+05
1.663100e+01	2.608810e+05
1.668100e+01	2.601060e+05
1.673100e+01	2.606090e+05
1.678100e+01	2.596380e+05
1.683100e+01	2.596520e+05
1.688100e+01	2.582510e+05
1.693100e+01	2.586710e+05
1.698200e+01	2.589810e+05
1.703200e+01	2.580520e+05
1.708200e+01	2.583000e+05
1.713200e+01	2.578360e+05
1.718200e+01	2.584160e+05
1.723100e+01	2.574720e+05
1.728200e+01	2.582920e+05
1.733200e+01	2.576040e+05
1.738200e+01	2.627670e+05
1.743200e+01	2.648680e+05
1.748200e+01	2.640580e+05
1.753300e+01	2.631190e+05
1.758300e+01	2.625770e+05
1.763300e+01	2.609500e+05
1.768200e+01	2.604570e+05
1.773200e+01	2.596700e+05
1.778300e+01	2.601250e+05
1.783300e+01	2.590300e+05
1.788300e+01	2.592710e+05
1.793300e+01	2.579000e+05
1.798300e+01	2.584880e+05
1.803300e+01	2.583590e+05
1.808400e+01	2.580530e+05
1.813300e+01	2.586120e+05
1.818400e+01	2.585390e+05
1.823300e+01	2.581280e+05
1.828300e+01	2.575820e+05
1.833300e+01	2.579290e+05
1.838400e+01	2.629210e+05
1.843500e+01	2.667700e+05
1.848400e+01	2.633790e+05
1.853400e+01	2.632520e+05
1.858500e+01	2.614420e+05
1.863400e+01	2.613070e+05
1.868400e+01	2.597860e+05
1.873400e+01	2.610710e+05
1.878500e+01	2.594080e+05
1.883500e+01	2.588820e+05
1.888500e+01	2.585040e+05
1.893500e+01	2.591100e+05
1.898500e+01	2.590180e+05
1.903500e+01	2.587560e+05
1.908600e+01	2.581710e+05
1.913500e+01	2.578220e+05
1.918600e+01	2.581950e+05
1.923600e+01	2.574920e+05
1.928500e+01	2.581240e+05
1.933600e+01	2.577600e+05
1.938600e+01	2.635490e+05
1.943600e+01	2.640980e+05
1.948600e+01	2.638820e+05
1.953600e+01	2.619390e+05
1.958600e+01	2.620890e+05
1.963700e+01	2.607580e+05
1.968600e+01	2.599680e+05
1.973600e+01	2.600620e+05
1.978700e+01	2.605220e+05
1.983700e+01	2.587470e+05
1.988700e+01	2.585510e+05
1.993700e+01	2.590490e+05
1.998700e+01	2.579790e+05
2.003700e+01	2.585330e+05
2.008700e+01	2.574530e+05
2.013700e+01	2.589650e+05
2.018700e+01	2.575960e+05
2.023800e+01	2.587590e+05
2.028800e+01	2.570900e+05
2.033800e+01	2.585160e+05
2.038800e+01	2.638350e+05
2.043800e+01	2.652140e+05
2.048800e+01	2.634270e+05
2.053800e+01	2.630540e+05
2.058900e+01	2.616950e+05
2.063800e+01	2.609930e+05
2.068900e+01	2.597810e+05
2.073900e+01	2.596180e+05
2.078900e+01	2.597590e+05
2.083900e+01	2.589700e+05
2.088900e+01	2.583870e+05
2.093900e+01	2.584690e+05
2.098800e+01	2.588540e+05
2.103900e+01	2.568540e+05
2.108900e+01	2.583070e+05
2.113900e+01	2.572770e+05
2.119000e+01	2.590050e+05
2.123900e+01	2.578500e+05
2.128900e+01	2.576510e+05
2.134000e+01	2.567710e+05
2.139000e+01	2.630920e+05
2.143900e+01	2.639730e+05
2.149000e+01	2.630160e+05
2.153900e+01	2.614120e+05
2.159000e+01	2.617770e+05
2.164000e+01	2.601930e+05
2.169000e+01	2.594280e+05
2.174000e+01	2.588170e+05
2.179000e+01	2.587370e+05
2.184000e+01	2.593240e+05
2.189100e+01	2.574850e+05
2.194100e+01	2.583760e+05
2.199000e+01	2.570770e+05
2.204100e+01	2.580940e+05
2.209100e+01	2.571020e+05
2.214100e+01	2.577170e+05
2.219200e+01	2.566890e+05
2.224100e+01	2.573330e+05
2.229100e+01	2.560770e+05
2.234200e+01	2.565950e+05
2.239100e+01	2.629880e+05
2.244100e+01	2.641170e+05
2.249200e+01	2.623270e+05
2.254100e+01	2.610160e+05
2.259200e+01	2.607330e+05
2.264200e+01	2.589790e+05
2.269200e+01	2.600800e+05
2.274200e+01	2.575210e+05
2.279200e+01	2.586020e+05
2.284200e+01	2.567980e+05
2.289200e+01	2.575120e+05
2.294200e+01	2.568140e+05
2.299300e+01	2.575090e+05
2.304200e+01	2.566790e+05
2.309300e+01	2.565450e+05
2.314300e+01	2.554860e+05
2.319300e+01	2.561430e+05
2.324300e+01	2.559370e+05
2.329300e+01	2.554430e+05
2.334300e+01	2.559280e+05
2.339400e+01	2.615420e+05
2.344400e+01	2.622260e+05
2.349300e+01	2.609810e+05
2.354300e+01	2.610340e+05
2.359400e+01	2.589350e+05
2.364400e+01	2.584040e+05
2.369400e+01	2.571920e+05
2.374400e+01	2.576560e+05
2.379400e+01	2.570930e+05
2.384500e+01	2.574630e+05
2.389400e+01	2.561480e+05
2.394500e+01	2.560250e+05
2.399500e+01	2.555350e+05
2.404400e+01	2.557020e+05
2.409500e+01	2.564320e+05
2.414500e+01	2.551510e+05
2.419500e+01	2.558010e+05
2.424500e+01	2.539660e+05
2.429500e+01	2.555840e+05
2.434500e+01	2.549580e+05
2.439500e+01	2.629060e+05
2.444500e+01	2.612720e+05
2.449600e+01	2.601690e+05
2.454600e+01	2.576530e+05
2.459500e+01	2.588940e+05
2.464500e+01	2.568250e+05
2.469500e+01	2.576900e+05
2.474600e+01	2.561600e+05
2.479600e+01	2.561590e+05
2.484600e+01	2.556420e+05
2.489600e+01	2.556840e+05
2.494600e+01	2.552610e+05
2.499700e+01	2.552120e+05
2.504700e+01	2.549600e+05
2.509600e+01	2.538850e+05
2.514600e+01	2.540650e+05
2.519800e+01	2.538480e+05
2.524700e+01	2.541520e+05
2.529700e+01	2.533690e+05
2.534700e+01	2.543610e+05
2.539700e+01	2.600580e+05
2.544700e+01	2.612460e+05
2.549800e+01	2.589190e+05
2.554800e+01	2.586660e+05
2.559800e+01	2.572390e+05
2.564700e+01	2.564590e+05
2.569800e+01	2.553840e+05
2.574800e+01	2.557740e+05
2.579800e+01	2.555400e+05
2.584800e+01	2.548300e+05
2.589800e+01	2.539770e+05
2.594800e+01	2.541360e+05
2.599800e+01	2.539640e+05
2.604800e+01	2.538280e+05
2.609800e+01	2.534760e+05
2.614800e+01	2.530210e+05
2.619900e+01	2.535050e+05
2.624900e+01	2.530920e+05
2.629900e+01	2.532190e+05
2.634900e+01	2.533570e+05
2.639900e+01	2.599930e+05
2.644900e+01	2.594620e+05
2.649900e+01	2.576820e+05
2.654900e+01	2.565410e+05
2.659900e+01	2.558540e+05
2.664900e+01	2.554320e+05
2.669900e+01	2.541120e+05
2.675000e+01	2.532850e+05
2.680000e+01	2.532940e+05
2.685000e+01	2.537110e+05
2.690000e+01	2.533070e+05
2.695000e+01	2.528040e+05
2.700100e+01	2.521720e+05
2.705000e+01	2.522970e+05
2.710100e+01	2.513740e+05
2.715000e+01	2.522890e+05
2.720000e+01	2.515860e+05
2.725100e+01	2.519660e+05
2.730100e+01	2.509790e+05
2.735100e+01	2.526250e+05
2.740100e+01	2.582250e+05
2.745000e+01	2.581640e+05
2.750200e+01	2.563700e+05
2.755200e+01	2.551110e+05
2.760100e+01	2.540790e+05
2.765100e+01	2.539120e+05
2.770100e+01	2.536900e+05
2.775100e+01	2.527200e+05
2.780200e+01	2.526890e+05
2.785200e+01	2.512790e+05
2.790200e+01	2.513900e+05
2.795200e+01	2.511880e+05
2.800200e+01	2.518720e+05
2.805200e+01	2.512930e+05
2.810200e+01	2.515320e+05
2.815200e+01	2.503010e+05
2.820300e+01	2.506120e+05
2.825300e+01	2.496510e+05
2.830300e+01	2.501870e+05
2.835300e+01	2.513410e+05
2.840300e+01	2.571330e+05
2.845300e+01	2.565920e+05
2.850300e+01	2.545200e+05
2.855300e+01	2.535450e+05
2.860300e+01	2.530380e+05
2.865300e+01	2.526770e+05
2.870300e+01	2.516630e+05
2.875300e+01	2.510000e+05
2.880400e+01	2.511950e+05
2.885300e+01	2.504770e+05
2.890400e+01	2.496230e+05
2.895300e+01	2.498450e+05
2.900400e+01	2.499800e+05
2.905400e+01	2.492490e+05
2.910400e+01	2.489600e+05
2.915400e+01	2.485430e+05
2.920400e+01	2.487970e+05
2.925400e+01	2.483600e+05
2.930400e+01	2.484370e+05
2.935400e+01	2.496920e+05
2.940500e+01	2.555250e+05
2.945400e+01	2.544940e+05
2.950600e+01	2.527650e+05
2.955500e+01	2.509660e+05
2.960500e+01	2.516160e+05
2.965500e+01	2.502160e+05
2.970500e+01	2.502630e+05
2.975500e+01	2.494290e+05
2.980500e+01	2.498120e+05
2.985600e+01	2.486350e+05
2.990600e+01	2.481860e+05
2.995600e+01	2.472940e+05
3.000600e+01	2.472940e+05
3.005600e+01	2.476940e+05
3.010600e+01	2.470610e+05
3.015700e+01	2.471590e+05
3.020600e+01	2.467810e+05
3.025600e+01	2.473710e+05
3.030600e+01	2.463690e+05
3.035600e+01	2.484530e+05
3.040700e+01	2.529230e+05
3.045700e+01	2.529010e+05
3.050700e+01	2.509430e+05
3.055700e+01	2.505790e+05
3.060700e+01	2.492650e+05
3.065700e+01	2.511990e+05
3.070700e+01	2.494390e+05
3.075800e+01	2.480960e+05
3.080700e+01	2.470430e+05
3.085800e+01	2.471160e+05
3.090700e+01	2.465770e+05
3.095800e+01	2.457510e+05
3.100800e+01	2.466660e+05
3.105800e+01	2.460910e+05
3.110800e+01	2.465730e+05
3.115800e+01	2.455300e+05
3.120800e+01	2.460430e+05
3.125900e+01	2.455280e+05
3.130900e+01	2.458330e+05
3.135900e+01	2.467330e+05
3.140900e+01	2.528440e+05
3.145900e+01	2.513200e+05
3.150900e+01	2.501840e+05
3.155900e+01	2.481490e+05
3.161000e+01	2.477620e+05
3.165900e+01	2.469690e+05
3.170800e+01	2.463980e+05
3.175900e+01	2.468370e+05
3.180900e+01	2.460780e+05
3.186000e+01	2.452410e+05
3.191000e+01	2.451170e+05
3.196000e+01	2.450410e+05
3.201000e+01	2.454020e+05
3.206000e+01	2.452440e+05
3.211000e+01	2.445260e+05
3.216000e+01	2.441050e+05
3.221000e+01	2.434700e+05
3.226000e+01	2.440510e+05
3.231000e+01	2.441160e+05
3.236000e+01	2.459970e+05
3.241000e+01	2.500970e+05
3.246000e+01	2.494510e+05
3.251100e+01	2.481580e+05
3.256100e+01	2.474340e+05
3.261100e+01	2.463600e+05
3.266100e+01	2.455750e+05
3.271100e+01	2.451660e+05
3.276100e+01	2.448790e+05
3.281200e+01	2.446360e+05
3.286200e+01	2.439930e+05
3.291100e+01	2.443550e+05
3.296100e+01	2.431340e+05
3.301100e+01	2.433420e+05
3.306100e+01	2.424650e+05
3.311200e+01	2.431720e+05
3.316100e+01	2.432010e+05
3.321200e+01	2.434490e+05
3.326100e+01	2.423330e+05
3.331300e+01	2.422300e+05
3.336200e+01	2.437710e+05
3.341200e+01	2.495040e+05
3.346300e+01	2.482890e+05
3.351300e+01	2.465020e+05
3.356200e+01	2.454330e+05
3.361300e+01	2.446770e+05
3.366300e+01	2.448770e+05
3.371300e+01	2.438610e+05
3.376300e+01	2.436650e+05
3.381300e+01	2.435840e+05
3.386400e+01	2.430940e+05
3.391300e+01	2.418700e+05
3.396400e+01	2.421180e+05
3.401400e+01	2.418400e+05
3.406400e+01	2.425010e+05
3.411400e+01	2.417810e+05
3.416300e+01	2.416200e+05
3.421300e+01	2.421460e+05
3.426300e+01	2.417030e+05
3.431400e+01	2.411750e+05
3.436300e+01	2.429830e+05
3.441400e+01	2.483480e+05
3.446400e+01	2.471200e+05
3.451400e+01	2.465330e+05
3.456500e+01	2.441880e+05
3.461500e+01	2.441340e+05
3.466400e+01	2.427950e+05
3.471500e+01	2.428470e+05
3.476500e+01	2.416840e+05
3.481500e+01	2.423580e+05
3.486500e+01	2.411780e+05
3.491500e+01	2.412340e+05
3.496500e+01	2.406850e+05
3.501500e+01	2.411520e+05
3.506600e+01	2.409180e+05
3.511600e+01	2.411970e+05
3.516600e+01	2.408160e+05
3.521500e+01	2.402910e+05
3.526500e+01	2.399130e+05
3.531600e+01	2.401160e+05
3.536600e+01	2.424430e+05
3.541600e+01	2.474930e+05
3.546600e+01	2.468260e+05
3.551600e+01	2.438430e+05
3.556700e+01	2.434630e+05
3.561600e+01	2.451590e+05
3.566600e+01	2.433050e+05
3.571700e+01	2.423370e+05
3.576600e+01	2.424970e+05
3.581600e+01	2.407670e+05
3.586600e+01	2.408180e+05
3.591700e+01	2.401740e+05
3.596700e+01	2.406110e+05
3.601700e+01	2.401900e+05
3.606700e+01	2.400110e+05
3.611800e+01	2.397030e+05
3.616700e+01	2.394780e+05
3.621800e+01	2.399110e+05
3.626700e+01	2.391060e+05
3.631800e+01	2.395740e+05
3.636800e+01	2.410770e+05
3.641800e+01	2.470780e+05
3.646800e+01	2.448390e+05
3.651800e+01	2.445420e+05
3.656800e+01	2.422840e+05
3.661800e+01	2.427910e+05
3.666800e+01	2.413060e+05
3.671800e+01	2.409460e+05
3.676800e+01	2.405580e+05
3.681800e+01	2.407770e+05
3.686800e+01	2.401790e+05
3.691900e+01	2.395640e+05
3.696900e+01	2.393210e+05
3.701900e+01	2.392450e+05
3.707000e+01	2.398060e+05
3.711900e+01	2.388700e+05
3.716900e+01	2.394320e+05
3.721900e+01	2.382230e+05
3.726900e+01	2.394010e+05
3.731900e+01	2.381820e+05
3.737000e+01	2.413450e+05
3.742000e+01	2.449820e+05
3.747000e+01	2.450070e+05
3.752000e+01	2.423470e+05
3.757000e+01	2.420340e+05
3.762000e+01	2.418740e+05
3.767000e+01	2.411760e+05
3.772100e+01	2.399700e+05
3.777000e+01	2.393470e+05
3.782000e+01	2.396760e+05
3.787000e+01	2.391790e+05
3.792100e+01	2.389090e+05
3.797100e+01	2.382600e+05
3.802100e+01	2.386100e+05
3.807100e+01	2.378450e+05
3.812100e+01	2.382010e+05
3.817100e+01	2.371140e+05
3.822100e+01	2.386220e+05
3.827200e+01	2.378900e+05
3.832100e+01	2.380130e+05
3.837100e+01	2.405800e+05
3.842100e+01	2.447260e+05
3.847100e+01	2.433110e+05
3.852200e+01	2.416860e+05
3.857100e+01	2.407680e+05
3.862100e+01	2.399740e+05
3.867200e+01	2.394150e+05
3.872200e+01	2.392940e+05
3.877200e+01	2.391120e+05
3.882300e+01	2.384780e+05
3.887200e+01	2.386060e+05
3.892300e+01	2.373250e+05
3.897300e+01	2.385060e+05
3.902300e+01	2.374540e+05
3.907300e+01	2.382710e+05
3.912300e+01	2.377720e+05
3.917200e+01	2.372490e+05
3.922300e+01	2.369250e+05
3.927300e+01	2.378240e+05
3.932300e+01	2.368130e+05
3.937300e+01	2.409020e+05
3.942300e+01	2.439050e+05
3.947400e+01	2.419150e+05
3.952400e+01	2.416580e+05
3.957400e+01	2.402200e+05
3.962400e+01	2.403130e+05
3.967400e+01	2.390190e+05
3.972500e+01	2.385950e+05
3.977400e+01	2.374310e+05
3.982500e+01	2.382310e+05
3.987400e+01	2.374250e+05
3.992500e+01	2.375660e+05
3.997500e+01	2.366560e+05
4.002500e+01	2.379270e+05
4.007500e+01	2.360040e+05
4.012500e+01	2.362370e+05
4.017500e+01	2.363900e+05
4.022500e+01	2.370380e+05
4.027500e+01	2.376590e+05
4.032500e+01	2.371060e+05
4.037500e+01	2.397470e+05
4.042600e+01	2.425990e+05
4.047500e+01	2.424040e+05
4.052600e+01	2.408940e+05
4.057600e+01	2.398770e+05
4.062500e+01	2.386290e+05
4.067600e+01	2.385180e+05
4.072600e+01	2.376000e+05
4.077600e+01	2.383760e+05
4.082600e+01	2.378400e+05
4.087600e+01	2.378140e+05
4.092600e+01	2.365310e+05
4.097600e+01	2.360650e+05
4.102700e+01	2.366910e+05
4.107700e+01	2.367520e+05
4.112700e+01	2.362760e+05
4.117600e+01	2.366220e+05
4.122700e+01	2.354760e+05
4.127700e+01	2.360110e+05
4.132700e+01	2.362420e+05
4.137700e+01	2.393760e+05
4.142700e+01	2.430070e+05
4.147700e+01	2.412640e+05
4.152700e+01	2.401510e+05
4.157700e+01	2.387090e+05
4.162800e+01	2.396200e+05
4.167700e+01	2.382990e+05
4.172800e+01	2.383240e+05
4.177800e+01	2.375500e+05
4.182800e+01	2.378640e+05
4.187800e+01	2.371050e+05
4.192800e+01	2.366870e+05
4.197900e+01	2.358240e+05
4.202900e+01	2.366070e+05
4.207800e+01	2.370520e+05
4.212800e+01	2.360080e+05
4.217900e+01	2.360760e+05
4.222900e+01	2.359660e+05
4.227900e+01	2.366290e+05
4.232800e+01	2.348850e+05
4.237900e+01	2.401320e+05
4.242900e+01	2.427290e+05
4.247900e+01	2.418530e+05
4.252900e+01	2.397590e+05
4.257900e+01	2.384000e+05
4.262900e+01	2.383820e+05
4.267900e+01	2.383130e+05
4.272900e+01	2.381770e+05
4.277900e+01	2.372730e+05
4.283000e+01	2.369210e+05
4.288000e+01	2.370160e+05
4.293100e+01	2.366080e+05
4.298000e+01	2.366220e+05
4.303000e+01	2.363410e+05
4.308000e+01	2.367140e+05
4.313000e+01	2.365400e+05
4.318000e+01	2.354970e+05
4.323100e+01	2.364260e+05
4.328100e+01	2.363430e+05
4.333000e+01	2.359800e+05
4.338000e+01	2.403330e+05
4.343100e+01	2.426030e+05
4.348100e+01	2.417930e+05
4.353100e+01	2.402750e+05
4.358100e+01	2.394610e+05
4.363100e+01	2.389040e+05
4.368200e+01	2.393150e+05
4.373100e+01	2.377220e+05
4.378200e+01	2.375320e+05
4.383200e+01	2.373060e+05
4.388200e+01	2.382280e+05
4.393200e+01	2.367740e+05
4.398200e+01	2.372310e+05
4.403200e+01	2.362350e+05
4.408200e+01	2.369080e+05
4.413300e+01	2.362360e+05
4.418300e+01	2.370350e+05
4.423200e+01	2.363500e+05
4.428200e+01	2.370790e+05
4.433300e+01	2.357380e+05
4.438200e+01	2.409120e+05
4.443300e+01	2.432460e+05
4.448300e+01	2.421560e+05
4.453300e+01	2.410550e+05
4.458400e+01	2.399320e+05
4.463400e+01	2.394470e+05
4.468400e+01	2.388500e+05
4.473300e+01	2.389700e+05
4.478400e+01	2.384910e+05
4.483400e+01	2.385330e+05
4.488400e+01	2.372360e+05
4.493300e+01	2.376560e+05
4.498400e+01	2.366700e+05
4.503400e+01	2.371380e+05
4.508300e+01	2.371500e+05
4.513400e+01	2.369890e+05
4.518400e+01	2.359370e+05
4.523400e+01	2.371610e+05
4.528400e+01	2.372180e+05
4.533500e+01	2.370640e+05
4.538500e+01	2.413970e+05
4.543500e+01	2.439310e+05
4.548500e+01	2.421900e+05
4.553500e+01	2.406160e+05
4.558500e+01	2.401210e+05
4.563500e+01	2.397560e+05
4.568500e+01	2.397220e+05
4.573500e+01	2.385840e+05
4.578500e+01	2.381780e+05
4.583500e+01	2.376320e+05
4.588600e+01	2.388850e+05
4.593600e+01	2.377910e+05
4.598500e+01	2.379290e+05
4.603600e+01	2.373940e+05
4.608600e+01	2.369700e+05
4.613600e+01	2.370850e+05
4.618600e+01	2.368440e+05
4.623600e+01	2.370900e+05
4.628600e+01	2.374370e+05
4.633600e+01	2.370830e+05
4.638600e+01	2.414720e+05
4.643600e+01	2.444540e+05
4.648700e+01	2.421630e+05
4.653700e+01	2.413850e+05
4.658600e+01	2.404730e+05
4.663700e+01	2.404130e+05
4.668600e+01	2.391620e+05
4.673700e+01	2.397110e+05
4.678700e+01	2.381160e+05
4.683800e+01	2.390040e+05
4.688700e+01	2.381940e+05
4.693800e+01	2.381800e+05
4.698700e+01	2.381670e+05
4.703700e+01	2.381650e+05
4.708800e+01	2.371860e+05
4.713800e+01	2.371520e+05
4.718800e+01	2.372760e+05
4.723800e+01	2.371410e+05
4.728700e+01	2.375740e+05
4.733900e+01	2.371160e+05
4.738900e+01	2.428630e+05
4.743900e+01	2.436990e+05
4.748800e+01	2.428670e+05
4.753900e+01	2.417480e+05
4.758900e+01	2.419770e+05
4.763900e+01	2.402620e+05
4.768900e+01	2.399220e+05
4.773900e+01	2.392060e+05
4.778900e+01	2.395530e+05
4.783900e+01	2.392020e+05
4.789000e+01	2.391170e+05
4.793900e+01	2.382010e+05
4.798900e+01	2.379830e+05
4.804000e+01	2.380550e+05
4.808900e+01	2.383280e+05
4.813900e+01	2.380500e+05
4.819000e+01	2.377000e+05
4.824000e+01	2.377680e+05
4.829000e+01	2.372390e+05
4.834000e+01	2.382020e+05
4.839000e+01	2.435780e+05
4.844000e+01	2.452190e+05
4.849000e+01	2.435040e+05
4.854100e+01	2.452250e+05
4.859100e+01	2.413060e+05
4.864100e+01	2.419560e+05
4.869000e+01	2.407000e+05
4.874100e+01	2.404550e+05
4.879100e+01	2.388310e+05
4.884100e+01	2.396060e+05
4.889100e+01	2.390520e+05
4.894100e+01	2.390280e+05
4.899200e+01	2.381960e+05
4.904200e+01	2.382670e+05
4.909200e+01	2.391960e+05
4.914200e+01	2.382000e+05
4.919200e+01	2.390600e+05
4.924200e+01	2.375740e+05
4.929200e+01	2.384740e+05
4.934200e+01	2.377850e+05
4.939200e+01	2.444310e+05
4.944300e+01	2.447190e+05
4.949200e+01	2.445700e+05
4.954200e+01	2.422960e+05
4.959200e+01	2.420380e+05
4.964300e+01	2.405700e+05
4.969300e+01	2.411180e+05
4.974300e+01	2.405830e+05
4.979300e+01	2.400690e+05
4.984300e+01	2.401040e+05
4.989300e+01	2.396500e+05
4.994300e+01	2.402490e+05
4.999300e+01	2.385690e+05
5.004400e+01	2.397720e+05
5.009400e+01	2.389380e+05
5.014400e+01	2.395370e+05
5.019400e+01	2.386730e+05
5.024400e+01	2.386380e+05
5.029300e+01	2.384160e+05
5.034300e+01	2.383530e+05
5.039400e+01	2.452120e+05
5.044400e+01	2.454970e+05
5.049400e+01	2.442880e+05
5.054500e+01	2.426850e+05
5.059400e+01	2.421150e+05
5.064500e+01	2.416140e+05
5.069500e+01	2.416760e+05
5.074500e+01	2.410790e+05
5.079500e+01	2.415620e+05
5.084500e+01	2.397820e+05
5.089500e+01	2.404070e+05
5.094500e+01	2.396760e+05
5.099500e+01	2.403480e+05
5.104600e+01	2.391650e+05
5.109500e+01	2.403390e+05
5.114600e+01	2.387590e+05
5.119500e+01	2.396820e+05
5.124500e+01	2.392150e+05
5.129600e+01	2.397840e+05
5.134600e+01	2.392220e+05
5.139600e+01	2.466270e+05
5.144500e+01	2.458630e+05
5.149600e+01	2.449160e+05
5.154600e+01	2.442060e+05
5.159600e+01	2.432410e+05
5.164600e+01	2.424190e+05
5.169600e+01	2.421630e+05
5.174700e+01	2.419150e+05
5.179600e+01	2.417760e+05
5.184700e+01	2.415860e+05
5.189600e+01	2.413300e+05
5.194700e+01	2.410150e+05
5.199700e+01	2.402880e+05
5.204700e+01	2.405680e+05
5.209700e+01	2.400990e+05
5.214700e+01	2.401620e+05
5.219700e+01	2.403260e+05
5.224700e+01	2.403660e+05
5.229700e+01	2.404480e+05
5.234800e+01	2.404320e+05
5.239800e+01	2.467600e+05
5.244800e+01	2.465370e+05
5.249800e+01	2.455280e+05
5.254800e+01	2.446160e+05
5.259800e+01	2.445090e+05
5.264800e+01	2.434180e+05
5.269800e+01	2.431840e+05
5.274800e+01	2.423030e+05
5.279800e+01	2.419470e+05
5.284800e+01	2.414070e+05
5.289800e+01	2.412300e+05
5.294900e+01	2.412090e+05
5.299800e+01	2.408790e+05
5.304800e+01	2.409570e+05
5.309900e+01	2.407480e+05
5.314900e+01	2.411720e+05
5.319900e+01	2.408060e+05
5.324900e+01	2.404930e+05
5.329900e+01	2.405290e+05
5.334900e+01	2.416480e+05
5.339900e+01	2.459660e+05
5.345000e+01	2.473640e+05
5.350000e+01	2.462000e+05
5.355000e+01	2.447750e+05
5.360000e+01	2.438870e+05
5.365000e+01	2.438330e+05
5.370000e+01	2.432180e+05
5.375000e+01	2.431080e+05
5.380000e+01	2.421960e+05
5.385100e+01	2.425370e+05
5.390000e+01	2.420460e+05
5.395000e+01	2.424660e+05
5.400000e+01	2.414670e+05
5.405100e+01	2.417510e+05
5.410100e+01	2.417510e+05
5.415100e+01	2.412770e+05
5.420100e+01	2.416040e+05
5.425100e+01	2.407060e+05
5.430200e+01	2.417790e+05
5.435200e+01	2.422640e+05
5.440100e+01	2.482630e+05
5.445200e+01	2.482370e+05
5.450100e+01	2.468020e+05
5.455200e+01	2.462090e+05
5.460100e+01	2.453550e+05
5.465200e+01	2.450310e+05
5.470200e+01	2.447530e+05
5.475200e+01	2.431830e+05
5.480200e+01	2.432580e+05
5.485200e+01	2.437340e+05
5.490200e+01	2.434010e+05
5.495200e+01	2.434810e+05
5.500200e+01	2.427160e+05
5.505300e+01	2.431280e+05
5.510300e+01	2.426650e+05
5.515300e+01	2.426260e+05
5.520300e+01	2.422110e+05
5.525300e+01	2.431740e+05
5.530300e+01	2.425320e+05
5.535300e+01	2.430760e+05
5.540300e+01	2.490570e+05
5.545400e+01	2.490000e+05
5.550300e+01	2.479120e+05
5.555300e+01	2.473470e+05
5.560300e+01	2.466020e+05
5.565300e+01	2.459930e+05
5.570300e+01	2.456030e+05
5.575400e+01	2.445680e+05
5.580400e+01	2.440310e+05
5.585400e+01	2.448330e+05
5.590400e+01	2.449130e+05
5.595400e+01	2.440690e+05
5.600400e+01	2.443320e+05
5.605500e+01	2.437750e+05
5.610500e+01	2.438190e+05
5.615400e+01	2.428650e+05
5.620400e+01	2.430740e+05
5.625500e+01	2.428290e+05
5.630400e+01	2.434900e+05
5.635500e+01	2.437970e+05
5.640500e+01	2.507070e+05
5.645500e+01	2.497060e+05
5.650600e+01	2.489310e+05
5.655600e+01	2.475560e+05
5.660500e+01	2.471760e+05
5.665600e+01	2.464060e+05
5.670600e+01	2.463840e+05
5.675600e+01	2.459580e+05
5.680600e+01	2.451500e+05
5.685600e+01	2.462320e+05
5.690600e+01	2.450680e+05
5.695700e+01	2.454990e+05
5.700600e+01	2.433450e+05
5.705700e+01	2.447300e+05
5.710700e+01	2.448470e+05
5.715700e+01	2.449630e+05
5.720700e+01	2.437640e+05
5.725700e+01	2.443620e+05
5.730700e+01	2.444420e+05
5.735700e+01	2.456850e+05
5.740700e+01	2.510230e+05
5.745800e+01	2.507630e+05
5.750700e+01	2.500610e+05
5.755800e+01	2.492270e+05
5.760800e+01	2.481010e+05
5.765800e+01	2.468100e+05
5.770800e+01	2.475880e+05
5.775800e+01	2.464590e+05
5.780800e+01	2.472100e+05
5.785800e+01	2.459930e+05
5.790800e+01	2.466890e+05
5.795800e+01	2.462690e+05
5.800900e+01	2.462800e+05
5.805800e+01	2.457750e+05
5.810900e+01	2.457510e+05
5.815900e+01	2.451900e+05
5.820900e+01	2.454750e+05
5.825900e+01	2.456100e+05
5.830900e+01	2.457790e+05
5.835800e+01	2.478110e+05
5.840900e+01	2.524240e+05
5.846000e+01	2.521260e+05
5.850900e+01	2.508040e+05
5.855900e+01	2.507740e+05
5.860900e+01	2.495070e+05
5.866000e+01	2.494240e+05
5.871000e+01	2.478900e+05
5.875900e+01	2.483220e+05
5.881000e+01	2.479560e+05
5.885900e+01	2.485850e+05
5.891000e+01	2.472310e+05
5.896000e+01	2.477280e+05
5.901000e+01	2.469520e+05
5.906000e+01	2.469810e+05
5.911000e+01	2.473560e+05
5.916000e+01	2.469020e+05
5.921000e+01	2.474640e+05
5.926000e+01	2.464820e+05
5.931000e+01	2.471860e+05
5.936000e+01	2.485180e+05
5.941100e+01	2.537400e+05
5.946100e+01	2.528630e+05
5.951100e+01	2.522570e+05
5.956100e+01	2.509510e+05
5.961100e+01	2.515520e+05
5.966100e+01	2.497820e+05
5.971100e+01	2.511120e+05
5.976100e+01	2.497140e+05
5.981200e+01	2.495820e+05
5.986100e+01	2.486750e+05
5.991100e+01	2.489220e+05
5.996100e+01	2.483980e+05
6.001100e+01	2.481160e+05
6.006200e+01	2.488010e+05
6.011200e+01	2.474140e+05
6.016200e+01	2.484460e+05
6.021300e+01	2.476230e+05
6.026300e+01	2.482960e+05
6.031300e+01	2.485060e+05
6.036300e+01	2.510790e+05
6.041300e+01	2.551300e+05
6.046200e+01	2.550950e+05
6.051200e+01	2.533970e+05
6.056400e+01	2.531350e+05
6.061300e+01	2.521600e+05
6.066300e+01	2.518010e+05
6.071300e+01	2.511680e+05
6.076300e+01	2.511360e+05
6.081400e+01	2.503530e+05
6.086300e+01	2.505080e+05
6.091300e+01	2.505760e+05
6.096700e+01	2.498150e+05
6.101400e+01	2.498720e+05
6.106400e+01	2.492760e+05
6.111400e+01	2.499170e+05
6.116500e+01	2.490960e+05
6.121500e+01	2.492590e+05
6.126400e+01	2.487110e+05
6.131400e+01	2.496030e+05
6.136400e+01	2.514430e+05
6.141500e+01	2.572470e+05
6.146500e+01	2.555680e+05
6.151400e+01	2.550750e+05
6.156500e+01	2.539490e+05
6.161500e+01	2.533080e+05
6.166500e+01	2.527140e+05
6.171500e+01	2.521510e+05
6.176500e+01	2.522660e+05
6.181500e+01	2.517720e+05
6.186500e+01	2.517510e+05
6.191600e+01	2.516330e+05
6.196600e+01	2.516860e+05
6.201500e+01	2.507020e+05
6.206600e+01	2.513540e+05
6.211600e+01	2.502610e+05
6.216600e+01	2.509980e+05
6.221600e+01	2.502520e+05
6.226700e+01	2.510560e+05
6.231700e+01	2.508800e+05
6.236600e+01	2.534370e+05
6.241600e+01	2.582490e+05
6.246600e+01	2.575570e+05
6.251700e+01	2.565470e+05
6.256700e+01	2.556170e+05
6.261700e+01	2.548220e+05
6.266700e+01	2.545640e+05
6.271600e+01	2.540140e+05
6.276700e+01	2.538660e+05
6.281700e+01	2.536350e+05
6.286700e+01	2.525410e+05
6.291800e+01	2.530210e+05
6.296700e+01	2.519130e+05
6.301800e+01	2.522640e+05
6.306800e+01	2.519530e+05
6.311800e+01	2.527200e+05
6.316800e+01	2.524010e+05
6.321800e+01	2.523190e+05
6.326700e+01	2.515070e+05
6.331800e+01	2.517260e+05
6.336800e+01	2.547920e+05
6.341900e+01	2.601110e+05
6.346900e+01	2.586020e+05
6.351800e+01	2.577960e+05
6.356800e+01	2.563620e+05
6.361800e+01	2.556850e+05
6.366900e+01	2.557750e+05
6.371900e+01	2.558940e+05
6.376900e+01	2.554700e+05
6.381900e+01	2.541790e+05
6.387000e+01	2.543530e+05
6.392000e+01	2.541780e+05
6.396900e+01	2.548540e+05
6.401900e+01	2.534790e+05
6.407000e+01	2.568610e+05
6.412000e+01	2.542980e+05
6.417000e+01	2.537420e+05
6.422000e+01	2.531340e+05
6.427000e+01	2.532700e+05
6.432000e+01	2.532760e+05
6.437000e+01	2.559750e+05
6.442000e+01	2.605130e+05
6.447100e+01	2.589700e+05
6.452100e+01	2.596010e+05
6.457100e+01	2.577350e+05
6.462100e+01	2.572240e+05
6.467100e+01	2.563070e+05
6.472100e+01	2.564760e+05
6.477100e+01	2.559460e+05
6.482100e+01	2.564850e+05
6.487100e+01	2.552750e+05
6.492100e+01	2.579300e+05
6.497200e+01	2.556180e+05
6.502100e+01	2.552710e+05
6.507200e+01	2.544670e+05
6.512200e+01	2.558590e+05
6.517200e+01	2.546700e+05
6.522200e+01	2.542960e+05
6.527200e+01	2.540660e+05
6.532200e+01	2.538780e+05
6.537200e+01	2.585290e+05
6.542200e+01	2.617980e+05
6.547300e+01	2.618340e+05
6.552200e+01	2.598100e+05
6.557300e+01	2.588120e+05
6.562300e+01	2.583150e+05
6.567200e+01	2.579290e+05
6.572200e+01	2.575540e+05
6.577200e+01	2.575790e+05
6.582300e+01	2.568970e+05
6.587300e+01	2.567270e+05
6.592300e+01	2.566340e+05
6.597300e+01	2.564290e+05
6.602300e+01	2.558540e+05
6.607300e+01	2.557950e+05
6.612400e+01	2.562810e+05
6.617300e+01	2.555990e+05
6.622300e+01	2.562650e+05
6.627400e+01	2.553980e+05
6.632300e+01	2.567450e+05
6.637400e+01	2.593200e+05
6.642300e+01	2.644230e+05
6.647400e+01	2.613780e+05
6.652400e+01	2.622030e+05
6.657500e+01	2.602030e+05
6.662500e+01	2.605010e+05
6.667500e+01	2.588930e+05
6.672500e+01	2.589930e+05
6.677500e+01	2.583110e+05
6.682500e+01	2.585020e+05
6.687500e+01	2.576420e+05
6.692500e+01	2.601190e+05
6.697500e+01	2.583930e+05
6.702600e+01	2.576120e+05
6.707600e+01	2.581340e+05
6.712500e+01	2.569750e+05
6.717500e+01	2.566730e+05
6.722600e+01	2.567740e+05
6.727600e+01	2.568630e+05
6.732500e+01	2.566440e+05
6.737600e+01	2.620160e+05
6.742600e+01	2.646830e+05
6.747600e+01	2.666580e+05
6.752600e+01	2.624790e+05
6.757600e+01	2.615480e+05
6.762600e+01	2.606490e+05
6.767700e+01	2.604880e+05
6.772700e+01	2.599510e+05
6.777700e+01	2.589790e+05
6.782600e+01	2.587380e+05
6.787600e+01	2.587700e+05
6.792600e+01	2.589740e+05
6.797700e+01	2.582930e+05
6.802700e+01	2.586250e+05
6.807700e+01	2.579480e+05
6.812700e+01	2.589140e+05
6.817700e+01	2.578480e+05
6.822700e+01	2.575180e+05
6.827800e+01	2.574750e+05
6.832800e+01	2.585940e+05
6.837800e+01	2.627850e+05
6.842800e+01	2.654130e+05
6.847800e+01	2.642260e+05
6.852800e+01	2.629350e+05
6.857800e+01	2.632850e+05
6.862800e+01	2.614470e+05
6.867800e+01	2.613950e+05
6.872800e+01	2.607870e+05
6.877900e+01	2.609450e+05
6.882800e+01	2.594690e+05
6.887800e+01	2.601970e+05
6.892800e+01	2.588270e+05
6.897900e+01	2.598030e+05
6.902900e+01	2.593540e+05
6.907800e+01	2.595950e+05
6.912900e+01	2.593030e+05
6.917900e+01	2.594030e+05
6.922900e+01	2.587840e+05
6.927900e+01	2.586210e+05
6.932900e+01	2.589960e+05
6.938000e+01	2.634880e+05
6.942900e+01	2.665650e+05
6.948000e+01	2.649090e+05
6.953000e+01	2.641290e+05
6.958000e+01	2.631370e+05
6.963000e+01	2.632880e+05
6.968000e+01	2.617620e+05
6.973000e+01	2.624240e+05
6.978000e+01	2.606610e+05
6.983000e+01	2.607840e+05
6.988000e+01	2.606550e+05
6.993000e+01	2.612210e+05
6.998100e+01	2.603860e+05
7.003100e+01	2.605320e+05
7.008100e+01	2.596160e+05
7.013100e+01	2.595100e+05
7.018100e+01	2.594920e+05
7.023100e+01	2.597530e+05
7.028100e+01	2.596860e+05
7.033100e+01	2.594920e+05
7.038100e+01	2.641430e+05
7.043100e+01	2.672920e+05
7.048200e+01	2.669720e+05
7.053200e+01	2.647400e+05
7.058200e+01	2.649290e+05
7.063200e+01	2.630790e+05
7.068200e+01	2.631910e+05
7.073200e+01	2.623370e+05
7.078200e+01	2.624890e+05
7.083200e+01	2.619360e+05
7.088300e+01	2.618230e+05
7.093300e+01	2.612550e+05
7.098300e+01	2.611320e+05
7.103300e+01	2.606190e+05
7.108300e+01	2.611880e+05
7.113300e+01	2.608540e+05
7.118300e+01	2.613200e+05
7.123300e+01	2.611920e+05
7.128300e+01	2.601280e+05
7.133300e+01	2.610470e+05
7.138300e+01	2.652050e+05
7.143300e+01	2.691320e+05
7.148400e+01	2.664550e+05
7.153300e+01	2.660080e+05
7.158300e+01	2.642440e+05
7.163300e+01	2.642360e+05
7.168400e+01	2.638240e+05
7.173400e+01	2.640200e+05
7.178400e+01	2.626820e+05
7.183500e+01	2.623540e+05
7.188400e+01	2.619210e+05
7.193400e+01	2.626220e+05
7.198400e+01	2.621020e+05
7.203500e+01	2.619140e+05
7.208400e+01	2.623180e+05
7.213500e+01	2.613610e+05
7.218500e+01	2.619210e+05
7.223400e+01	2.607500e+05
7.228500e+01	2.614500e+05
7.233500e+01	2.611760e+05
7.238500e+01	2.673180e+05
7.243500e+01	2.687590e+05
7.248500e+01	2.677260e+05
7.253500e+01	2.661200e+05
7.258500e+01	2.656580e+05
7.263600e+01	2.647630e+05
7.268600e+01	2.647580e+05
7.273600e+01	2.642600e+05
7.278500e+01	2.645470e+05
7.283600e+01	2.629450e+05
7.288600e+01	2.628330e+05
7.293600e+01	2.628690e+05
7.298700e+01	2.624940e+05
7.303600e+01	2.628430e+05
7.308600e+01	2.622970e+05
7.313600e+01	2.623390e+05
7.318700e+01	2.617720e+05
7.323600e+01	2.617380e+05
7.328700e+01	2.621080e+05
7.333700e+01	2.623110e+05
7.338700e+01	2.671020e+05
7.343700e+01	2.697840e+05
7.348700e+01	2.671390e+05
7.353700e+01	2.671210e+05
7.358700e+01	2.664090e+05
7.363800e+01	2.655080e+05
7.368700e+01	2.643860e+05
7.373800e+01	2.644540e+05
7.378800e+01	2.644910e+05
7.383800e+01	2.640100e+05
7.388800e+01	2.632330e+05
7.393800e+01	2.630730e+05
7.398800e+01	2.635750e+05
7.403800e+01	2.625580e+05
7.408800e+01	2.630040e+05
7.413900e+01	2.623910e+05
7.418900e+01	2.631220e+05
7.423800e+01	2.622190e+05
7.428800e+01	2.620850e+05
7.433900e+01	2.623610e+05
7.438900e+01	2.684690e+05
7.443900e+01	2.691900e+05
7.448800e+01	2.680510e+05
7.454000e+01	2.669370e+05
7.458900e+01	2.660370e+05
7.463900e+01	2.656890e+05
7.469000e+01	2.652390e+05
7.473900e+01	2.651090e+05
7.478900e+01	2.646360e+05
7.483900e+01	2.633150e+05
7.488900e+01	2.636230e+05
7.494000e+01	2.637780e+05
7.499000e+01	2.631570e+05
7.504000e+01	2.629610e+05
7.509000e+01	2.621060e+05
7.514000e+01	2.629340e+05
7.519000e+01	2.618360e+05
7.524000e+01	2.629090e+05
7.529100e+01	2.626760e+05
7.534000e+01	2.623810e+05
7.539100e+01	2.681890e+05
7.544000e+01	2.688660e+05
7.549100e+01	2.680080e+05
7.554100e+01	2.673720e+05
7.559100e+01	2.663520e+05
7.564100e+01	2.654010e+05
7.569200e+01	2.638950e+05
7.574100e+01	2.640470e+05
7.579100e+01	2.645090e+05
7.584200e+01	2.635620e+05
7.589200e+01	2.632460e+05
7.594200e+01	2.633270e+05
7.599200e+01	2.636910e+05
7.604200e+01	2.619370e+05
7.609200e+01	2.626170e+05
7.614200e+01	2.624680e+05
7.619200e+01	2.627890e+05
7.624200e+01	2.619950e+05
7.629200e+01	2.618190e+05
7.634200e+01	2.623850e+05
7.639300e+01	2.690680e+05
7.644200e+01	2.690760e+05
7.649300e+01	2.667820e+05
7.654300e+01	2.671950e+05
7.659300e+01	2.660240e+05
7.664300e+01	2.653210e+05
7.669300e+01	2.644210e+05
7.674300e+01	2.649710e+05
7.679300e+01	2.634510e+05
7.684300e+01	2.634620e+05
7.689400e+01	2.629050e+05
7.694400e+01	2.639130e+05
7.699400e+01	2.635710e+05
7.704400e+01	2.625450e+05
7.709400e+01	2.621230e+05
7.714300e+01	2.621410e+05
7.719400e+01	2.627010e+05
7.724400e+01	2.622230e+05
7.729400e+01	2.622770e+05
7.734500e+01	2.635300e+05
7.739400e+01	2.710820e+05
7.744500e+01	2.696120e+05
7.749500e+01	2.683480e+05
7.754500e+01	2.668220e+05
7.759500e+01	2.664280e+05
7.764500e+01	2.651400e+05
7.769500e+01	2.648320e+05
7.774500e+01	2.638380e+05
7.779500e+01	2.638760e+05
7.784500e+01	2.635850e+05
7.789500e+01	2.631640e+05
7.794500e+01	2.632490e+05
7.799600e+01	2.631410e+05
7.804600e+01	2.625450e+05
7.809600e+01	2.622590e+05
7.814600e+01	2.624310e+05
7.819600e+01	2.627100e+05
7.824600e+01	2.625730e+05
7.829600e+01	2.618260e+05
7.834700e+01	2.626370e+05
7.839600e+01	2.687520e+05
7.844700e+01	2.695660e+05
7.849600e+01	2.667910e+05
7.854700e+01	2.670840e+05
7.859700e+01	2.656260e+05
7.864600e+01	2.657770e+05
7.869700e+01	2.647660e+05
7.874700e+01	2.647540e+05
7.879700e+01	2.633990e+05
7.884700e+01	2.632060e+05
7.889700e+01	2.632120e+05
7.894700e+01	2.630740e+05
7.899700e+01	2.632840e+05
7.904700e+01	2.624520e+05
7.909700e+01	2.629460e+05
7.914700e+01	2.620250e+05
7.919800e+01	2.626140e+05
7.924800e+01	2.618570e+05
7.929800e+01	2.624570e+05
7.934800e+01	2.622280e+05
7.939900e+01	2.688670e+05
7.944800e+01	2.681960e+05
7.949800e+01	2.677300e+05
7.954900e+01	2.669120e+05
7.959900e+01	2.654360e+05
7.964900e+01	2.645720e+05
7.969900e+01	2.643880e+05
7.974900e+01	2.647830e+05
7.979900e+01	2.638400e+05
7.984800e+01	2.637910e+05
7.989900e+01	2.622730e+05
7.994900e+01	2.633790e+05
8.000000e+01	2.626870e+05
8.004900e+01	2.633030e+05
8.009900e+01	2.624910e+05
8.015000e+01	2.624520e+05
8.019900e+01	2.617150e+05
8.024900e+01	2.618380e+05
8.030000e+01	2.613960e+05
8.035000e+01	2.629970e+05
8.040000e+01	2.686050e+05
8.045000e+01	2.688660e+05
8.050100e+01	2.670330e+05
8.055000e+01	2.665250e+05
8.060000e+01	2.660480e+05
8.065100e+01	2.646790e+05
8.070000e+01	2.646800e+05
8.075000e+01	2.637180e+05
8.080000e+01	2.637300e+05
8.085100e+01	2.625990e+05
8.090100e+01	2.668850e+05
8.095100e+01	2.633270e+05
8.100100e+01	2.640520e+05
8.105100e+01	2.618500e+05
8.110100e+01	2.621890e+05
8.115100e+01	2.619180e+05
8.120100e+01	2.616240e+05
8.125100e+01	2.617240e+05
8.130100e+01	2.617930e+05
8.135200e+01	2.623260e+05
8.140200e+01	2.689460e+05
8.145100e+01	2.685550e+05
8.150200e+01	2.672440e+05
8.155200e+01	2.662110e+05
8.160200e+01	2.646650e+05
8.165200e+01	2.653240e+05
8.170300e+01	2.634020e+05
8.175200e+01	2.642280e+05
8.180200e+01	2.623710e+05
8.185200e+01	2.630350e+05
8.190300e+01	2.618390e+05
8.195300e+01	2.626710e+05
8.200300e+01	2.620430e+05
8.205300e+01	2.625040e+05
8.210300e+01	2.613520e+05
8.215400e+01	2.614470e+05
8.220400e+01	2.615880e+05
8.225400e+01	2.616030e+05
8.230300e+01	2.611650e+05
8.235400e+01	2.622800e+05
8.240300e+01	2.690270e+05
8.245300e+01	2.679010e+05
8.250400e+01	2.666460e+05
8.255400e+01	2.647600e+05
8.260500e+01	2.649160e+05
8.265400e+01	2.634760e+05
8.270500e+01	2.636080e+05
8.275500e+01	2.628880e+05
8.280500e+01	2.625990e+05
8.285500e+01	2.620650e+05
8.290500e+01	2.620880e+05
8.295500e+01	2.617330e+05
8.300500e+01	2.616810e+05
8.305500e+01	2.616550e+05
8.310500e+01	2.611810e+05
8.315600e+01	2.615710e+05
8.320600e+01	2.607260e+05
8.325500e+01	2.609180e+05
8.330600e+01	2.602250e+05
8.335600e+01	2.625660e+05
8.340600e+01	2.675640e+05
8.345600e+01	2.681270e+05
8.350600e+01	2.653880e+05
8.355600e+01	2.653760e+05
8.360600e+01	2.633240e+05
8.365700e+01	2.640750e+05
8.370600e+01	2.626930e+05
8.375600e+01	2.629660e+05
8.380700e+01	2.618770e+05
8.385700e+01	2.620460e+05
8.390600e+01	2.606070e+05
8.395600e+01	2.604470e+05
8.400700e+01	2.608690e+05
8.405700e+01	2.605910e+05
8.410700e+01	2.606760e+05
8.415600e+01	2.602870e+05
8.420700e+01	2.610720e+05
8.425800e+01	2.594450e+05
8.430800e+01	2.603690e+05
8.435800e+01	2.612320e+05
8.440700e+01	2.679930e+05
8.445700e+01	2.660620e+05
8.450800e+01	2.647670e+05
8.455800e+01	2.629880e+05
8.460800e+01	2.641890e+05
8.465800e+01	2.624850e+05
8.470800e+01	2.623990e+05
8.475800e+01	2.604670e+05
8.480900e+01	2.613720e+05
8.485900e+01	2.602220e+05
8.490900e+01	2.601400e+05
8.495900e+01	2.605400e+05
8.500900e+01	2.599380e+05
8.505800e+01	2.597880e+05
8.510900e+01	2.608160e+05
8.515800e+01	2.602820e+05
8.521000e+01	2.627360e+05
8.525800e+01	2.608340e+05
8.530900e+01	2.596990e+05
8.535900e+01	2.605660e+05
8.540900e+01	2.664190e+05
8.545900e+01	2.666090e+05
8.550900e+01	2.645060e+05
8.555900e+01	2.640130e+05
8.561000e+01	2.622640e+05
8.566000e+01	2.619580e+05
8.571000e+01	2.605450e+05
8.576000e+01	2.612400e+05
8.581000e+01	2.605130e+05
8.586000e+01	2.599290e+05
8.591100e+01	2.599390e+05
8.596100e+01	2.595590e+05
8.601100e+01	2.595440e+05
8.606100e+01	2.595430e+05
8.611100e+01	2.594560e+05
8.616100e+01	2.587390e+05
8.621100e+01	2.590770e+05
8.626100e+01	2.583320e+05
8.631200e+01	2.592860e+05
8.636100e+01	2.601140e+05
8.641100e+01	2.665360e+05
8.646100e+01	2.640080e+05
8.651200e+01	2.638080e+05
8.656100e+01	2.622940e+05
8.661100e+01	2.623900e+05
8.666200e+01	2.615870e+05
8.671200e+01	2.599730e+05
8.676100e+01	2.600980e+05
8.681200e+01	2.597070e+05
8.686200e+01	2.598320e+05
8.691200e+01	2.592530e+05
8.696200e+01	2.585730e+05
8.701200e+01	2.583610e+05
8.706200e+01	2.590530e+05
8.711300e+01	2.575450e+05
8.716300e+01	2.588710e+05
8.721300e+01	2.583920e+05
8.726300e+01	2.580700e+05
8.731300e+01	2.573190e+05
8.736300e+01	2.601320e+05
8.741300e+01	2.642610e+05
8.746300e+01	2.644720e+05
8.751400e+01	2.627560e+05
8.756300e+01	2.609770e+05
8.761400e+01	2.609450e+05
8.766400e+01	2.605610e+05
8.771400e+01	2.602280e+05
8.776300e+01	2.591150e+05
8.781400e+01	2.592510e+05
8.786400e+01	2.577830e+05
8.791400e+01	2.587090e+05
8.796500e+01	2.573320e+05
8.801400e+01	2.593850e+05
8.806500e+01	2.578620e+05
8.811500e+01	2.576280e+05
8.816400e+01	2.561660e+05
8.821400e+01	2.575550e+05
8.826500e+01	2.568340e+05
8.831400e+01	2.576680e+05
8.836500e+01	2.597300e+05
8.841500e+01	2.639500e+05
8.846500e+01	2.628320e+05
8.851500e+01	2.617270e+05
8.856500e+01	2.608020e+05
8.861600e+01	2.600970e+05
8.866600e+01	2.592330e+05
8.871600e+01	2.575440e+05
8.876600e+01	2.583170e+05
8.881600e+01	2.578060e+05
8.886600e+01	2.574470e+05
8.891600e+01	2.564380e+05
8.896600e+01	2.569410e+05
8.901600e+01	2.568540e+05
8.906600e+01	2.562850e+05
8.911600e+01	2.563030e+05
8.916700e+01	2.566620e+05
8.921700e+01	2.566910e+05
8.926700e+01	2.558510e+05
8.931700e+01	2.561450e+05
8.936700e+01	2.578970e+05
8.941800e+01	2.638220e+05
8.946800e+01	2.621240e+05
8.951700e+01	2.608180e+05
8.956700e+01	2.587410e+05
8.961800e+01	2.588210e+05
8.966800e+01	2.576230e+05
8.971800e+01	2.579740e+05
8.976800e+01	2.570940e+05
8.981800e+01	2.577490e+05
8.986800e+01	2.564360e+05
8.991800e+01	2.560600e+05
8.996800e+01	2.561110e+05
9.001800e+01	2.561640e+05
9.006800e+01	2.560630e+05
9.011800e+01	2.555220e+05
9.016800e+01	2.558520e+05
9.021900e+01	2.556160e+05
9.026800e+01	2.558770e+05
9.031900e+01	2.549320e+05
9.036900e+01	2.574430e+05
9.041900e+01	2.622220e+05
9.046900e+01	2.613080e+05
9.051900e+01	2.592240e+05
9.056900e+01	2.590110e+05
9.061900e+01	2.584370e+05
9.066900e+01	2.580930e+05
9.071900e+01	2.564400e+05
9.076900e+01	2.567230e+05
9.082000e+01	2.563020e+05
9.086900e+01	2.561550e+05
9.092000e+01	2.555710e+05
9.097000e+01	2.548300e+05
9.101900e+01	2.552140e+05
9.106900e+01	2.549020e+05
9.112000e+01	2.546790e+05
9.117000e+01	2.547760e+05
9.122000e+01	2.550790e+05
9.127000e+01	2.543870e+05
9.132000e+01	2.546640e+05
9.137100e+01	2.563880e+05
9.142000e+01	2.616340e+05
9.147000e+01	2.598300e+05
9.152000e+01	2.591600e+05
9.157100e+01	2.574620e+05
9.162100e+01	2.569190e+05
9.167100e+01	2.559400e+05
9.172200e+01	2.558460e+05
9.177100e+01	2.557160e+05
9.182100e+01	2.554870e+05
9.187100e+01	2.553120e+05
9.192200e+01	2.541570e+05
9.197100e+01	2.549970e+05
9.202100e+01	2.542450e+05
9.207100e+01	2.539320e+05
9.212200e+01	2.533450e+05
9.217200e+01	2.541090e+05
9.222300e+01	2.534350e+05
9.227300e+01	2.540470e+05
9.232200e+01	2.530660e+05
9.237200e+01	2.566300e+05
9.242300e+01	2.602660e+05
9.247300e+01	2.587520e+05
9.252200e+01	2.577720e+05
9.257300e+01	2.570690e+05
9.262300e+01	2.565200e+05
9.267300e+01	2.550360e+05
9.272300e+01	2.544690e+05
9.277300e+01	2.543250e+05
9.282400e+01	2.550660e+05
9.287300e+01	2.534720e+05
9.292400e+01	2.531340e+05
9.297400e+01	2.528470e+05
9.302400e+01	2.537340e+05
9.307400e+01	2.528440e+05
9.312400e+01	2.525720e+05
9.317400e+01	2.521650e+05
9.322500e+01	2.522520e+05
9.327400e+01	2.520950e+05
9.332400e+01	2.521930e+05
9.337500e+01	2.557330e+05
9.342500e+01	2.594430e+05
9.347500e+01	2.570090e+05
9.352400e+01	2.559370e+05
9.357500e+01	2.553960e+05
9.362500e+01	2.547700e+05
9.367500e+01	2.540350e+05
9.372500e+01	2.535610e+05
9.377500e+01	2.529070e+05
9.382500e+01	2.524710e+05
9.387500e+01	2.530500e+05
9.392600e+01	2.522510e+05
9.397600e+01	2.525850e+05
9.402600e+01	2.514700e+05
9.407600e+01	2.515490e+05
9.412600e+01	2.509460e+05
9.417600e+01	2.519120e+05
9.422600e+01	2.506620e+05
9.427600e+01	2.514950e+05
9.432600e+01	2.504010e+05
9.437600e+01	2.547660e+05
9.442600e+01	2.583500e+05
9.447600e+01	2.567280e+05
9.452700e+01	2.554970e+05
9.457700e+01	2.541560e+05
9.462700e+01	2.537920e+05
9.467700e+01	2.527610e+05
9.472700e+01	2.530350e+05
9.477700e+01	2.519480e+05
9.482800e+01	2.519000e+05
9.487700e+01	2.516060e+05
9.492700e+01	2.508010e+05
9.497700e+01	2.505380e+05
9.502800e+01	2.512800e+05
9.507800e+01	2.507360e+05
9.512700e+01	2.508030e+05
9.517700e+01	2.500040e+05
9.522800e+01	2.503920e+05
9.527800e+01	2.493900e+05
9.532800e+01	2.498030e+05
9.537800e+01	2.537180e+05
9.542800e+01	2.564790e+05
9.547800e+01	2.559570e+05
9.552900e+01	2.538660e+05
9.557900e+01	2.538570e+05
9.562900e+01	2.520330e+05
9.567900e+01	2.518530e+05
9.572900e+01	2.511020e+05
9.577900e+01	2.505540e+05
9.582900e+01	2.507060e+05
9.588000e+01	2.507400e+05
9.593000e+01	2.497130e+05
9.598000e+01	2.501160e+05
9.603000e+01	2.493850e+05
9.607900e+01	2.488130e+05
9.613000e+01	2.487200e+05
9.618000e+01	2.491460e+05
9.623000e+01	2.494610e+05
9.628000e+01	2.486900e+05
9.633000e+01	2.496170e+05
9.638000e+01	2.520640e+05
9.643000e+01	2.560060e+05
9.648000e+01	2.540460e+05
9.653000e+01	2.529330e+05
9.658000e+01	2.511930e+05
9.663000e+01	2.514370e+05
9.668100e+01	2.500040e+05
9.673100e+01	2.503280e+05
9.678000e+01	2.496090e+05
9.683100e+01	2.498130e+05
9.688000e+01	2.494400e+05
9.693100e+01	2.486330e+05
9.698100e+01	2.485410e+05
9.703200e+01	2.481150e+05
9.708100e+01	2.490070e+05
9.713100e+01	2.473020e+05
9.718200e+01	2.484920e+05
9.723200e+01	2.470840e+05
9.728100e+01	2.482200e+05
9.733100e+01	2.485370e+05
9.738200e+01	2.522950e+05
9.743200e+01	2.546080e+05
9.748200e+01	2.534740e+05
9.753200e+01	2.510860e+05
9.758200e+01	2.508820e+05
9.763300e+01	2.503390e+05
9.768300e+01	2.499250e+05
9.773300e+01	2.481560e+05
9.778300e+01	2.486140e+05
9.783300e+01	2.483580e+05
9.788300e+01	2.482860e+05
9.793300e+01	2.482290e+05
9.798300e+01	2.476410e+05
9.803300e+01	2.480270e+05
9.808300e+01	2.468120e+05
9.813300e+01	2.470960e+05
9.818400e+01	2.463990e+05
9.823400e+01	2.472930e+05
9.828400e+01	2.466470e+05
9.833300e+01	2.465570e+05
9.838300e+01	2.505500e+05
9.843300e+01	2.532360e+05
9.848400e+01	2.518240e+05
9.853400e+01	2.510710e+05
9.858400e+01	2.502070e+05
9.863500e+01	2.489190e+05
9.868500e+01	2.485480e+05
9.873500e+01	2.485410e+05
9.878500e+01	2.477510e+05
9.883500e+01	2.473660e+05
9.888400e+01	2.474340e+05
9.893500e+01	2.463010e+05
9.898500e+01	2.470460e+05
9.903500e+01	2.464190e+05
9.908400e+01	2.466920e+05
9.913500e+01	2.451620e+05
9.918500e+01	2.455470e+05
9.923600e+01	2.455240e+05
9.928500e+01	2.483490e+05
9.933600e+01	2.463070e+05
9.938600e+01	2.506390e+05
9.943600e+01	2.519620e+05
9.948600e+01	2.507320e+05
9.953700e+01	2.491320e+05
9.958600e+01	2.490920e+05
9.963600e+01	2.484840e+05
9.968600e+01	2.477490e+05
9.973700e+01	2.474600e+05
9.978600e+01	2.461950e+05
9.983600e+01	2.465270e+05
9.988700e+01	2.463250e+05
9.993700e+01	2.466530e+05
9.998700e+01	2.454740e+05
1.000370e+02	2.453840e+05
1.000870e+02	2.444470e+05
1.001370e+02	2.452650e+05
1.001870e+02	2.445840e+05
1.002370e+02	2.458310e+05
1.002870e+02	2.451430e+05
1.003380e+02	2.442610e+05
1.003870e+02	2.495180e+05
1.004380e+02	2.513770e+05
1.004870e+02	2.507120e+05
1.005380e+02	2.491540e+05
1.005880e+02	2.487260e+05
1.006380e+02	2.472990e+05
1.006880e+02	2.466820e+05
1.007380e+02	2.458490e+05
1.007880e+02	2.464880e+05
1.008390e+02	2.462600e+05
1.008890e+02	2.454990e+05
1.009390e+02	2.445820e+05
1.009890e+02	2.447980e+05
1.010390e+02	2.449930e+05
1.010890e+02	2.455490e+05
1.011390e+02	2.440500e+05
1.011890e+02	2.439270e+05
1.012400e+02	2.444570e+05
1.012890e+02	2.437880e+05
1.013390e+02	2.441120e+05
1.013900e+02	2.499080e+05
1.014400e+02	2.514980e+05
1.014890e+02	2.490780e+05
1.015400e+02	2.477250e+05
1.015900e+02	2.474120e+05
1.016400e+02	2.471290e+05
1.016900e+02	2.459320e+05
1.017390e+02	2.462940e+05
1.017900e+02	2.450130e+05
1.018410e+02	2.457360e+05
1.018910e+02	2.449850e+05
1.019400e+02	2.449150e+05
1.019900e+02	2.440970e+05
1.020400e+02	2.438420e+05
1.020910e+02	2.448970e+05
1.021400e+02	2.439810e+05
1.021900e+02	2.440110e+05
1.022410e+02	2.438280e+05
1.022910e+02	2.440100e+05
1.023410e+02	2.431720e+05
1.023910e+02	2.498770e+05
1.024410e+02	2.502240e+05
1.024920e+02	2.484930e+05
1.025410e+02	2.471070e+05
1.025910e+02	2.469620e+05
1.026420e+02	2.457900e+05
1.026920e+02	2.458180e+05
1.027420e+02	2.451830e+05
1.027920e+02	2.455300e+05
1.028430e+02	2.447120e+05
1.028920e+02	2.448100e+05
1.029420e+02	2.444120e+05
1.029920e+02	2.437670e+05
1.030430e+02	2.443290e+05
1.030930e+02	2.432570e+05
1.031420e+02	2.438900e+05
1.031930e+02	2.431680e+05
1.032430e+02	2.443260e+05
1.032930e+02	2.433600e+05
1.033430e+02	2.431300e+05
1.033930e+02	2.490120e+05
1.034440e+02	2.506320e+05
1.034930e+02	2.486570e+05
1.035430e+02	2.478780e+05
1.035930e+02	2.465570e+05
1.036430e+02	2.467980e+05
1.036930e+02	2.453270e+05
1.037430e+02	2.449070e+05
1.037940e+02	2.452740e+05
1.038440e+02	2.447980e+05
1.038940e+02	2.448530e+05
1.039440e+02	2.440330e+05
1.039940e+02	2.444200e+05
1.040440e+02	2.437640e+05
1.040940e+02	2.437290e+05
1.041440e+02	2.425990e+05
1.041940e+02	2.436470e+05
1.042450e+02	2.430360e+05
1.042940e+02	2.435180e+05
1.043450e+02	2.418330e+05
1.043950e+02	2.500280e+05
1.044450e+02	2.502420e+05
1.044950e+02	2.486510e+05
1.045450e+02	2.502780e+05
1.045950e+02	2.471980e+05
1.046460e+02	2.465230e+05
1.046950e+02	2.456020e+05
1.047450e+02	2.453040e+05
1.047960e+02	2.447830e+05
1.048460e+02	2.446250e+05
1.048960e+02	2.442980e+05
1.049460e+02	2.440170e+05
1.049960e+02	2.434220e+05
1.050460e+02	2.443580e+05
1.050960e+02	2.431330e+05
1.051470e+02	2.432260e+05
1.051970e+02	2.432080e+05
1.052470e+02	2.441070e+05
1.052960e+02	2.438280e+05
1.053460e+02	2.429720e+05
1.053970e+02	2.492350e+05
1.054470e+02	2.497550e+05
1.054970e+02	2.479490e+05
1.055470e+02	2.474530e+05
1.055980e+02	2.465650e+05
1.056470e+02	2.464370e+05
1.056970e+02	2.453570e+05
1.057480e+02	2.449930e+05
1.057980e+02	2.452620e+05
1.058470e+02	2.446260e+05
1.058970e+02	2.446260e+05
1.059480e+02	2.435980e+05
1.059970e+02	2.435450e+05
1.060490e+02	2.432800e+05
1.060980e+02	2.435370e+05
1.061480e+02	2.434120e+05
1.061980e+02	2.429580e+05
1.062480e+02	2.430920e+05
1.062980e+02	2.427030e+05
1.063490e+02	2.432520e+05
1.063980e+02	2.487950e+05
1.064490e+02	2.498520e+05
1.065000e+02	2.487240e+05
1.065490e+02	2.472760e+05
1.065990e+02	2.463250e+05
1.066490e+02	2.463820e+05
1.067000e+02	2.453850e+05
1.067500e+02	2.458410e+05
1.067990e+02	2.440820e+05
1.068490e+02	2.448570e+05
1.069000e+02	2.442220e+05
1.069500e+02	2.438750e+05
1.070000e+02	2.433520e+05
1.070500e+02	2.440100e+05
1.071000e+02	2.432990e+05
1.071500e+02	2.436500e+05
1.072000e+02	2.432610e+05
1.072500e+02	2.434610e+05
1.073000e+02	2.434630e+05
1.073510e+02	2.438900e+05
1.074000e+02	2.498570e+05
1.074510e+02	2.492620e+05
1.075010e+02	2.489370e+05
1.075510e+02	2.474670e+05
1.076010e+02	2.474570e+05
1.076510e+02	2.462090e+05
1.077020e+02	2.463170e+05
1.077510e+02	2.447760e+05
1.078010e+02	2.448560e+05
1.078510e+02	2.450060e+05
1.079010e+02	2.450440e+05
1.079520e+02	2.445820e+05
1.080020e+02	2.436550e+05
1.080520e+02	2.440260e+05
1.081020e+02	2.440930e+05
1.081520e+02	2.442650e+05
1.082030e+02	2.441660e+05
1.082520e+02	2.441770e+05
1.083020e+02	2.433190e+05
1.083520e+02	2.442500e+05
1.084020e+02	2.496710e+05
1.084530e+02	2.507770e+05
1.085030e+02	2.485900e+05
1.085530e+02	2.479730e+05
1.086030e+02	2.464950e+05
1.086530e+02	2.471460e+05
1.087030e+02	2.465700e+05
1.087530e+02	2.459930e+05
1.088030e+02	2.452540e+05
1.088540e+02	2.453540e+05
1.089030e+02	2.453680e+05
1.089530e+02	2.442770e+05
1.090030e+02	2.452920e+05
1.090530e+02	2.452360e+05
1.091030e+02	2.442750e+05
1.091530e+02	2.435890e+05
1.092030e+02	2.441270e+05
1.092530e+02	2.444440e+05
1.093040e+02	2.445550e+05
1.093540e+02	2.447460e+05
1.094040e+02	2.506100e+05
1.094540e+02	2.504070e+05
1.095050e+02	2.493160e+05
1.095540e+02	2.480760e+05
1.096040e+02	2.477280e+05
1.096550e+02	2.472280e+05
1.097050e+02	2.471060e+05
1.097550e+02	2.464370e+05
1.098050e+02	2.455620e+05
1.098550e+02	2.464100e+05
1.099050e+02	2.493340e+05
1.099550e+02	2.465440e+05
1.100050e+02	2.456700e+05
1.100560e+02	2.455080e+05
1.101060e+02	2.448710e+05
1.101550e+02	2.450630e+05
1.102060e+02	2.441520e+05
1.102560e+02	2.450040e+05
1.103060e+02	2.442760e+05
1.103560e+02	2.466650e+05
1.104070e+02	2.505890e+05
1.104560e+02	2.517940e+05
1.105060e+02	2.497750e+05
1.105560e+02	2.492280e+05
1.106060e+02	2.482760e+05
1.106560e+02	2.480950e+05
1.107060e+02	2.475890e+05
1.107570e+02	2.467780e+05
1.108070e+02	2.463520e+05
1.108570e+02	2.460310e+05
1.109070e+02	2.464150e+05
1.109570e+02	2.463360e+05
1.110070e+02	2.459310e+05
1.110570e+02	2.454690e+05
1.111080e+02	2.462760e+05
1.111570e+02	2.451110e+05
1.112080e+02	2.457340e+05
1.112580e+02	2.450310e+05
1.113080e+02	2.463360e+05
1.113580e+02	2.465360e+05
1.114090e+02	2.521920e+05
1.114580e+02	2.520130e+05
1.115080e+02	2.512690e+05
1.115590e+02	2.499960e+05
1.116090e+02	2.489120e+05
1.116590e+02	2.484070e+05
1.117090e+02	2.488860e+05
1.117590e+02	2.473770e+05
1.118090e+02	2.474570e+05
1.118590e+02	2.479900e+05
1.119080e+02	2.467870e+05
1.119590e+02	2.467920e+05
1.120090e+02	2.458700e+05
1.120590e+02	2.486800e+05
1.121090e+02	2.476880e+05
1.121590e+02	2.469090e+05
1.122100e+02	2.458180e+05
1.122600e+02	2.470280e+05
1.123100e+02	2.458040e+05
1.123600e+02	2.478660e+05
1.124100e+02	2.533360e+05
1.124600e+02	2.533290e+05
1.125100e+02	2.522160e+05
1.125600e+02	2.503480e+05
1.126100e+02	2.500910e+05
1.126600e+02	2.493760e+05
1.127100e+02	2.494620e+05
1.127610e+02	2.480600e+05
1.128110e+02	2.487480e+05
1.128610e+02	2.477880e+05
1.129100e+02	2.484920e+05
1.129610e+02	2.477890e+05
1.130110e+02	2.481320e+05
1.130610e+02	2.472120e+05
1.131110e+02	2.480920e+05
1.131620e+02	2.472300e+05
1.132120e+02	2.475330e+05
1.132620e+02	2.466020e+05
1.133110e+02	2.473020e+05
1.133610e+02	2.490640e+05
1.134120e+02	2.539440e+05
1.134620e+02	2.538670e+05
1.135120e+02	2.529650e+05
1.135620e+02	2.519300e+05
1.136120e+02	2.508240e+05
1.136630e+02	2.508010e+05
1.137120e+02	2.497420e+05
1.137620e+02	2.503440e+05
1.138120e+02	2.493310e+05
1.138620e+02	2.493850e+05
1.139120e+02	2.487870e+05
1.139620e+02	2.484560e+05
1.140130e+02	2.484510e+05
1.140630e+02	2.488940e+05
1.141130e+02	2.488920e+05
1.141630e+02	2.481150e+05
1.142130e+02	2.483710e+05
1.142640e+02	2.480730e+05
1.143130e+02	2.484780e+05
1.143640e+02	2.499940e+05
1.144140e+02	2.552460e+05
1.144640e+02	2.540270e+05
1.145140e+02	2.534130e+05
1.145640e+02	2.518370e+05
1.146140e+02	2.529350e+05
1.146640e+02	2.511750e+05
1.147140e+02	2.517810e+05
1.147640e+02	2.498960e+05
1.148150e+02	2.503210e+05
1.148650e+02	2.498130e+05
1.149150e+02	2.503220e+05
1.149650e+02	2.494780e+05
1.150140e+02	2.493960e+05
1.150650e+02	2.489770e+05
1.151150e+02	2.493620e+05
1.151650e+02	2.488590e+05
1.152150e+02	2.496090e+05
1.152650e+02	2.489430e+05
1.153150e+02	2.490670e+05
1.153660e+02	2.507080e+05
1.154160e+02	2.563810e+05
1.154660e+02	2.562500e+05
1.155150e+02	2.542140e+05
1.155660e+02	2.536130e+05
1.156160e+02	2.516970e+05
1.156660e+02	2.522060e+05
1.157160e+02	2.518130e+05
1.157660e+02	2.518670e+05
1.158160e+02	2.510570e+05
1.158670e+02	2.503490e+05
1.159160e+02	2.510900e+05
1.159670e+02	2.499180e+05
1.160160e+02	2.500330e+05
1.160670e+02	2.504270e+05
1.161170e+02	2.511120e+05
1.161670e+02	2.500050e+05
1.162170e+02	2.502650e+05
1.162670e+02	2.492780e+05
1.163170e+02	2.503040e+05
1.163680e+02	2.518890e+05
1.164170e+02	2.574720e+05
1.164670e+02	2.562100e+05
1.165170e+02	2.549600e+05
1.165680e+02	2.537800e+05
1.166180e+02	2.544810e+05
1.166680e+02	2.535670e+05
1.167180e+02	2.531190e+05
1.167680e+02	2.523330e+05
1.168190e+02	2.519250e+05
1.168680e+02	2.523470e+05
1.169180e+02	2.516800e+05
1.169680e+02	2.513950e+05
1.170190e+02	2.514360e+05
1.170690e+02	2.512680e+05
1.171190e+02	2.509220e+05
1.171690e+02	2.511610e+05
1.172190e+02	2.504130e+05
1.172690e+02	2.518160e+05
1.173190e+02	2.504700e+05
1.173690e+02	2.534010e+05
1.174190e+02	2.582230e+05
1.174690e+02	2.577600e+05
1.175190e+02	2.565040e+05
1.175690e+02	2.557180e+05
1.176200e+02	2.542850e+05
1.176700e+02	2.538440e+05
1.177190e+02	2.541350e+05
1.177700e+02	2.537890e+05
1.178200e+02	2.528750e+05
1.178700e+02	2.527320e+05
1.179200e+02	2.528310e+05
1.179710e+02	2.519630e+05
1.180210e+02	2.522750e+05
1.180710e+02	2.520270e+05
1.181210e+02	2.520530e+05
1.181710e+02	2.507480e+05
1.182210e+02	2.516980e+05
1.182700e+02	2.514730e+05
1.183210e+02	2.518880e+05
1.183710e+02	2.546070e+05
1.184210e+02	2.590510e+05
1.184720e+02	2.579450e+05
1.185210e+02	2.573140e+05
1.185710e+02	2.562160e+05
1.186210e+02	2.549890e+05
1.186710e+02	2.553520e+05
1.187210e+02	2.541470e+05
1.187720e+02	2.543070e+05
1.188220e+02	2.530760e+05
1.188720e+02	2.535690e+05
1.189220e+02	2.533910e+05
1.189720e+02	2.531910e+05
1.190220e+02	2.523540e+05
1.190720e+02	2.532170e+05
1.191220e+02	2.524990e+05
1.191730e+02	2.528590e+05
1.192220e+02	2.526040e+05
1.192720e+02	2.523370e+05
1.193220e+02	2.524680e+05
1.193740e+02	2.554660e+05
1.194230e+02	2.606500e+05
1.194730e+02	2.587280e+05
1.195230e+02	2.583220e+05
1.195730e+02	2.560440e+05
1.196230e+02	2.559100e+05
1.196740e+02	2.551550e+05
1.197230e+02	2.551760e+05
1.197740e+02	2.572040e+05
1.198240e+02	2.550980e+05
1.198740e+02	2.545460e+05
1.199240e+02	2.543290e+05
1.199740e+02	2.533980e+05
1.200240e+02	2.541940e+05
1.200740e+02	2.533260e+05
1.201240e+02	2.533280e+05
1.201750e+02	2.533770e+05
1.202250e+02	2.528890e+05
1.202750e+02	2.535660e+05
1.203240e+02	2.533130e+05
1.203750e+02	2.570290e+05
1.204250e+02	2.604450e+05
1.204760e+02	2.589360e+05
1.205250e+02	2.581330e+05
1.205750e+02	2.583070e+05
1.206250e+02	2.566540e+05
1.206760e+02	2.566440e+05
1.207250e+02	2.556200e+05
1.207760e+02	2.563160e+05
1.208250e+02	2.555400e+05
1.208750e+02	2.557070e+05
1.209260e+02	2.555650e+05
1.209760e+02	2.548140e+05
1.210260e+02	2.547310e+05
1.210760e+02	2.551970e+05
1.211260e+02	2.542820e+05
1.211760e+02	2.541490e+05
1.212260e+02	2.539530e+05
1.212770e+02	2.540690e+05
1.213260e+02	2.544100e+05
1.213770e+02	2.581550e+05
1.214270e+02	2.615420e+05
1.214770e+02	2.613460e+05
1.215270e+02	2.600020e+05
1.215770e+02	2.581140e+05
1.216270e+02	2.579300e+05
1.216770e+02	2.572460e+05
1.217270e+02	2.574500e+05
1.217780e+02	2.569420e+05
1.218270e+02	2.569630e+05
1.218780e+02	2.560050e+05
1.219280e+02	2.562100e+05
1.219780e+02	2.558610e+05
1.220280e+02	2.556450e+05
1.220780e+02	2.561660e+05
1.221280e+02	2.558280e+05
1.221790e+02	2.553490e+05
1.222290e+02	2.551650e+05
1.222780e+02	2.550380e+05
1.223290e+02	2.554160e+05
1.223790e+02	2.590570e+05
1.224290e+02	2.623160e+05
1.224790e+02	2.620970e+05
1.225290e+02	2.605480e+05
1.225790e+02	2.607170e+05
1.226290e+02	2.581080e+05
1.226790e+02	2.592110e+05
1.227290e+02	2.580770e+05
1.227800e+02	2.576160e+05
1.228300e+02	2.576780e+05
1.228800e+02	2.572030e+05
1.229290e+02	2.571040e+05
1.229790e+02	2.569720e+05
1.230300e+02	2.563600e+05
1.230800e+02	2.563300e+05
1.231300e+02	2.568820e+05
1.231800e+02	2.564380e+05
1.232300e+02	2.565780e+05
1.232810e+02	2.561020e+05
1.233300e+02	2.566600e+05
1.233800e+02	2.602220e+05
1.234310e+02	2.636560e+05
1.234810e+02	2.618010e+05
1.235310e+02	2.614390e+05
1.235810e+02	2.601970e+05
1.236310e+02	2.603180e+05
1.236810e+02	2.600590e+05
1.237310e+02	2.593930e+05
1.237810e+02	2.589480e+05
1.238310e+02	2.586990e+05
1.238810e+02	2.585240e+05
1.239310e+02	2.580260e+05
1.239820e+02	2.575710e+05
1.240310e+02	2.568440e+05
1.240810e+02	2.579090e+05
1.241320e+02	2.571170e+05
1.241820e+02	2.574140e+05
1.242320e+02	2.567020e+05
1.242820e+02	2.578790e+05
1.243320e+02	2.573370e+05
1.243820e+02	2.619660e+05
1.244320e+02	2.645640e+05
1.244830e+02	2.632190e+05
1.245330e+02	2.622740e+05
1.245820e+02	2.615790e+05
1.246330e+02	2.608030e+05
1.246830e+02	2.601590e+05
1.247330e+02	2.601780e+05
1.247830e+02	2.596160e+05
1.248330e+02	2.597170e+05
1.248840e+02	2.589460e+05
1.249340e+02	2.591000e+05
1.249830e+02	2.581260e+05
1.250330e+02	2.590300e+05
1.250830e+02	2.582590e+05
1.251340e+02	2.590800e+05
1.251830e+02	2.579910e+05
1.252340e+02	2.580560e+05
1.252840e+02	2.576860e+05
1.253340e+02	2.587390e+05
1.253850e+02	2.626140e+05
1.254340e+02	2.657890e+05
1.254850e+02	2.644640e+05
1.255340e+02	2.631440e+05
1.255850e+02	2.623720e+05
1.256340e+02	2.613280e+05
1.256840e+02	2.617010e+05
1.257350e+02	2.611720e+05
1.257850e+02	2.611370e+05
1.258350e+02	2.596500e+05
1.258850e+02	2.599370e+05
1.259350e+02	2.600080e+05
1.259860e+02	2.606690e+05
1.260360e+02	2.597530e+05
1.260860e+02	2.594590e+05
1.261350e+02	2.592120e+05
1.261850e+02	2.597210e+05
1.262360e+02	2.594150e+05
1.262870e+02	2.598490e+05
1.263370e+02	2.601760e+05
1.263860e+02	2.643420e+05
1.264370e+02	2.662210e+05
1.264870e+02	2.653910e+05
1.265370e+02	2.655350e+05
1.265870e+02	2.629850e+05
1.266370e+02	2.635440e+05
1.266870e+02	2.627780e+05
1.267360e+02	2.626920e+05
1.267870e+02	2.619960e+05
1.268370e+02	2.613960e+05
1.268870e+02	2.613190e+05
1.269370e+02	2.617440e+05
1.269870e+02	2.612530e+05
1.270370e+02	2.606920e+05
1.270870e+02	2.609190e+05
1.271380e+02	2.610730e+05
1.271880e+02	2.604270e+05
1.272370e+02	2.601530e+05
1.272880e+02	2.601620e+05
1.273380e+02	2.603270e+05
1.273880e+02	2.663110e+05
1.274390e+02	2.672350e+05
1.274890e+02	2.676000e+05
1.275390e+02	2.652920e+05
1.275890e+02	2.651720e+05
1.276390e+02	2.640860e+05
1.276890e+02	2.636150e+05
1.277390e+02	2.635340e+05
1.277890e+02	2.635090e+05
1.278380e+02	2.621470e+05
1.278890e+02	2.626630e+05
1.279390e+02	2.620540e+05
1.279890e+02	2.624790e+05
1.280390e+02	2.615500e+05
1.280890e+02	2.620640e+05
1.281400e+02	2.619200e+05
1.281910e+02	2.619490e+05
1.282410e+02	2.615300e+05
1.282900e+02	2.611830e+05
1.283410e+02	2.614590e+05
1.283910e+02	2.667970e+05
1.284410e+02	2.695010e+05
1.284910e+02	2.680530e+05
1.285400e+02	2.673290e+05
1.285910e+02	2.658760e+05
1.286410e+02	2.651020e+05
1.286920e+02	2.647860e+05
1.287420e+02	2.641270e+05
1.287920e+02	2.642200e+05
1.288420e+02	2.636100e+05
1.288920e+02	2.639270e+05
1.289420e+02	2.633120e+05
1.289920e+02	2.634140e+05
1.290410e+02	2.629210e+05
1.290920e+02	2.635150e+05
1.291420e+02	2.626200e+05
1.291920e+02	2.633870e+05
1.292420e+02	2.620080e+05
1.292910e+02	2.631220e+05
1.293420e+02	2.626910e+05
1.293920e+02	2.701420e+05
1.294420e+02	2.697560e+05
1.294920e+02	2.686220e+05
1.295420e+02	2.674420e+05
1.295920e+02	2.672880e+05
1.296420e+02	2.661080e+05
1.296920e+02	2.662730e+05
1.297420e+02	2.650470e+05
1.297930e+02	2.646980e+05
1.298430e+02	2.644430e+05
1.298930e+02	2.651090e+05
1.299430e+02	2.653510e+05
1.299930e+02	2.646670e+05
1.300430e+02	2.640120e+05
1.300930e+02	2.631830e+05
1.301430e+02	2.647010e+05
1.301930e+02	2.636500e+05
1.302430e+02	2.642430e+05
1.302940e+02	2.632480e+05
1.303440e+02	2.640770e+05
1.303940e+02	2.697720e+05
1.304430e+02	2.714820e+05
1.304940e+02	2.696590e+05
1.305440e+02	2.690050e+05
1.305940e+02	2.679490e+05
1.306440e+02	2.671350e+05
1.306940e+02	2.664460e+05
1.307440e+02	2.663260e+05
1.307940e+02	2.667880e+05
1.308450e+02	2.654950e+05
1.308950e+02	2.658600e+05
1.309450e+02	2.648640e+05
1.309950e+02	2.657430e+05
1.310450e+02	2.644510e+05
1.310950e+02	2.658990e+05
1.311450e+02	2.644000e+05
1.311950e+02	2.654040e+05
1.312450e+02	2.640590e+05
1.312950e+02	2.651540e+05
1.313450e+02	2.649210e+05
1.313960e+02	2.719520e+05
1.314450e+02	2.718460e+05
1.314950e+02	2.706970e+05
1.315460e+02	2.700890e+05
1.315960e+02	2.687970e+05
1.316460e+02	2.701240e+05
1.316960e+02	2.679080e+05
1.317460e+02	2.678780e+05
1.317960e+02	2.671230e+05
1.318460e+02	2.671950e+05
1.318970e+02	2.663050e+05
1.319460e+02	2.672180e+05
1.319970e+02	2.656790e+05
1.320460e+02	2.662690e+05
1.320960e+02	2.656060e+05
1.321470e+02	2.665620e+05
1.321970e+02	2.654930e+05
1.322470e+02	2.662050e+05
1.322970e+02	2.653390e+05
1.323470e+02	2.657940e+05
1.323980e+02	2.730280e+05
1.324470e+02	2.733190e+05
1.324980e+02	2.718760e+05
1.325480e+02	2.711150e+05
1.325980e+02	2.699780e+05
1.326480e+02	2.683840e+05
1.326980e+02	2.695050e+05
1.327480e+02	2.686390e+05
1.327980e+02	2.690840e+05
1.328480e+02	2.675080e+05
1.328980e+02	2.706470e+05
1.329490e+02	2.673410e+05
1.329990e+02	2.674480e+05
1.330480e+02	2.673240e+05
1.330980e+02	2.667360e+05
1.331480e+02	2.673360e+05
1.331990e+02	2.668290e+05
1.332490e+02	2.668900e+05
1.332990e+02	2.664470e+05
1.333490e+02	2.673750e+05
1.333990e+02	2.733540e+05
1.334500e+02	2.744470e+05
1.335000e+02	2.718410e+05
1.335500e+02	2.721550e+05
1.336000e+02	2.700490e+05
1.336500e+02	2.705920e+05
1.336990e+02	2.693240e+05
1.337500e+02	2.700900e+05
1.338000e+02	2.707380e+05
1.338500e+02	2.697990e+05
1.339010e+02	2.686870e+05
1.339500e+02	2.690060e+05
1.340000e+02	2.684630e+05
1.340500e+02	2.675280e+05
1.341010e+02	2.678490e+05
1.341500e+02	2.680280e+05
1.342000e+02	2.681960e+05
1.342510e+02	2.674740e+05
1.343010e+02	2.677860e+05
1.343510e+02	2.684600e+05
1.344010e+02	2.747930e+05
1.344510e+02	2.753050e+05
1.345020e+02	2.741460e+05
1.345520e+02	2.718780e+05
1.346020e+02	2.724070e+05
1.346510e+02	2.703290e+05
1.347010e+02	2.710520e+05
1.347520e+02	2.700910e+05
1.348020e+02	2.697790e+05
1.348520e+02	2.695790e+05
1.349020e+02	2.689140e+05
1.349520e+02	2.696600e+05
1.350020e+02	2.694770e+05
1.350520e+02	2.690700e+05
1.351030e+02	2.684620e+05
1.351530e+02	2.689390e+05
1.352030e+02	2.680430e+05
1.352520e+02	2.683160e+05
1.353030e+02	2.683550e+05
1.353520e+02	2.700420e+05
1.354030e+02	2.752160e+05
1.354530e+02	2.757890e+05
1.355030e+02	2.735280e+05
1.355530e+02	2.736590e+05
1.356030e+02	2.723650e+05
1.356530e+02	2.724060e+05
1.357030e+02	2.709960e+05
1.357530e+02	2.711010e+05
1.358030e+02	2.705650e+05
1.358540e+02	2.705670e+05
1.359040e+02	2.696790e+05
1.359550e+02	2.696960e+05
1.360040e+02	2.697480e+05
1.360540e+02	2.695210e+05
1.361040e+02	2.693260e+05
1.361550e+02	2.690260e+05
1.362050e+02	2.697140e+05
1.362550e+02	2.687600e+05
1.363050e+02	2.692950e+05
1.363550e+02	2.694580e+05
1.364050e+02	2.765840e+05
1.364540e+02	2.755960e+05
1.365050e+02	2.748490e+05
1.365550e+02	2.737500e+05
1.366060e+02	2.725160e+05
1.366550e+02	2.727840e+05
1.367050e+02	2.718700e+05
1.367560e+02	2.717260e+05
1.368050e+02	2.708090e+05
1.368560e+02	2.700690e+05
1.369060e+02	2.698480e+05
1.369560e+02	2.701520e+05
1.370060e+02	2.701580e+05
1.370560e+02	2.706790e+05
1.371060e+02	2.691430e+05
1.371560e+02	2.702800e+05
1.372060e+02	2.686880e+05
1.372560e+02	2.689300e+05
1.373060e+02	2.689310e+05
1.373560e+02	2.706460e+05
1.374070e+02	2.767560e+05
1.374570e+02	2.759830e+05
1.375070e+02	2.747470e+05
1.375570e+02	2.737180e+05
1.376070e+02	2.730580e+05
1.376570e+02	2.724110e+05
1.377070e+02	2.716040e+05
1.377570e+02	2.713280e+05
1.378080e+02	2.743660e+05
1.378580e+02	2.708530e+05
1.379080e+02	2.718030e+05
1.379580e+02	2.697780e+05
1.380080e+02	2.706300e+05
1.380580e+02	2.692210e+05
1.381080e+02	2.698750e+05
1.381580e+02	2.695050e+05
1.382090e+02	2.697210e+05
1.382590e+02	2.698230e+05
1.383080e+02	2.693840e+05
1.383580e+02	2.706050e+05
1.384080e+02	2.764180e+05
1.384590e+02	2.763930e+05
1.385080e+02	2.747900e+05
1.385590e+02	2.738290e+05
1.386100e+02	2.727680e+05
1.386590e+02	2.732290e+05
1.387090e+02	2.708770e+05
1.387590e+02	2.726930e+05
1.388100e+02	2.716360e+05
1.388600e+02	2.707520e+05
1.389090e+02	2.701770e+05
1.389590e+02	2.708600e+05
1.390090e+02	2.700480e+05
1.390600e+02	2.704400e+05
1.391100e+02	2.699260e+05
1.391600e+02	2.697380e+05
1.392100e+02	2.695520e+05
1.392600e+02	2.694940e+05
1.393100e+02	2.699030e+05
1.393600e+02	2.711890e+05
1.394110e+02	2.764150e+05
1.394610e+02	2.754070e+05
1.395110e+02	2.755400e+05
1.395600e+02	2.734570e+05
1.396110e+02	2.737890e+05
1.396600e+02	2.714770e+05
1.397110e+02	2.720910e+05
1.397610e+02	2.716230e+05
1.398110e+02	2.713490e+05
1.398610e+02	2.701140e+05
1.399110e+02	2.704240e+05
1.399610e+02	2.703590e+05
1.400120e+02	2.701710e+05
1.400610e+02	2.700080e+05
1.401110e+02	2.695460e+05
1.401620e+02	2.696100e+05
1.402120e+02	2.693410e+05
1.402620e+02	2.693710e+05
1.403120e+02	2.686070e+05
1.403620e+02	2.721190e+05
1.404120e+02	2.762680e+05
1.404630e+02	2.763990e+05
1.405120e+02	2.743530e+05
1.405630e+02	2.739760e+05
1.406120e+02	2.729850e+05
1.406620e+02	2.725840e+05
1.407130e+02	2.718220e+05
1.407630e+02	2.717290e+05
1.408140e+02	2.710730e+05
1.408640e+02	2.699070e+05
1.409140e+02	2.708400e+05
1.409640e+02	2.706540e+05
1.410130e+02	2.705730e+05
1.410630e+02	2.688270e+05
1.411140e+02	2.697080e+05
1.411640e+02	2.688270e+05
1.412140e+02	2.701930e+05
1.412640e+02	2.689090e+05
1.413140e+02	2.702010e+05
1.413640e+02	2.703290e+05
1.414140e+02	2.771020e+05
1.414640e+02	2.751460e+05
1.415140e+02	2.747690e+05
1.415640e+02	2.740340e+05
1.416140e+02	2.733530e+05
1.416640e+02	2.722600e+05
1.417150e+02	2.712430e+05
1.417650e+02	2.709520e+05
1.418150e+02	2.707290e+05
1.418650e+02	2.707930e+05
1.419150e+02	2.699790e+05
1.419650e+02	2.702870e+05
1.420150e+02	2.691530e+05
1.420650e+02	2.694600e+05
1.421150e+02	2.687220e+05
1.421650e+02	2.699340e+05
1.422160e+02	2.688770e+05
1.422660e+02	2.696490e+05
1.423160e+02	2.682980e+05
1.423660e+02	2.691270e+05
1.424160e+02	2.688990e+05
1.424660e+02	2.689960e+05
1.425160e+02	2.681370e+05
1.425660e+02	2.688790e+05
1.426170e+02	2.684400e+05
1.426670e+02	2.678730e+05
1.427170e+02	2.687360e+05
1.427660e+02	2.691400e+05
1.428170e+02	2.688560e+05
1.428680e+02	2.680480e+05
1.429170e+02	2.681900e+05
1.429670e+02	2.681960e+05
1.430170e+02	2.691290e+05
1.430670e+02	2.681140e+05
1.431170e+02	2.678310e+05
1.431670e+02	2.676440e+05
1.432170e+02	2.686940e+05
1.432680e+02	2.682400e+05
1.433180e+02	2.689970e+05
1.433680e+02	2.685110e+05
