0.000000e+00	3.021000e+04
5.000000e-02	3.010000e+04
1.000000e-01	3.076200e+04
1.500000e-01	2.906900e+04
2.010000e-01	2.922900e+04
2.500000e-01	2.883400e+04
3.000000e-01	2.953300e+04
3.500000e-01	2.988800e+04
4.000000e-01	2.980900e+04
4.510000e-01	2.957400e+04
5.010000e-01	2.959200e+04
5.500000e-01	2.969600e+04
6.010000e-01	3.017100e+04
6.510000e-01	3.002400e+04
7.010000e-01	3.036200e+04
7.510000e-01	2.975200e+04
8.010000e-01	3.016100e+04
8.520000e-01	3.042200e+04
9.020000e-01	3.036700e+04
9.520000e-01	3.071800e+04
1.002000e+00	2.970600e+04
1.051000e+00	2.991300e+04
1.102000e+00	2.974600e+04
1.152000e+00	2.955400e+04
1.202000e+00	2.941400e+04
1.252000e+00	2.962700e+04
1.302000e+00	2.935600e+04
1.353000e+00	2.974000e+04
1.403000e+00	2.981400e+04
1.452000e+00	3.033900e+04
1.502000e+00	2.958900e+04
1.553000e+00	3.054900e+04
1.603000e+00	2.992200e+04
1.652000e+00	3.014500e+04
1.702000e+00	3.008400e+04
1.752000e+00	3.003000e+04
1.803000e+00	3.052200e+04
1.853000e+00	2.982500e+04
1.903000e+00	3.036200e+04
1.953000e+00	2.998600e+04
2.003000e+00	3.060900e+04
2.054000e+00	3.027000e+04
2.104000e+00	3.047500e+04
2.154000e+00	2.895100e+04
2.204000e+00	2.925100e+04
2.254000e+00	2.928000e+04
2.304000e+00	2.974600e+04
2.355000e+00	2.968900e+04
2.405000e+00	2.992600e+04
2.455000e+00	3.001800e+04
2.504000e+00	3.014400e+04
2.554000e+00	3.018700e+04
2.605000e+00	2.999100e+04
2.655000e+00	3.045600e+04
2.705000e+00	3.002100e+04
2.754000e+00	3.040700e+04
2.805000e+00	2.999300e+04
2.855000e+00	3.042100e+04
2.905000e+00	3.066200e+04
2.955000e+00	3.050100e+04
3.006000e+00	3.038000e+04
3.055000e+00	3.020000e+04
3.105000e+00	3.073400e+04
3.155000e+00	2.963000e+04
3.206000e+00	2.945200e+04
3.256000e+00	3.000400e+04
3.306000e+00	2.982400e+04
3.356000e+00	2.987100e+04
3.406000e+00	2.957800e+04
3.456000e+00	2.961500e+04
3.554000e+00	3.030800e+04
3.720000e+00	3.008900e+04
3.782000e+00	3.018500e+04
3.794000e+00	3.066200e+04
3.808000e+00	3.041800e+04
3.858000e+00	3.025900e+04
3.907000e+00	3.031500e+04
3.957000e+00	3.069400e+04
4.007000e+00	3.057500e+04
4.057000e+00	3.027600e+04
4.107000e+00	3.031300e+04
4.157000e+00	2.968600e+04
4.208000e+00	2.947500e+04
4.257000e+00	3.008300e+04
4.308000e+00	2.943300e+04
4.357000e+00	3.034000e+04
4.408000e+00	2.982900e+04
4.458000e+00	3.034300e+04
4.508000e+00	3.030700e+04
4.558000e+00	3.031000e+04
4.608000e+00	3.032300e+04
4.659000e+00	2.988600e+04
4.709000e+00	3.024400e+04
4.758000e+00	3.061600e+04
4.809000e+00	3.046300e+04
4.859000e+00	3.082700e+04
4.910000e+00	3.029200e+04
4.959000e+00	3.052600e+04
5.009000e+00	3.066900e+04
5.059000e+00	3.049500e+04
5.110000e+00	3.068900e+04
5.159000e+00	2.933100e+04
5.210000e+00	2.955400e+04
5.259000e+00	2.942300e+04
5.309000e+00	3.006200e+04
5.359000e+00	2.963600e+04
5.410000e+00	3.030600e+04
5.460000e+00	3.016300e+04
5.509000e+00	3.027100e+04
5.561000e+00	2.990500e+04
5.610000e+00	3.035500e+04
5.660000e+00	3.077700e+04
5.711000e+00	3.066400e+04
5.760000e+00	3.061700e+04
5.810000e+00	2.995000e+04
5.860000e+00	3.057500e+04
5.911000e+00	3.070400e+04
5.961000e+00	3.072300e+04
6.011000e+00	3.049500e+04
6.061000e+00	3.096200e+04
6.112000e+00	3.043800e+04
6.162000e+00	2.950800e+04
6.212000e+00	2.957400e+04
6.262000e+00	3.018400e+04
6.312000e+00	2.989400e+04
6.361000e+00	3.007000e+04
6.412000e+00	2.970400e+04
6.461000e+00	3.019400e+04
6.512000e+00	3.080900e+04
6.562000e+00	3.065100e+04
6.612000e+00	3.052500e+04
6.662000e+00	3.025000e+04
6.712000e+00	3.047700e+04
6.762000e+00	3.058700e+04
6.812000e+00	3.104400e+04
6.862000e+00	3.066300e+04
6.913000e+00	3.059400e+04
6.963000e+00	3.043900e+04
7.013000e+00	3.063900e+04
7.063000e+00	3.030600e+04
7.113000e+00	3.116100e+04
7.163000e+00	2.918700e+04
7.213000e+00	2.973100e+04
7.263000e+00	2.957000e+04
7.313000e+00	3.003500e+04
7.364000e+00	3.029500e+04
7.414000e+00	3.039200e+04
7.464000e+00	3.024800e+04
7.514000e+00	3.040900e+04
7.564000e+00	3.051000e+04
7.614000e+00	3.052600e+04
7.665000e+00	3.055300e+04
7.791000e+00	3.031100e+04
7.801000e+00	3.062100e+04
7.814000e+00	3.037200e+04
7.864000e+00	3.093100e+04
7.915000e+00	3.043500e+04
7.965000e+00	3.076900e+04
8.015000e+00	3.051400e+04
8.064000e+00	3.055900e+04
8.115000e+00	3.072700e+04
8.164000e+00	2.956900e+04
8.215000e+00	2.958400e+04
8.265000e+00	2.963700e+04
8.315000e+00	2.954900e+04
8.366000e+00	3.009100e+04
8.416000e+00	3.011000e+04
8.465000e+00	3.044200e+04
8.516000e+00	3.039000e+04
8.565000e+00	3.034100e+04
8.616000e+00	3.028900e+04
8.666000e+00	3.066300e+04
8.716000e+00	3.077900e+04
8.766000e+00	3.061800e+04
8.816000e+00	3.098600e+04
8.866000e+00	3.050300e+04
8.916000e+00	3.095800e+04
8.966000e+00	3.035400e+04
9.016000e+00	3.102800e+04
9.067000e+00	3.091600e+04
9.117000e+00	3.104200e+04
9.166000e+00	2.934500e+04
9.217000e+00	2.937900e+04
9.267000e+00	2.990400e+04
9.317000e+00	3.044800e+04
9.367000e+00	3.037700e+04
9.417000e+00	2.998200e+04
9.467000e+00	3.022500e+04
9.518000e+00	3.029300e+04
9.568000e+00	3.072100e+04
9.617000e+00	3.015900e+04
9.668000e+00	3.093400e+04
9.717000e+00	3.063200e+04
9.768000e+00	3.070300e+04
9.833000e+00	3.066700e+04
9.868000e+00	3.077300e+04
9.918000e+00	3.108200e+04
9.968000e+00	3.065600e+04
1.001800e+01	3.025100e+04
1.006800e+01	3.047300e+04
1.011900e+01	3.090900e+04
1.016900e+01	2.978000e+04
1.021900e+01	2.972100e+04
1.026900e+01	2.986100e+04
1.031900e+01	2.990800e+04
1.036900e+01	3.009300e+04
1.041900e+01	3.047200e+04
1.046900e+01	3.015200e+04
1.051900e+01	3.067400e+04
1.056900e+01	3.019300e+04
1.061900e+01	3.005400e+04
1.066900e+01	3.012000e+04
1.072000e+01	3.061700e+04
1.077000e+01	3.065200e+04
1.081900e+01	3.024000e+04
1.086900e+01	3.041500e+04
1.092000e+01	3.046500e+04
1.097100e+01	3.074900e+04
1.102100e+01	3.066000e+04
1.107000e+01	3.084800e+04
1.112000e+01	3.037400e+04
1.117000e+01	2.942600e+04
1.122000e+01	2.933800e+04
1.127100e+01	3.005300e+04
1.132100e+01	2.989200e+04
1.137100e+01	3.027900e+04
1.142100e+01	2.992400e+04
1.147100e+01	3.050400e+04
1.152100e+01	3.030200e+04
1.157100e+01	3.044800e+04
1.162200e+01	3.086100e+04
1.167100e+01	3.042300e+04
1.172200e+01	3.054800e+04
1.177200e+01	3.029100e+04
1.182200e+01	3.071400e+04
1.187200e+01	3.052300e+04
1.192200e+01	3.070100e+04
1.197200e+01	3.031800e+04
1.202200e+01	3.074500e+04
1.207200e+01	3.058600e+04
1.212200e+01	3.097000e+04
1.217200e+01	2.927100e+04
1.222200e+01	2.977600e+04
1.227300e+01	2.987400e+04
1.232300e+01	3.002500e+04
1.237300e+01	3.044100e+04
1.242300e+01	2.974900e+04
1.247200e+01	3.044300e+04
1.252300e+01	3.017500e+04
1.257300e+01	2.990800e+04
1.262300e+01	3.025800e+04
1.267300e+01	3.070100e+04
1.272400e+01	3.054100e+04
1.277400e+01	3.062300e+04
1.282400e+01	3.009900e+04
1.287400e+01	3.081700e+04
1.292400e+01	3.037100e+04
1.297400e+01	3.036600e+04
1.302500e+01	3.030300e+04
1.307400e+01	3.065400e+04
1.312400e+01	3.068100e+04
1.317500e+01	2.917900e+04
1.322500e+01	2.954000e+04
1.327400e+01	2.947800e+04
1.332500e+01	3.002100e+04
1.337500e+01	3.013800e+04
1.342400e+01	3.013800e+04
1.347500e+01	3.001000e+04
1.352500e+01	3.045800e+04
1.357500e+01	3.005500e+04
1.362500e+01	3.021800e+04
1.367500e+01	2.991700e+04
1.372500e+01	3.080700e+04
1.377500e+01	3.034600e+04
1.382600e+01	3.093800e+04
1.387600e+01	3.033200e+04
1.392600e+01	3.041700e+04
1.397600e+01	3.052700e+04
1.402600e+01	3.052600e+04
1.407600e+01	3.070700e+04
1.412600e+01	3.009800e+04
1.417600e+01	2.953100e+04
1.422600e+01	2.940700e+04
1.427700e+01	2.971800e+04
1.432700e+01	2.982700e+04
1.437600e+01	3.024800e+04
1.442600e+01	2.998000e+04
1.447700e+01	3.028100e+04
1.452700e+01	2.979000e+04
1.457700e+01	3.045200e+04
1.462700e+01	3.030400e+04
1.467700e+01	3.081000e+04
1.472800e+01	2.999400e+04
1.477700e+01	3.034500e+04
1.482800e+01	3.000300e+04
1.487800e+01	3.052800e+04
1.492800e+01	3.047200e+04
1.497700e+01	3.039700e+04
1.502800e+01	3.038900e+04
1.507800e+01	3.026200e+04
1.512700e+01	3.018800e+04
1.517800e+01	2.924100e+04
1.522800e+01	2.979500e+04
1.527800e+01	2.955100e+04
1.532800e+01	2.964100e+04
1.537900e+01	2.906700e+04
1.542900e+01	2.996500e+04
1.547900e+01	2.996100e+04
1.552900e+01	3.048900e+04
1.557800e+01	3.012200e+04
1.562800e+01	2.995600e+04
1.567900e+01	3.036400e+04
1.572900e+01	3.036300e+04
1.578000e+01	3.062100e+04
1.583000e+01	3.044700e+04
1.587900e+01	3.063700e+04
1.592900e+01	3.026700e+04
1.597900e+01	3.022000e+04
1.602900e+01	3.004800e+04
1.608000e+01	3.074800e+04
1.613000e+01	2.991000e+04
1.618000e+01	2.954700e+04
1.623000e+01	2.917700e+04
1.628000e+01	2.971700e+04
1.633000e+01	2.989400e+04
1.638000e+01	2.987300e+04
1.643000e+01	2.980000e+04
1.648000e+01	2.997700e+04
1.653100e+01	3.020300e+04
1.658100e+01	2.982600e+04
1.663100e+01	2.994000e+04
1.668100e+01	3.006300e+04
1.673100e+01	3.037500e+04
1.678100e+01	3.015700e+04
1.683100e+01	3.044800e+04
1.688100e+01	3.032700e+04
1.693100e+01	3.075600e+04
1.698100e+01	3.047900e+04
1.703200e+01	3.065800e+04
1.708200e+01	3.004200e+04
1.713200e+01	3.019800e+04
1.718200e+01	2.938700e+04
1.723200e+01	2.933000e+04
1.728100e+01	2.946300e+04
1.733200e+01	2.958400e+04
1.738200e+01	2.988700e+04
1.743200e+01	2.997600e+04
1.748300e+01	2.991600e+04
1.753300e+01	3.012500e+04
1.758200e+01	3.021200e+04
1.763200e+01	3.002600e+04
1.768300e+01	3.022000e+04
1.773300e+01	3.035200e+04
1.778300e+01	3.024200e+04
1.783300e+01	2.981500e+04
1.788300e+01	3.019700e+04
1.793300e+01	3.023000e+04
1.798300e+01	3.050000e+04
1.803300e+01	3.055500e+04
1.808400e+01	3.065200e+04
1.813400e+01	2.953300e+04
1.818400e+01	2.904200e+04
1.823400e+01	2.907200e+04
1.828400e+01	2.936800e+04
1.833400e+01	2.948200e+04
1.838400e+01	2.941900e+04
1.843500e+01	2.949000e+04
1.848400e+01	2.996600e+04
1.853500e+01	2.955900e+04
1.858500e+01	2.995900e+04
1.863500e+01	2.993600e+04
1.868400e+01	2.989000e+04
1.873500e+01	2.999400e+04
1.878400e+01	2.960800e+04
1.883500e+01	3.034200e+04
1.888500e+01	2.978100e+04
1.893500e+01	2.998100e+04
1.898500e+01	2.959400e+04
1.903500e+01	2.989800e+04
1.908500e+01	3.022200e+04
1.913500e+01	2.956200e+04
1.918600e+01	2.900900e+04
1.923600e+01	2.913700e+04
1.928600e+01	2.917200e+04
1.933600e+01	2.939900e+04
1.938600e+01	2.946600e+04
1.943600e+01	2.949600e+04
1.948600e+01	2.984900e+04
1.953600e+01	2.967300e+04
1.958600e+01	2.963300e+04
1.963700e+01	2.941700e+04
1.968600e+01	3.011100e+04
1.973700e+01	2.998600e+04
1.978700e+01	2.997800e+04
1.983700e+01	2.965300e+04
1.988700e+01	3.016900e+04
1.993800e+01	3.005000e+04
1.998700e+01	3.026900e+04
2.003700e+01	2.998800e+04
2.008700e+01	3.017400e+04
2.013700e+01	2.935100e+04
2.018700e+01	2.882400e+04
2.023700e+01	2.864800e+04
2.028700e+01	2.896600e+04
2.033800e+01	2.957200e+04
2.038800e+01	2.929100e+04
2.043800e+01	2.937500e+04
2.048700e+01	2.951900e+04
2.053800e+01	2.971500e+04
2.058800e+01	2.967500e+04
2.063800e+01	2.979300e+04
2.068900e+01	2.964300e+04
2.073800e+01	2.962300e+04
2.078800e+01	2.974200e+04
2.083800e+01	2.984800e+04
2.088900e+01	2.972200e+04
2.093900e+01	2.961100e+04
2.098900e+01	2.987500e+04
2.103900e+01	2.965400e+04
2.108900e+01	3.004100e+04
2.114000e+01	2.903700e+04
2.118900e+01	2.886300e+04
2.123900e+01	2.872600e+04
2.129000e+01	2.937100e+04
2.133900e+01	2.892900e+04
2.139000e+01	2.951300e+04
2.144000e+01	2.909200e+04
2.149000e+01	2.959800e+04
2.154000e+01	2.913100e+04
2.159000e+01	2.926300e+04
2.164000e+01	2.962900e+04
2.169000e+01	2.982600e+04
2.174100e+01	2.993900e+04
2.179000e+01	2.974200e+04
2.184100e+01	2.976700e+04
2.189100e+01	2.992100e+04
2.194000e+01	2.998200e+04
2.199100e+01	2.960000e+04
2.204000e+01	2.997000e+04
2.209100e+01	2.966000e+04
2.214100e+01	2.928100e+04
2.219100e+01	2.847200e+04
2.224100e+01	2.900600e+04
2.229200e+01	2.878700e+04
2.234100e+01	2.915900e+04
2.239100e+01	2.896900e+04
2.244100e+01	2.958900e+04
2.249100e+01	2.929200e+04
2.254200e+01	2.976600e+04
2.259200e+01	2.916100e+04
2.264200e+01	2.929800e+04
2.269200e+01	2.932800e+04
2.274200e+01	2.935300e+04
2.279200e+01	2.978100e+04
2.284200e+01	2.918500e+04
2.289300e+01	2.992500e+04
2.294300e+01	2.946900e+04
2.299300e+01	3.002700e+04
2.304300e+01	2.939100e+04
2.309300e+01	3.001400e+04
2.314300e+01	2.898400e+04
2.319300e+01	2.871100e+04
2.324300e+01	2.846300e+04
2.329300e+01	2.886700e+04
2.334300e+01	2.921500e+04
2.339300e+01	2.920100e+04
2.344400e+01	2.898900e+04
2.349400e+01	2.935800e+04
2.354400e+01	2.931000e+04
2.359400e+01	2.920700e+04
2.364400e+01	2.971300e+04
2.369300e+01	2.904900e+04
2.374500e+01	2.982400e+04
2.379400e+01	2.889100e+04
2.384400e+01	2.928100e+04
2.389400e+01	2.924800e+04
2.394400e+01	2.982500e+04
2.399400e+01	2.954600e+04
2.404500e+01	2.944800e+04
2.409500e+01	2.925500e+04
2.414600e+01	2.885300e+04
2.419400e+01	2.856700e+04
2.424600e+01	2.882500e+04
2.429500e+01	2.877200e+04
2.434500e+01	2.866900e+04
2.439500e+01	2.873600e+04
2.444500e+01	2.902300e+04
2.449500e+01	2.910800e+04
2.454600e+01	2.911500e+04
2.459600e+01	2.950100e+04
2.464600e+01	2.932800e+04
2.469600e+01	2.948700e+04
2.474600e+01	2.925700e+04
2.479600e+01	2.994800e+04
2.484600e+01	2.933300e+04
2.489600e+01	2.962800e+04
2.494600e+01	2.921700e+04
2.499600e+01	2.918600e+04
2.504700e+01	2.942700e+04
2.509700e+01	2.957400e+04
2.514700e+01	2.893000e+04
2.519700e+01	2.836200e+04
2.524600e+01	2.858000e+04
2.529700e+01	2.873100e+04
2.534700e+01	2.894800e+04
2.539700e+01	2.875200e+04
2.544700e+01	2.965300e+04
2.549700e+01	2.951300e+04
2.554700e+01	2.928500e+04
2.559700e+01	2.873100e+04
2.564800e+01	2.972200e+04
2.569800e+01	2.913300e+04
2.574800e+01	2.933500e+04
2.579700e+01	2.920300e+04
2.584800e+01	2.934900e+04
2.589800e+01	2.970000e+04
2.594800e+01	2.945600e+04
2.599800e+01	2.956900e+04
2.604800e+01	2.930900e+04
2.609800e+01	2.977200e+04
2.614900e+01	2.869400e+04
2.619900e+01	2.851900e+04
2.624900e+01	2.830400e+04
2.629900e+01	2.876300e+04
2.634900e+01	2.870100e+04
2.639900e+01	2.869600e+04
2.645000e+01	2.888400e+04
2.650000e+01	2.911200e+04
2.654900e+01	2.905400e+04
2.659900e+01	2.911400e+04
2.664900e+01	2.907400e+04
2.670000e+01	2.926500e+04
2.674900e+01	2.967300e+04
2.680000e+01	2.890700e+04
2.685000e+01	2.934100e+04
2.689900e+01	2.913700e+04
2.695100e+01	2.970100e+04
2.700100e+01	2.955600e+04
2.705100e+01	2.939800e+04
2.710000e+01	2.940300e+04
2.715100e+01	2.847200e+04
2.720000e+01	2.830100e+04
2.725100e+01	2.868100e+04
2.730000e+01	2.866700e+04
2.735100e+01	2.892200e+04
2.740100e+01	2.852200e+04
2.745200e+01	2.874400e+04
2.750100e+01	2.914500e+04
2.755100e+01	2.928600e+04
2.760200e+01	2.967400e+04
2.765200e+01	2.927900e+04
2.770200e+01	2.920700e+04
2.775100e+01	2.905600e+04
2.780100e+01	2.956400e+04
2.785200e+01	2.942300e+04
2.790200e+01	2.951000e+04
2.795200e+01	2.923400e+04
2.800200e+01	2.906200e+04
2.805200e+01	2.932300e+04
2.810200e+01	2.953700e+04
2.815200e+01	2.881700e+04
2.820200e+01	2.851000e+04
2.825200e+01	2.834400e+04
2.830200e+01	2.874600e+04
2.835300e+01	2.868200e+04
2.840300e+01	2.893300e+04
2.845400e+01	2.910600e+04
2.850300e+01	2.896300e+04
2.855300e+01	2.875500e+04
2.860300e+01	2.857200e+04
2.865400e+01	2.928200e+04
2.870300e+01	2.933400e+04
2.875300e+01	2.939200e+04
2.880400e+01	2.897400e+04
2.885400e+01	2.930200e+04
2.890400e+01	2.932600e+04
2.895300e+01	2.947100e+04
2.900400e+01	2.938200e+04
2.905500e+01	2.977000e+04
2.910400e+01	2.929600e+04
2.915500e+01	2.853300e+04
2.920400e+01	2.801300e+04
2.925400e+01	2.852900e+04
2.930400e+01	2.860000e+04
2.935400e+01	2.869600e+04
2.940400e+01	2.883500e+04
2.945500e+01	2.862900e+04
2.950500e+01	2.962100e+04
2.955500e+01	2.919200e+04
2.960500e+01	2.932400e+04
2.965500e+01	2.903800e+04
2.970500e+01	2.919500e+04
2.975500e+01	2.924700e+04
2.980500e+01	2.900900e+04
2.985500e+01	2.922100e+04
2.990600e+01	2.946000e+04
2.995500e+01	2.949900e+04
3.000500e+01	2.950700e+04
3.005600e+01	2.945100e+04
3.010600e+01	2.948800e+04
3.015600e+01	2.886100e+04
3.020600e+01	2.833100e+04
3.025600e+01	2.849200e+04
3.030600e+01	2.845800e+04
3.035600e+01	2.931000e+04
3.040700e+01	2.847000e+04
3.045700e+01	2.934700e+04
3.050700e+01	2.856100e+04
3.055700e+01	2.932600e+04
3.060700e+01	2.925300e+04
3.065700e+01	2.949700e+04
3.070700e+01	2.919400e+04
3.075700e+01	2.962100e+04
3.080800e+01	2.934600e+04
3.085800e+01	2.933400e+04
3.090800e+01	2.955400e+04
3.095800e+01	2.944600e+04
3.100700e+01	2.923100e+04
3.105800e+01	2.901800e+04
3.110800e+01	2.950400e+04
3.115800e+01	2.833300e+04
3.120800e+01	2.904100e+04
3.125800e+01	2.838000e+04
3.130800e+01	2.882800e+04
3.135900e+01	2.867100e+04
3.140800e+01	2.910500e+04
3.145800e+01	2.888900e+04
3.150900e+01	2.953500e+04
3.155900e+01	2.883500e+04
3.160900e+01	2.911100e+04
3.166000e+01	2.896100e+04
3.170900e+01	2.918600e+04
3.175900e+01	2.972300e+04
3.180900e+01	2.935100e+04
3.185900e+01	2.979400e+04
3.191000e+01	2.919600e+04
3.195900e+01	2.945300e+04
3.200900e+01	2.931000e+04
3.206000e+01	2.988400e+04
3.211000e+01	2.954500e+04
3.216000e+01	2.850500e+04
3.220900e+01	2.773800e+04
3.226000e+01	2.887900e+04
3.231000e+01	2.860600e+04
3.236000e+01	2.939400e+04
3.241000e+01	2.870100e+04
3.246000e+01	2.919000e+04
3.251100e+01	2.886100e+04
3.256100e+01	2.935100e+04
3.261100e+01	2.926100e+04
3.266100e+01	2.943200e+04
3.271100e+01	2.977000e+04
3.276100e+01	2.886600e+04
3.281100e+01	2.942200e+04
3.286100e+01	2.901300e+04
3.291100e+01	2.987000e+04
3.296100e+01	2.964600e+04
3.301100e+01	2.949600e+04
3.306100e+01	2.937000e+04
3.311100e+01	2.964500e+04
3.316100e+01	2.863600e+04
3.321200e+01	2.891300e+04
3.326200e+01	2.844400e+04
3.331200e+01	2.886900e+04
3.336200e+01	2.853800e+04
3.341300e+01	2.873900e+04
3.346200e+01	2.907700e+04
3.351300e+01	2.930300e+04
3.356300e+01	2.966900e+04
3.361300e+01	2.939500e+04
3.366300e+01	2.928700e+04
3.371300e+01	2.916400e+04
3.376300e+01	2.991000e+04
3.381300e+01	2.931800e+04
3.386300e+01	2.969800e+04
3.391300e+01	2.938000e+04
3.396300e+01	2.951300e+04
3.401300e+01	2.939500e+04
3.406400e+01	2.936900e+04
3.411300e+01	2.940300e+04
3.416400e+01	2.871800e+04
3.421400e+01	2.849400e+04
3.426400e+01	2.877700e+04
3.431400e+01	2.866300e+04
3.436400e+01	2.909600e+04
3.441400e+01	2.927100e+04
3.446400e+01	2.929800e+04
3.451500e+01	2.918100e+04
3.456400e+01	2.905500e+04
3.461400e+01	2.940600e+04
3.466400e+01	2.922500e+04
3.471500e+01	2.954600e+04
3.476500e+01	2.933700e+04
3.481500e+01	2.985500e+04
3.486500e+01	2.982200e+04
3.491500e+01	2.971400e+04
3.496600e+01	2.948700e+04
3.501500e+01	2.980100e+04
3.506500e+01	2.957300e+04
3.511500e+01	2.995900e+04
3.516500e+01	2.840200e+04
3.521600e+01	2.859300e+04
3.526500e+01	2.863900e+04
3.531600e+01	2.910900e+04
3.536600e+01	2.908500e+04
3.541700e+01	2.934500e+04
3.546600e+01	2.980000e+04
3.551600e+01	2.934100e+04
3.556600e+01	2.938800e+04
3.561600e+01	2.904600e+04
3.566700e+01	2.991000e+04
3.571700e+01	2.966100e+04
3.576600e+01	2.954900e+04
3.581700e+01	2.893700e+04
3.586600e+01	2.957300e+04
3.591700e+01	3.009100e+04
3.596700e+01	2.988200e+04
3.601700e+01	2.988300e+04
3.606700e+01	2.984700e+04
3.611800e+01	2.954900e+04
3.616700e+01	2.860000e+04
3.621800e+01	2.846600e+04
3.626700e+01	2.898500e+04
3.631800e+01	2.935400e+04
3.636800e+01	2.882500e+04
3.641700e+01	2.939800e+04
3.646800e+01	2.886600e+04
3.651800e+01	2.983700e+04
3.656800e+01	2.957500e+04
3.661800e+01	2.939800e+04
3.666800e+01	2.924900e+04
3.671900e+01	2.953000e+04
3.676900e+01	2.978100e+04
3.681900e+01	2.987000e+04
3.686900e+01	2.949400e+04
3.691900e+01	2.970600e+04
3.696900e+01	2.933500e+04
3.701900e+01	2.968200e+04
3.706900e+01	2.972300e+04
3.711900e+01	2.977900e+04
3.716900e+01	2.886800e+04
3.722000e+01	2.868500e+04
3.726900e+01	2.914300e+04
3.731900e+01	2.894500e+04
3.736900e+01	2.941300e+04
3.741900e+01	2.956200e+04
3.746900e+01	2.927600e+04
3.752000e+01	2.932800e+04
3.757000e+01	2.920300e+04
3.762000e+01	2.974300e+04
3.767000e+01	2.960300e+04
3.772000e+01	2.952900e+04
3.777000e+01	2.988200e+04
3.782100e+01	2.970200e+04
3.787000e+01	2.991200e+04
3.792100e+01	2.979800e+04
3.797100e+01	3.011400e+04
3.802100e+01	3.024400e+04
3.807100e+01	2.994000e+04
3.812100e+01	2.980000e+04
3.817200e+01	2.798800e+04
3.822100e+01	2.923600e+04
3.827200e+01	2.900100e+04
3.832100e+01	2.951200e+04
3.837200e+01	2.913900e+04
3.842100e+01	2.961900e+04
3.847100e+01	2.928800e+04
3.852200e+01	2.945300e+04
3.857200e+01	2.977600e+04
3.862200e+01	2.985400e+04
3.867200e+01	2.977700e+04
3.872200e+01	2.969700e+04
3.877200e+01	2.944000e+04
3.882200e+01	2.974100e+04
3.887300e+01	3.054000e+04
3.892200e+01	2.989900e+04
3.897300e+01	3.011000e+04
3.902300e+01	2.976800e+04
3.907300e+01	3.014200e+04
3.912300e+01	3.028100e+04
3.917300e+01	2.898400e+04
3.922300e+01	2.904600e+04
3.927300e+01	2.899500e+04
3.932400e+01	2.936700e+04
3.937400e+01	2.933400e+04
3.942300e+01	2.953900e+04
3.947400e+01	2.961800e+04
3.952300e+01	2.958900e+04
3.957400e+01	2.954600e+04
3.962400e+01	3.003700e+04
3.967400e+01	2.985000e+04
3.972400e+01	3.007000e+04
3.977400e+01	2.991900e+04
3.982400e+01	2.998000e+04
3.987500e+01	2.950500e+04
3.992500e+01	3.010200e+04
3.997500e+01	2.964200e+04
4.002400e+01	2.997600e+04
4.007400e+01	2.976300e+04
4.012400e+01	2.991700e+04
4.017500e+01	2.914200e+04
4.022400e+01	2.937700e+04
4.027500e+01	2.924300e+04
4.032500e+01	2.923000e+04
4.037500e+01	2.955700e+04
4.042500e+01	2.942400e+04
4.047600e+01	2.993900e+04
4.052500e+01	2.941300e+04
4.057600e+01	2.987000e+04
4.062500e+01	2.954900e+04
4.067600e+01	2.980000e+04
4.072600e+01	2.967400e+04
4.077600e+01	3.022100e+04
4.082600e+01	3.011200e+04
4.087700e+01	3.007000e+04
4.092600e+01	2.965300e+04
4.097600e+01	3.023400e+04
4.102600e+01	3.038100e+04
4.107600e+01	3.044300e+04
4.112600e+01	2.963600e+04
4.117700e+01	2.901300e+04
4.122600e+01	2.894500e+04
4.127700e+01	2.912400e+04
4.132700e+01	2.966000e+04
4.137700e+01	2.952500e+04
4.142700e+01	3.006400e+04
4.147700e+01	2.973700e+04
4.152700e+01	3.011000e+04
4.157800e+01	2.959600e+04
4.162700e+01	3.005500e+04
4.167800e+01	3.004900e+04
4.172800e+01	3.029400e+04
4.177700e+01	2.945900e+04
4.182700e+01	3.003700e+04
4.187800e+01	3.042100e+04
4.192800e+01	3.028100e+04
4.197900e+01	3.010900e+04
4.202800e+01	3.012100e+04
4.207800e+01	3.020800e+04
4.212800e+01	2.983100e+04
4.217800e+01	2.925900e+04
4.222800e+01	2.925900e+04
4.227900e+01	2.967400e+04
4.232900e+01	2.956800e+04
4.237900e+01	2.935300e+04
4.242900e+01	2.950700e+04
4.248000e+01	3.027500e+04
4.252900e+01	2.983800e+04
4.257900e+01	3.007900e+04
4.262900e+01	2.972300e+04
4.268000e+01	3.004200e+04
4.273000e+01	3.024300e+04
4.278000e+01	3.010100e+04
4.282900e+01	3.003000e+04
4.287900e+01	3.023200e+04
4.293000e+01	3.023700e+04
4.298000e+01	2.995300e+04
4.303000e+01	3.006300e+04
4.308000e+01	3.032400e+04
4.313100e+01	2.997000e+04
4.318000e+01	2.965300e+04
4.323000e+01	2.930700e+04
4.328100e+01	2.944800e+04
4.333100e+01	2.988800e+04
4.338100e+01	2.959400e+04
4.343100e+01	3.017400e+04
4.348100e+01	2.928200e+04
4.353200e+01	3.026000e+04
4.358100e+01	3.024700e+04
4.363100e+01	3.037200e+04
4.368100e+01	2.997800e+04
4.373100e+01	2.988400e+04
4.378100e+01	3.055600e+04
4.383100e+01	3.023400e+04
4.388200e+01	3.034000e+04
4.393200e+01	3.014500e+04
4.398200e+01	3.066100e+04
4.403200e+01	3.008300e+04
4.408300e+01	3.024200e+04
4.413200e+01	2.949800e+04
4.418300e+01	2.931700e+04
4.423300e+01	2.904600e+04
4.428300e+01	2.980000e+04
4.433300e+01	2.943900e+04
4.438300e+01	3.004900e+04
4.443300e+01	3.003600e+04
4.448300e+01	3.004000e+04
4.453300e+01	2.961200e+04
4.458300e+01	3.021100e+04
4.463300e+01	2.990100e+04
4.468400e+01	3.054700e+04
4.473300e+01	3.000800e+04
4.478300e+01	3.000100e+04
4.483300e+01	3.012700e+04
4.488300e+01	2.991600e+04
4.493300e+01	3.055600e+04
4.498400e+01	3.027400e+04
4.503400e+01	3.074900e+04
4.508400e+01	3.045200e+04
4.513400e+01	2.962600e+04
4.518400e+01	2.887400e+04
4.523400e+01	2.977000e+04
4.528400e+01	2.994800e+04
4.533400e+01	2.982200e+04
4.538400e+01	2.912100e+04
4.543500e+01	2.991400e+04
4.548500e+01	3.012200e+04
4.553500e+01	3.050100e+04
4.558500e+01	3.015600e+04
4.563500e+01	3.007800e+04
4.568500e+01	3.039000e+04
4.573500e+01	3.002700e+04
4.578500e+01	3.030200e+04
4.583500e+01	3.052700e+04
4.588500e+01	3.060600e+04
4.593500e+01	3.037900e+04
4.598500e+01	3.029400e+04
4.603600e+01	2.997000e+04
4.608500e+01	3.081500e+04
4.613600e+01	2.994300e+04
4.618700e+01	2.936300e+04
4.623600e+01	2.916700e+04
4.628700e+01	2.965100e+04
4.633600e+01	2.973300e+04
4.638700e+01	3.000300e+04
4.643700e+01	2.994400e+04
4.648600e+01	2.994200e+04
4.653600e+01	2.998100e+04
4.658700e+01	2.991700e+04
4.663700e+01	3.014900e+04
4.668700e+01	3.025000e+04
4.673700e+01	3.050200e+04
4.678700e+01	3.015200e+04
4.683700e+01	3.032800e+04
4.688700e+01	3.023700e+04
4.693700e+01	3.078100e+04
4.698700e+01	3.043500e+04
4.703700e+01	3.063000e+04
4.708800e+01	3.039800e+04
4.713800e+01	3.004200e+04
4.718800e+01	2.923600e+04
4.723800e+01	2.981900e+04
4.728800e+01	2.956000e+04
4.733800e+01	2.966500e+04
4.738800e+01	2.987300e+04
4.743800e+01	3.014000e+04
4.748800e+01	3.033900e+04
4.753800e+01	3.008100e+04
4.758800e+01	3.077400e+04
4.763800e+01	3.016100e+04
4.768900e+01	3.060100e+04
4.773900e+01	3.001700e+04
4.778900e+01	3.026800e+04
4.783900e+01	3.036900e+04
4.788900e+01	3.063900e+04
4.793900e+01	2.993700e+04
4.798900e+01	3.043400e+04
4.803900e+01	3.059200e+04
4.809000e+01	3.075800e+04
4.814000e+01	2.998600e+04
4.819000e+01	2.919200e+04
4.824000e+01	2.974200e+04
4.829000e+01	2.976600e+04
4.834000e+01	3.024600e+04
4.839000e+01	2.985900e+04
4.844000e+01	3.036100e+04
4.849000e+01	2.991300e+04
4.854000e+01	3.031200e+04
4.859000e+01	3.019800e+04
4.864000e+01	3.038600e+04
4.869100e+01	3.071300e+04
4.874000e+01	3.044600e+04
4.879100e+01	3.037900e+04
4.884100e+01	3.049200e+04
4.889100e+01	3.059400e+04
4.894100e+01	3.053900e+04
4.899100e+01	3.049300e+04
4.904200e+01	3.030800e+04
4.909100e+01	3.086000e+04
4.914100e+01	2.974600e+04
4.919100e+01	2.982700e+04
4.924100e+01	2.944200e+04
4.929100e+01	3.013900e+04
4.934200e+01	2.987300e+04
4.939200e+01	3.015200e+04
4.944300e+01	3.029700e+04
4.949300e+01	3.064100e+04
4.954300e+01	3.052000e+04
4.959200e+01	3.017300e+04
4.964200e+01	3.036500e+04
4.969300e+01	3.043300e+04
4.974300e+01	3.061600e+04
4.979300e+01	3.084100e+04
4.984300e+01	3.092400e+04
4.989300e+01	3.061800e+04
4.994300e+01	3.101500e+04
4.999300e+01	3.076800e+04
5.004300e+01	3.115600e+04
5.009400e+01	3.078200e+04
5.014400e+01	3.016700e+04
5.019400e+01	2.925600e+04
5.024300e+01	2.973700e+04
5.029400e+01	2.970400e+04
5.034400e+01	3.032200e+04
5.039400e+01	3.020800e+04
5.044400e+01	3.054700e+04
5.049400e+01	3.008700e+04
5.054500e+01	3.052200e+04
5.059400e+01	3.096600e+04
5.064400e+01	3.077700e+04
5.069400e+01	3.087100e+04
5.074500e+01	3.029300e+04
5.079500e+01	3.079900e+04
5.084500e+01	3.070300e+04
5.089500e+01	3.093200e+04
5.094500e+01	3.070500e+04
5.099500e+01	3.088900e+04
5.104500e+01	3.084400e+04
5.109500e+01	3.067800e+04
5.114500e+01	3.015800e+04
5.119600e+01	3.000600e+04
5.124500e+01	3.000100e+04
5.129600e+01	2.993800e+04
5.134500e+01	2.965200e+04
5.139600e+01	3.015300e+04
5.144600e+01	3.043500e+04
5.149500e+01	3.063800e+04
5.154600e+01	3.046300e+04
5.159600e+01	3.024300e+04
5.164600e+01	3.080900e+04
5.169600e+01	3.071500e+04
5.174600e+01	3.073200e+04
5.179700e+01	3.086300e+04
5.184600e+01	3.090300e+04
5.189700e+01	3.092600e+04
5.194700e+01	3.093600e+04
5.199700e+01	3.064200e+04
5.204600e+01	3.115900e+04
5.209700e+01	3.103900e+04
5.214800e+01	2.998900e+04
5.219700e+01	2.969700e+04
5.224700e+01	3.016300e+04
5.229800e+01	3.020500e+04
5.234800e+01	3.033600e+04
5.239800e+01	3.001300e+04
5.244800e+01	3.032300e+04
5.249900e+01	3.080500e+04
5.254900e+01	3.037700e+04
5.259800e+01	3.037900e+04
5.264800e+01	3.040600e+04
5.269900e+01	3.079900e+04
5.274900e+01	3.075700e+04
5.279800e+01	3.089500e+04
5.284900e+01	3.063800e+04
5.289800e+01	3.103900e+04
5.294800e+01	3.081200e+04
5.299800e+01	3.079100e+04
5.304900e+01	3.052800e+04
5.310000e+01	3.118000e+04
5.314900e+01	3.027500e+04
5.319900e+01	2.964500e+04
5.325000e+01	2.998900e+04
5.330000e+01	2.989700e+04
5.334900e+01	3.060700e+04
5.339900e+01	3.041000e+04
5.344900e+01	3.074900e+04
5.350000e+01	3.049900e+04
5.354900e+01	3.075600e+04
5.360000e+01	3.075800e+04
5.365000e+01	3.097800e+04
5.370000e+01	3.077100e+04
5.375000e+01	3.086800e+04
5.380000e+01	3.070500e+04
5.385000e+01	3.103100e+04
5.390000e+01	3.088700e+04
5.395000e+01	3.134200e+04
5.400000e+01	3.118500e+04
5.405100e+01	3.092100e+04
5.410100e+01	3.106800e+04
5.415100e+01	3.014200e+04
5.420100e+01	3.037300e+04
5.425100e+01	3.029300e+04
5.430100e+01	3.057600e+04
5.435100e+01	2.978000e+04
5.440200e+01	3.055700e+04
5.445200e+01	3.036900e+04
5.450200e+01	3.105300e+04
5.455200e+01	3.046700e+04
5.460200e+01	3.106800e+04
5.465200e+01	3.100500e+04
5.470200e+01	3.068900e+04
5.475200e+01	3.075400e+04
5.480200e+01	3.107300e+04
5.485200e+01	3.111700e+04
5.490300e+01	3.113100e+04
5.495300e+01	3.065800e+04
5.500300e+01	3.098800e+04
5.505300e+01	3.144400e+04
5.510300e+01	3.115000e+04
5.515200e+01	3.056100e+04
5.520300e+01	2.986700e+04
5.525300e+01	3.042900e+04
5.530400e+01	3.029700e+04
5.535300e+01	3.065500e+04
5.540300e+01	3.048900e+04
5.545300e+01	3.090100e+04
5.550400e+01	3.105900e+04
5.555400e+01	3.123300e+04
5.560400e+01	3.046000e+04
5.565400e+01	3.103400e+04
5.570300e+01	3.136900e+04
5.575400e+01	3.092500e+04
5.580300e+01	3.101100e+04
5.585300e+01	3.097700e+04
5.590400e+01	3.121700e+04
5.595400e+01	3.106200e+04
5.600500e+01	3.175400e+04
5.605500e+01	3.084600e+04
5.610500e+01	3.143800e+04
5.615400e+01	3.024800e+04
5.620500e+01	3.009100e+04
5.625500e+01	3.009300e+04
5.630500e+01	3.092200e+04
5.635500e+01	3.026000e+04
5.640500e+01	3.084300e+04
5.645500e+01	3.063800e+04
5.650500e+01	3.089900e+04
5.655600e+01	3.129600e+04
5.660600e+01	3.072000e+04
5.665600e+01	3.100700e+04
5.670600e+01	3.069400e+04
5.675600e+01	3.118700e+04
5.680500e+01	3.137400e+04
5.685700e+01	3.130100e+04
5.690600e+01	3.103300e+04
5.695600e+01	3.139900e+04
5.700600e+01	3.104800e+04
5.705600e+01	3.183900e+04
5.710600e+01	3.101000e+04
5.715600e+01	3.086500e+04
5.720700e+01	2.991000e+04
5.725700e+01	3.045700e+04
5.730700e+01	3.041400e+04
5.735700e+01	3.038800e+04
5.740700e+01	3.090500e+04
5.745700e+01	3.079800e+04
5.750800e+01	3.076900e+04
5.755800e+01	3.076200e+04
5.760700e+01	3.129800e+04
5.765800e+01	3.119100e+04
5.770800e+01	3.121500e+04
5.775800e+01	3.078000e+04
5.780800e+01	3.139200e+04
5.785800e+01	3.109500e+04
5.790800e+01	3.148200e+04
5.795900e+01	3.084000e+04
5.800800e+01	3.121700e+04
5.805800e+01	3.126700e+04
5.810900e+01	3.122700e+04
5.815800e+01	3.053000e+04
5.820800e+01	3.036400e+04
5.825800e+01	3.084600e+04
5.830800e+01	3.040000e+04
5.835800e+01	3.039700e+04
5.840900e+01	3.062700e+04
5.845900e+01	3.103100e+04
5.850900e+01	3.110400e+04
5.856000e+01	3.079100e+04
5.861000e+01	3.036100e+04
5.865900e+01	3.122400e+04
5.871000e+01	3.096800e+04
5.875900e+01	3.145400e+04
5.880900e+01	3.118100e+04
5.885900e+01	3.135600e+04
5.891000e+01	3.121000e+04
5.896000e+01	3.121800e+04
5.901000e+01	3.161400e+04
5.906000e+01	3.143000e+04
5.911000e+01	3.152800e+04
5.916000e+01	3.008300e+04
5.921000e+01	3.006800e+04
5.926000e+01	3.013300e+04
5.931000e+01	3.088600e+04
5.936100e+01	3.070400e+04
5.941100e+01	3.074400e+04
5.946100e+01	3.061200e+04
5.951100e+01	3.117500e+04
5.956100e+01	3.087800e+04
5.961100e+01	3.140700e+04
5.966100e+01	3.092100e+04
5.971100e+01	3.116100e+04
5.976100e+01	3.079300e+04
5.981100e+01	3.124300e+04
5.986200e+01	3.102400e+04
5.991100e+01	3.140500e+04
5.996200e+01	3.136900e+04
6.001200e+01	3.127200e+04
6.006200e+01	3.130900e+04
6.011200e+01	3.127100e+04
6.016200e+01	3.072800e+04
6.021300e+01	3.064100e+04
6.026200e+01	3.070600e+04
6.031300e+01	3.037500e+04
6.036200e+01	3.045900e+04
6.041300e+01	3.067200e+04
6.046300e+01	3.095700e+04
6.051300e+01	3.083800e+04
6.056300e+01	3.100800e+04
6.061400e+01	3.099500e+04
6.066300e+01	3.121500e+04
6.071300e+01	3.078600e+04
6.076300e+01	3.158900e+04
6.081300e+01	3.106300e+04
6.086300e+01	3.166900e+04
6.091400e+01	3.109700e+04
6.096400e+01	3.094000e+04
6.101400e+01	3.126100e+04
6.106300e+01	3.112500e+04
6.111400e+01	3.140400e+04
6.116400e+01	3.004300e+04
6.121500e+01	3.049300e+04
6.126400e+01	3.048400e+04
6.131500e+01	3.046000e+04
6.136400e+01	3.063900e+04
6.141500e+01	3.084900e+04
6.146400e+01	3.116700e+04
6.151500e+01	3.134600e+04
6.156500e+01	3.048400e+04
6.161500e+01	3.129400e+04
6.166600e+01	3.086700e+04
6.171500e+01	3.108900e+04
6.176500e+01	3.130000e+04
6.181500e+01	3.134200e+04
6.186500e+01	3.146500e+04
6.191600e+01	3.104800e+04
6.196600e+01	3.124400e+04
6.201600e+01	3.131200e+04
6.206600e+01	3.168000e+04
6.211600e+01	3.120400e+04
6.216600e+01	2.963900e+04
6.221600e+01	2.983800e+04
6.226600e+01	3.048600e+04
6.231600e+01	3.042500e+04
6.236600e+01	3.081800e+04
6.241600e+01	3.046800e+04
6.246700e+01	3.102400e+04
6.251600e+01	3.081600e+04
6.256600e+01	3.082800e+04
6.261600e+01	3.105400e+04
6.266700e+01	3.115700e+04
6.271700e+01	3.129500e+04
6.276700e+01	3.058700e+04
6.281700e+01	3.123400e+04
6.286800e+01	3.116100e+04
6.291800e+01	3.155500e+04
6.296700e+01	3.117500e+04
6.301700e+01	3.112600e+04
6.306800e+01	3.117200e+04
6.311700e+01	3.171800e+04
6.316800e+01	3.046600e+04
6.321800e+01	3.053700e+04
6.326800e+01	3.050700e+04
6.331800e+01	3.034300e+04
6.336800e+01	3.037600e+04
6.341800e+01	3.059800e+04
6.346800e+01	3.102500e+04
6.351800e+01	3.073400e+04
6.356800e+01	3.105100e+04
6.361900e+01	3.067400e+04
6.366800e+01	3.126700e+04
6.371900e+01	3.057900e+04
6.376900e+01	3.145700e+04
6.381900e+01	3.132400e+04
6.386900e+01	3.107300e+04
6.392000e+01	3.096400e+04
6.396900e+01	3.105000e+04
6.401900e+01	3.115500e+04
6.406900e+01	3.144400e+04
6.412000e+01	3.134200e+04
6.417000e+01	3.012100e+04
6.422000e+01	3.020400e+04
6.427000e+01	3.004300e+04
6.432000e+01	3.067200e+04
6.437000e+01	3.051800e+04
6.442100e+01	3.119000e+04
6.447100e+01	3.073500e+04
6.452000e+01	3.057700e+04
6.457000e+01	3.033800e+04
6.462100e+01	3.113900e+04
6.467000e+01	3.136800e+04
6.472100e+01	3.119200e+04
6.477100e+01	3.072900e+04
6.482100e+01	3.110900e+04
6.487100e+01	3.114900e+04
6.492200e+01	3.147900e+04
6.497100e+01	3.125600e+04
6.502100e+01	3.114400e+04
6.507100e+01	3.130300e+04
6.512100e+01	3.084800e+04
6.517200e+01	3.046200e+04
6.522200e+01	3.026200e+04
6.527100e+01	3.039900e+04
6.532300e+01	3.027800e+04
6.537200e+01	3.055600e+04
6.542200e+01	3.029200e+04
6.547200e+01	3.127100e+04
6.552200e+01	3.077600e+04
6.557300e+01	3.101500e+04
6.562300e+01	3.051400e+04
6.567300e+01	3.109900e+04
6.572200e+01	3.082100e+04
6.577200e+01	3.111300e+04
6.582200e+01	3.102400e+04
6.587300e+01	3.145400e+04
6.592300e+01	3.122000e+04
6.597300e+01	3.110900e+04
6.602400e+01	3.134400e+04
6.607300e+01	3.109900e+04
6.612300e+01	3.156300e+04
6.617300e+01	3.011900e+04
6.622300e+01	3.034400e+04
6.627300e+01	3.024100e+04
6.632300e+01	3.070600e+04
6.637400e+01	3.049400e+04
6.642400e+01	3.060600e+04
6.647300e+01	3.052700e+04
6.652400e+01	3.096500e+04
6.657400e+01	3.083900e+04
6.662500e+01	3.117300e+04
6.667400e+01	3.069800e+04
6.672400e+01	3.108800e+04
6.677400e+01	3.108400e+04
6.682400e+01	3.082100e+04
6.687400e+01	3.147000e+04
6.692500e+01	3.078700e+04
6.697500e+01	3.107000e+04
6.702500e+01	3.095700e+04
6.707500e+01	3.133500e+04
6.712600e+01	3.102800e+04
6.717500e+01	3.033800e+04
6.722500e+01	3.026200e+04
6.727600e+01	3.020200e+04
6.732600e+01	3.011000e+04
6.737600e+01	3.080300e+04
6.742600e+01	3.054100e+04
6.747600e+01	3.083400e+04
6.752600e+01	3.031300e+04
6.757600e+01	3.083200e+04
6.762600e+01	3.097000e+04
6.767600e+01	3.077100e+04
6.772700e+01	3.101000e+04
6.777600e+01	3.111600e+04
6.782700e+01	3.106600e+04
6.787700e+01	3.087100e+04
6.792700e+01	3.120500e+04
6.797700e+01	3.067200e+04
6.802700e+01	3.150800e+04
6.807700e+01	3.088200e+04
6.812700e+01	3.057600e+04
6.817700e+01	2.966100e+04
6.822700e+01	3.021300e+04
6.827700e+01	3.034000e+04
6.832800e+01	3.056400e+04
6.837800e+01	3.047000e+04
6.842800e+01	3.045900e+04
6.847700e+01	3.099400e+04
6.852800e+01	3.096400e+04
6.857800e+01	3.109800e+04
6.862800e+01	3.069500e+04
6.867900e+01	3.092700e+04
6.872800e+01	3.044600e+04
6.877800e+01	3.112400e+04
6.882800e+01	3.074700e+04
6.887800e+01	3.133200e+04
6.892900e+01	3.085800e+04
6.897800e+01	3.104000e+04
6.902900e+01	3.091500e+04
6.907900e+01	3.093900e+04
6.913000e+01	3.101200e+04
6.917900e+01	3.013500e+04
6.922900e+01	2.994900e+04
6.928000e+01	3.012600e+04
6.932900e+01	3.033300e+04
6.937900e+01	3.017000e+04
6.943000e+01	3.064100e+04
6.947900e+01	3.052400e+04
6.952900e+01	3.085000e+04
6.958000e+01	3.034200e+04
6.963000e+01	3.073000e+04
6.968000e+01	3.091500e+04
6.973000e+01	3.104400e+04
6.978000e+01	3.068900e+04
6.983100e+01	3.087000e+04
6.988000e+01	3.073800e+04
6.993100e+01	3.113200e+04
6.998100e+01	3.081200e+04
7.003100e+01	3.119500e+04
7.008100e+01	3.110400e+04
7.013100e+01	3.064600e+04
7.018100e+01	3.005200e+04
7.023100e+01	3.008500e+04
7.028100e+01	3.027000e+04
7.033100e+01	2.999600e+04
7.038200e+01	3.028300e+04
7.043200e+01	3.028200e+04
7.048200e+01	3.087600e+04
7.053200e+01	2.997700e+04
7.058200e+01	3.083300e+04
7.063200e+01	3.035300e+04
7.068200e+01	3.095000e+04
7.073200e+01	3.046600e+04
7.078200e+01	3.095900e+04
7.083200e+01	3.081600e+04
7.088300e+01	3.115100e+04
7.093300e+01	3.081100e+04
7.098300e+01	3.094200e+04
7.103300e+01	3.101400e+04
7.108300e+01	3.125100e+04
7.113200e+01	3.077700e+04
7.118300e+01	2.989400e+04
7.123300e+01	3.009400e+04
7.128300e+01	3.029200e+04
7.133300e+01	3.036500e+04
7.138400e+01	3.030100e+04
7.143300e+01	3.061100e+04
7.148400e+01	3.013800e+04
7.153400e+01	3.095700e+04
7.158400e+01	3.046200e+04
7.163300e+01	3.107700e+04
7.168500e+01	3.063700e+04
7.173400e+01	3.078700e+04
7.178400e+01	3.050200e+04
7.183500e+01	3.084900e+04
7.188400e+01	3.084200e+04
7.193400e+01	3.082300e+04
7.198400e+01	3.090800e+04
7.203400e+01	3.087400e+04
7.208400e+01	3.096900e+04
7.213400e+01	3.069400e+04
7.218500e+01	2.947700e+04
7.223500e+01	3.002600e+04
7.228500e+01	3.012900e+04
7.233500e+01	3.001600e+04
7.238500e+01	3.021100e+04
7.243500e+01	3.013100e+04
7.248500e+01	3.068200e+04
7.253500e+01	3.047100e+04
7.258500e+01	3.064900e+04
7.263600e+01	3.044400e+04
7.268600e+01	3.056200e+04
7.273600e+01	3.089300e+04
7.278500e+01	3.095900e+04
7.283600e+01	3.103500e+04
7.288600e+01	3.079800e+04
7.293700e+01	3.081800e+04
7.298600e+01	3.054100e+04
7.303600e+01	3.102900e+04
7.308700e+01	3.084700e+04
7.313600e+01	3.066100e+04
7.318600e+01	2.958400e+04
7.323700e+01	2.983300e+04
7.328700e+01	2.971700e+04
7.333700e+01	3.023200e+04
7.338700e+01	3.051000e+04
7.343700e+01	3.025500e+04
7.348700e+01	3.026800e+04
7.353800e+01	3.007100e+04
7.358700e+01	3.073800e+04
7.363800e+01	3.052700e+04
7.368800e+01	3.077900e+04
7.373700e+01	3.045600e+04
7.378800e+01	3.093100e+04
7.383800e+01	3.057600e+04
7.388800e+01	3.113000e+04
7.393800e+01	3.045300e+04
7.398800e+01	3.090700e+04
7.403800e+01	3.052400e+04
7.408800e+01	3.091600e+04
7.413900e+01	3.019200e+04
7.418800e+01	2.961800e+04
7.423800e+01	3.010800e+04
7.428800e+01	2.987600e+04
7.433800e+01	3.012400e+04
7.438800e+01	3.006700e+04
7.443900e+01	3.038700e+04
7.448900e+01	3.040700e+04
7.453900e+01	3.054100e+04
7.459000e+01	3.034200e+04
7.464000e+01	3.078100e+04
7.468900e+01	3.019500e+04
7.474000e+01	3.072200e+04
7.479000e+01	3.031200e+04
7.484000e+01	3.079000e+04
7.488900e+01	3.048100e+04
7.494000e+01	3.048900e+04
7.499000e+01	3.094700e+04
7.504000e+01	3.078000e+04
7.509000e+01	3.072800e+04
7.514000e+01	3.029400e+04
7.519100e+01	2.960600e+04
7.524100e+01	2.977400e+04
7.529000e+01	2.995900e+04
7.534100e+01	2.984600e+04
7.539100e+01	3.014100e+04
7.544100e+01	3.004400e+04
7.549100e+01	3.040400e+04
7.554100e+01	3.024600e+04
7.559100e+01	3.026200e+04
7.564100e+01	3.016800e+04
7.569200e+01	3.075500e+04
7.574100e+01	3.074800e+04
7.579100e+01	3.062800e+04
7.584200e+01	3.060600e+04
7.589200e+01	3.084700e+04
7.594100e+01	3.042700e+04
7.599200e+01	3.043600e+04
7.604200e+01	3.059600e+04
7.609200e+01	3.067400e+04
7.614200e+01	3.045600e+04
7.619200e+01	2.931900e+04
7.624200e+01	2.964500e+04
7.629300e+01	2.963700e+04
7.634300e+01	3.011600e+04
7.639300e+01	2.997100e+04
7.644300e+01	3.004900e+04
7.649200e+01	3.008800e+04
7.654300e+01	2.994500e+04
7.659300e+01	2.996200e+04
7.664300e+01	3.019800e+04
7.669300e+01	3.045200e+04
7.674300e+01	3.058100e+04
7.679400e+01	3.042700e+04
7.684300e+01	3.000000e+04
7.689400e+01	3.050800e+04
7.694400e+01	3.070800e+04
7.699400e+01	3.071100e+04
7.704400e+01	3.068200e+04
7.709400e+01	3.020900e+04
7.714400e+01	2.962500e+04
7.719400e+01	2.964000e+04
7.724400e+01	2.943600e+04
7.729400e+01	3.000500e+04
7.734500e+01	2.947500e+04
7.739500e+01	2.998300e+04
7.744500e+01	2.982800e+04
7.749400e+01	2.986100e+04
7.754500e+01	3.017100e+04
7.759500e+01	3.046500e+04
7.764500e+01	3.035800e+04
7.769600e+01	3.002100e+04
7.774500e+01	2.983700e+04
7.779500e+01	3.032100e+04
7.784500e+01	3.046900e+04
7.789500e+01	3.081500e+04
7.794600e+01	3.074700e+04
7.799600e+01	3.017800e+04
7.804600e+01	3.087100e+04
7.809600e+01	3.044200e+04
7.814600e+01	3.032900e+04
7.819700e+01	2.929000e+04
7.824700e+01	2.936900e+04
7.829600e+01	2.955000e+04
7.834600e+01	2.964500e+04
7.839600e+01	2.978400e+04
7.844600e+01	3.028100e+04
7.849700e+01	2.977000e+04
7.854700e+01	3.032800e+04
7.859700e+01	2.998100e+04
7.864700e+01	3.022400e+04
7.869700e+01	3.060000e+04
7.874700e+01	3.024500e+04
7.879700e+01	3.060000e+04
7.884700e+01	2.987800e+04
7.889700e+01	3.057600e+04
7.894800e+01	3.020400e+04
7.899700e+01	3.084600e+04
7.904800e+01	3.045500e+04
7.909700e+01	3.053900e+04
7.914800e+01	3.010400e+04
7.919800e+01	2.952700e+04
7.924800e+01	2.954200e+04
7.929800e+01	3.003400e+04
7.934800e+01	2.966300e+04
7.939800e+01	2.985700e+04
7.944800e+01	2.992300e+04
7.949900e+01	3.001600e+04
7.954900e+01	3.008700e+04
7.959900e+01	3.035100e+04
7.964900e+01	3.036500e+04
7.969900e+01	3.007400e+04
7.974900e+01	3.065200e+04
7.979900e+01	3.031800e+04
7.984900e+01	3.063000e+04
7.989900e+01	3.052700e+04
7.994900e+01	3.058300e+04
7.999900e+01	3.041700e+04
8.004900e+01	3.065100e+04
8.010000e+01	3.038300e+04
8.015000e+01	2.995300e+04
8.020000e+01	2.933000e+04
8.025000e+01	2.979000e+04
8.029900e+01	2.986200e+04
8.035000e+01	3.012300e+04
8.040000e+01	3.019600e+04
8.045100e+01	3.012400e+04
8.050000e+01	3.034100e+04
8.055100e+01	3.006900e+04
8.060100e+01	3.083900e+04
8.065100e+01	3.032200e+04
8.070100e+01	3.055200e+04
8.075100e+01	2.981400e+04
8.080100e+01	3.063100e+04
8.085100e+01	3.036300e+04
8.090100e+01	3.091900e+04
8.095100e+01	3.061400e+04
8.100100e+01	3.060000e+04
8.105100e+01	3.040500e+04
8.110100e+01	3.066800e+04
8.115100e+01	3.027300e+04
8.120200e+01	2.962400e+04
8.125100e+01	2.965300e+04
8.130100e+01	2.955100e+04
8.135300e+01	2.951400e+04
8.140200e+01	2.968600e+04
8.145200e+01	3.069200e+04
8.150200e+01	3.000000e+04
8.155200e+01	3.062200e+04
8.160200e+01	2.985000e+04
8.165300e+01	3.011600e+04
8.170300e+01	3.000000e+04
8.175200e+01	3.073900e+04
8.180200e+01	3.054000e+04
8.185200e+01	3.035400e+04
8.190300e+01	3.013800e+04
8.195300e+01	2.997900e+04
8.200300e+01	3.066500e+04
8.205300e+01	3.029000e+04
8.210300e+01	3.062600e+04
8.215300e+01	2.986400e+04
8.220400e+01	2.944600e+04
8.225400e+01	2.911400e+04
8.230300e+01	2.992000e+04
8.235400e+01	2.997000e+04
8.240400e+01	3.003200e+04
8.245400e+01	2.970700e+04
8.250400e+01	3.006300e+04
8.255400e+01	2.980000e+04
8.260400e+01	3.034900e+04
8.265400e+01	3.034900e+04
8.270400e+01	3.056500e+04
8.275500e+01	3.016800e+04
8.280500e+01	3.007800e+04
8.285500e+01	3.040100e+04
8.290400e+01	3.070100e+04
8.295500e+01	3.100600e+04
8.300500e+01	3.054000e+04
8.305500e+01	3.038300e+04
8.310500e+01	3.004900e+04
8.315500e+01	3.001200e+04
8.320500e+01	2.970000e+04
8.325600e+01	2.956900e+04
8.330600e+01	2.931900e+04
8.335600e+01	2.971200e+04
8.340600e+01	2.983400e+04
8.345600e+01	3.016600e+04
8.350600e+01	3.020400e+04
8.355600e+01	3.025700e+04
8.360600e+01	3.010700e+04
8.365600e+01	2.980000e+04
8.370600e+01	3.021600e+04
8.375700e+01	2.997400e+04
8.380700e+01	3.057300e+04
8.385700e+01	3.048600e+04
8.390700e+01	3.038500e+04
8.395800e+01	3.007400e+04
8.400700e+01	3.074800e+04
8.405700e+01	3.025600e+04
8.410700e+01	3.034400e+04
8.415700e+01	2.933500e+04
8.420700e+01	2.947800e+04
8.425800e+01	2.970900e+04
8.430800e+01	2.966400e+04
8.435700e+01	2.953900e+04
8.440700e+01	2.993200e+04
8.445800e+01	2.987000e+04
8.450800e+01	2.992100e+04
8.455800e+01	3.011900e+04
8.460800e+01	3.023000e+04
8.465800e+01	3.033900e+04
8.470800e+01	3.001300e+04
8.475800e+01	3.037200e+04
8.480800e+01	3.026300e+04
8.485900e+01	3.065800e+04
8.490800e+01	3.001600e+04
8.495800e+01	3.025600e+04
8.500900e+01	3.030500e+04
8.505900e+01	3.038800e+04
8.510900e+01	3.037600e+04
8.515900e+01	2.971300e+04
8.520900e+01	2.920900e+04
8.526000e+01	2.957000e+04
8.530900e+01	2.961200e+04
8.535900e+01	2.980800e+04
8.540900e+01	2.989100e+04
8.545900e+01	3.003300e+04
8.551000e+01	2.982600e+04
8.555900e+01	3.000300e+04
8.561000e+01	3.016100e+04
8.566000e+01	3.012000e+04
8.571000e+01	3.067600e+04
8.576000e+01	3.018900e+04
8.581000e+01	3.036300e+04
8.586100e+01	3.036500e+04
8.591000e+01	3.051700e+04
8.596000e+01	3.030700e+04
8.601100e+01	3.035700e+04
8.606000e+01	3.046400e+04
8.611100e+01	3.019800e+04
8.616000e+01	2.924700e+04
8.621000e+01	2.935900e+04
8.626100e+01	2.957700e+04
8.631100e+01	2.983000e+04
8.636100e+01	2.986800e+04
8.641200e+01	2.954800e+04
8.646200e+01	2.985700e+04
8.651200e+01	2.999900e+04
8.656200e+01	3.020200e+04
8.661100e+01	3.005800e+04
8.666200e+01	3.003200e+04
8.671200e+01	2.998700e+04
8.676100e+01	3.045900e+04
8.681200e+01	3.055200e+04
8.686300e+01	3.023900e+04
8.691200e+01	3.011900e+04
8.696300e+01	3.009200e+04
8.701200e+01	3.048000e+04
8.706200e+01	3.035600e+04
8.711300e+01	3.033400e+04
8.716300e+01	2.957500e+04
8.721300e+01	2.902400e+04
8.726300e+01	2.933400e+04
8.731300e+01	2.934200e+04
8.736300e+01	2.954900e+04
8.741300e+01	3.014700e+04
8.746400e+01	2.951200e+04
8.751400e+01	2.994100e+04
8.756300e+01	2.990900e+04
8.761300e+01	3.037400e+04
8.766300e+01	3.024500e+04
8.771400e+01	3.017000e+04
8.776400e+01	3.024600e+04
8.781400e+01	3.007300e+04
8.786400e+01	3.056000e+04
8.791400e+01	3.002400e+04
8.796400e+01	3.041300e+04
8.801500e+01	3.034600e+04
8.806400e+01	3.041000e+04
8.811400e+01	3.035400e+04
8.816500e+01	2.958500e+04
8.821400e+01	2.926900e+04
8.826500e+01	2.989400e+04
8.831400e+01	2.952100e+04
8.836500e+01	2.972500e+04
8.841500e+01	2.928700e+04
8.846400e+01	2.997200e+04
8.851500e+01	2.958000e+04
8.856600e+01	3.021800e+04
8.861600e+01	2.989700e+04
8.866600e+01	3.001200e+04
8.871500e+01	3.021700e+04
8.876500e+01	3.014600e+04
8.881600e+01	3.039400e+04
8.886600e+01	3.041100e+04
8.891600e+01	3.039900e+04
8.896600e+01	3.017600e+04
8.901600e+01	3.030900e+04
8.906600e+01	3.034000e+04
8.911700e+01	3.056000e+04
8.916700e+01	2.924000e+04
8.921700e+01	2.951800e+04
8.926700e+01	2.922300e+04
8.931700e+01	2.970000e+04
8.936700e+01	2.984500e+04
8.941700e+01	2.996000e+04
8.946700e+01	2.972800e+04
8.951700e+01	2.995400e+04
8.956700e+01	3.017100e+04
8.961700e+01	3.028200e+04
8.966800e+01	3.000700e+04
8.971700e+01	2.999900e+04
8.976700e+01	3.014200e+04
8.981700e+01	3.019100e+04
8.986700e+01	3.032900e+04
8.991800e+01	3.032500e+04
8.996800e+01	3.046200e+04
9.001800e+01	3.017800e+04
9.006800e+01	3.045500e+04
9.011800e+01	3.034800e+04
9.016800e+01	2.958500e+04
9.021800e+01	2.940300e+04
9.026800e+01	2.953400e+04
9.031800e+01	2.921100e+04
9.036800e+01	2.981700e+04
9.041800e+01	3.005300e+04
9.046900e+01	3.004600e+04
9.051900e+01	3.017600e+04
9.057000e+01	3.003800e+04
9.061900e+01	3.030400e+04
9.066900e+01	3.004600e+04
9.071900e+01	3.064400e+04
9.076900e+01	3.003900e+04
9.082000e+01	3.071000e+04
9.086900e+01	3.015600e+04
9.091900e+01	3.008600e+04
9.097000e+01	3.008900e+04
9.102000e+01	3.050400e+04
9.107000e+01	3.047000e+04
9.112100e+01	3.044100e+04
9.117000e+01	2.887000e+04
9.122100e+01	2.920700e+04
9.127000e+01	2.945500e+04
9.132000e+01	2.994800e+04
9.137100e+01	3.000200e+04
9.142100e+01	2.952000e+04
9.147200e+01	2.992600e+04
9.152100e+01	2.974200e+04
9.157100e+01	3.027400e+04
9.162100e+01	3.006700e+04
9.167100e+01	3.042600e+04
9.172100e+01	3.015700e+04
9.177100e+01	3.047200e+04
9.182100e+01	3.008600e+04
9.187200e+01	3.045900e+04
9.192200e+01	3.055800e+04
9.197200e+01	3.050900e+04
9.202200e+01	3.025200e+04
9.207200e+01	3.022500e+04
9.212200e+01	3.031600e+04
9.217200e+01	2.969900e+04
9.222200e+01	2.976400e+04
9.227200e+01	2.958700e+04
9.232200e+01	2.997300e+04
9.237300e+01	2.972200e+04
9.242200e+01	3.027200e+04
9.247300e+01	2.976400e+04
9.252300e+01	3.043700e+04
9.257300e+01	3.006900e+04
9.262300e+01	3.058300e+04
9.267300e+01	3.025900e+04
9.272300e+01	3.011300e+04
9.277300e+01	3.030400e+04
9.282300e+01	3.053000e+04
9.287400e+01	3.019300e+04
9.292300e+01	3.029000e+04
9.297300e+01	3.063700e+04
9.302400e+01	3.090900e+04
9.307400e+01	3.053900e+04
9.312400e+01	2.973500e+04
9.317400e+01	2.980200e+04
9.322400e+01	2.944800e+04
9.327500e+01	3.020100e+04
9.332400e+01	2.947000e+04
9.337400e+01	3.038900e+04
9.342500e+01	2.991900e+04
9.347500e+01	3.053500e+04
9.352500e+01	3.074200e+04
9.357500e+01	3.049700e+04
9.362500e+01	3.022600e+04
9.367500e+01	3.038100e+04
9.372400e+01	3.039000e+04
9.377400e+01	3.052900e+04
9.382500e+01	3.070800e+04
9.387600e+01	3.063500e+04
9.392600e+01	3.028600e+04
9.397500e+01	3.057400e+04
9.402500e+01	3.093300e+04
9.407500e+01	3.050600e+04
9.412500e+01	3.070800e+04
9.417600e+01	2.957800e+04
9.422600e+01	2.978700e+04
9.427600e+01	2.973700e+04
9.432600e+01	2.990200e+04
9.437600e+01	2.999000e+04
9.442600e+01	3.051500e+04
9.447700e+01	2.985900e+04
9.452700e+01	3.017300e+04
9.457600e+01	2.987900e+04
9.462600e+01	3.054400e+04
9.467700e+01	3.032900e+04
9.472700e+01	3.050700e+04
9.477700e+01	3.047600e+04
9.482700e+01	3.037900e+04
9.487700e+01	3.093000e+04
9.492700e+01	3.022100e+04
9.497700e+01	3.105400e+04
9.502800e+01	3.066900e+04
9.507700e+01	3.063400e+04
9.512700e+01	3.019700e+04
9.517800e+01	2.995700e+04
9.522800e+01	2.996800e+04
9.527800e+01	2.992000e+04
9.532800e+01	2.985800e+04
9.537800e+01	3.034900e+04
9.542800e+01	2.984300e+04
9.547800e+01	3.026100e+04
9.552800e+01	3.029200e+04
9.557800e+01	3.073200e+04
9.562800e+01	3.038000e+04
9.567800e+01	3.017300e+04
9.572800e+01	3.043100e+04
9.577900e+01	3.070700e+04
9.582900e+01	3.098600e+04
9.587900e+01	3.061500e+04
9.592900e+01	3.072100e+04
9.597900e+01	3.089900e+04
9.602900e+01	3.096700e+04
9.608000e+01	3.081600e+04
9.612900e+01	3.094900e+04
9.617900e+01	2.984500e+04
9.623000e+01	2.995100e+04
9.627900e+01	2.968900e+04
9.632900e+01	3.038900e+04
9.638000e+01	3.032800e+04
9.643000e+01	3.047900e+04
9.648000e+01	3.026800e+04
9.653000e+01	3.023900e+04
9.658100e+01	3.079700e+04
9.663000e+01	3.055400e+04
9.668100e+01	3.088800e+04
9.673100e+01	3.054800e+04
9.678100e+01	3.083600e+04
9.683100e+01	3.069200e+04
9.688100e+01	3.077700e+04
9.693100e+01	3.047900e+04
9.698100e+01	3.119400e+04
9.703100e+01	3.076900e+04
9.708200e+01	3.070100e+04
9.713100e+01	3.060500e+04
9.718100e+01	2.985800e+04
9.723200e+01	3.013000e+04
9.728100e+01	3.018600e+04
9.733100e+01	3.029300e+04
9.738200e+01	3.013000e+04
9.743200e+01	3.040300e+04
9.748200e+01	3.073600e+04
9.753200e+01	3.070000e+04
9.758200e+01	3.048900e+04
9.763300e+01	3.082100e+04
9.768200e+01	3.053500e+04
9.773200e+01	3.148100e+04
9.778300e+01	3.086100e+04
9.783300e+01	3.127400e+04
9.788200e+01	3.081200e+04
9.793300e+01	3.106200e+04
9.798300e+01	3.090800e+04
9.803300e+01	3.116200e+04
9.808300e+01	3.101100e+04
9.813300e+01	3.101100e+04
9.818300e+01	2.980600e+04
9.823300e+01	2.998400e+04
9.828400e+01	3.033000e+04
9.833400e+01	3.066000e+04
9.838400e+01	3.043500e+04
9.843400e+01	3.042600e+04
9.848400e+01	3.055300e+04
9.853300e+01	3.069900e+04
9.858400e+01	3.117100e+04
9.863400e+01	3.071000e+04
9.868400e+01	3.089900e+04
9.873400e+01	3.055500e+04
9.878400e+01	3.105600e+04
9.883500e+01	3.103600e+04
9.888500e+01	3.095100e+04
9.893500e+01	3.113400e+04
9.898500e+01	3.124400e+04
9.903500e+01	3.103300e+04
9.908500e+01	3.083600e+04
9.913500e+01	3.141300e+04
9.918500e+01	3.037800e+04
9.923500e+01	3.043800e+04
9.928500e+01	2.996300e+04
9.933600e+01	2.994300e+04
9.938600e+01	3.063000e+04
9.943600e+01	3.168000e+04
9.948600e+01	3.073400e+04
9.953500e+01	3.093400e+04
9.958600e+01	3.064500e+04
9.963600e+01	3.100500e+04
9.968600e+01	3.116000e+04
9.973600e+01	3.120400e+04
9.978700e+01	3.115200e+04
9.983600e+01	3.099400e+04
9.988600e+01	3.096500e+04
9.993700e+01	3.089100e+04
9.998600e+01	3.152800e+04
1.000370e+02	3.107400e+04
1.000870e+02	3.115100e+04
1.001370e+02	3.091100e+04
1.001870e+02	3.016700e+04
1.002370e+02	3.026100e+04
1.002870e+02	3.075500e+04
1.003370e+02	3.052300e+04
1.003880e+02	3.106600e+04
1.004380e+02	3.063800e+04
1.004880e+02	3.052100e+04
1.005370e+02	3.095400e+04
1.005870e+02	3.124800e+04
1.006370e+02	3.149900e+04
1.006880e+02	3.105500e+04
1.007380e+02	3.094400e+04
1.007880e+02	3.098500e+04
1.008390e+02	3.144200e+04
1.008880e+02	3.118800e+04
1.009380e+02	3.164200e+04
1.009890e+02	3.114500e+04
1.010390e+02	3.136500e+04
1.010880e+02	3.122500e+04
1.011390e+02	3.112200e+04
1.011890e+02	3.034100e+04
1.012390e+02	3.052800e+04
1.012890e+02	3.039900e+04
1.013390e+02	3.063000e+04
1.013890e+02	3.086900e+04
1.014390e+02	3.095200e+04
1.014890e+02	3.136900e+04
1.015400e+02	3.105900e+04
1.015900e+02	3.113800e+04
1.016400e+02	3.089700e+04
1.016900e+02	3.123700e+04
1.017400e+02	3.086700e+04
1.017900e+02	3.177300e+04
1.018400e+02	3.133400e+04
1.018900e+02	3.150300e+04
1.019410e+02	3.133400e+04
1.019910e+02	3.163800e+04
1.020410e+02	3.151200e+04
1.020910e+02	3.157200e+04
1.021410e+02	3.130900e+04
1.021910e+02	3.050700e+04
1.022410e+02	3.076300e+04
1.022910e+02	3.069700e+04
1.023410e+02	3.115000e+04
1.023910e+02	3.094700e+04
1.024410e+02	3.117200e+04
1.024910e+02	3.108600e+04
1.025420e+02	3.151000e+04
1.025920e+02	3.128200e+04
1.026420e+02	3.167100e+04
1.026910e+02	3.126100e+04
1.027410e+02	3.169200e+04
1.027920e+02	3.156900e+04
1.028420e+02	3.172100e+04
1.028920e+02	3.131400e+04
1.029420e+02	3.154300e+04
1.029920e+02	3.112100e+04
1.030420e+02	3.190700e+04
1.030920e+02	3.164700e+04
1.031420e+02	3.134800e+04
1.031920e+02	3.063800e+04
1.032430e+02	3.069900e+04
1.032930e+02	3.068400e+04
1.033430e+02	3.114000e+04
1.033930e+02	3.124200e+04
1.034430e+02	3.136400e+04
1.034930e+02	3.118100e+04
1.035430e+02	3.113200e+04
1.035940e+02	3.160900e+04
1.036430e+02	3.153400e+04
1.036940e+02	3.183400e+04
1.037440e+02	3.160500e+04
1.037940e+02	3.157100e+04
1.038440e+02	3.146700e+04
1.038940e+02	3.175600e+04
1.039440e+02	3.176100e+04
1.039950e+02	3.209900e+04
1.040440e+02	3.144100e+04
1.040940e+02	3.171400e+04
1.041450e+02	3.100500e+04
1.041940e+02	3.085800e+04
1.042440e+02	3.093700e+04
1.042950e+02	3.099700e+04
1.043450e+02	3.127500e+04
1.043960e+02	3.104500e+04
1.044450e+02	3.160400e+04
1.044950e+02	3.098400e+04
1.045450e+02	3.190500e+04
1.045950e+02	3.149400e+04
1.046450e+02	3.149200e+04
1.046950e+02	3.136400e+04
1.047460e+02	3.150500e+04
1.047960e+02	3.180900e+04
1.048450e+02	3.191200e+04
1.048960e+02	3.170000e+04
1.049460e+02	3.183000e+04
1.049960e+02	3.162300e+04
1.050460e+02	3.208000e+04
1.050970e+02	3.207400e+04
1.051460e+02	3.142700e+04
1.051960e+02	3.095400e+04
1.052460e+02	3.063200e+04
1.052960e+02	3.099300e+04
1.053470e+02	3.082000e+04
1.053970e+02	3.170700e+04
1.054470e+02	3.132000e+04
1.054970e+02	3.132800e+04
1.055470e+02	3.164400e+04
1.055970e+02	3.167000e+04
1.056470e+02	3.182800e+04
1.056980e+02	3.200700e+04
1.057480e+02	3.144200e+04
1.057970e+02	3.187000e+04
1.058470e+02	3.144000e+04
1.058980e+02	3.195500e+04
1.059480e+02	3.197200e+04
1.059980e+02	3.168100e+04
1.060480e+02	3.204400e+04
1.060980e+02	3.137000e+04
1.061480e+02	3.152400e+04
1.061980e+02	3.086200e+04
1.062480e+02	3.119900e+04
1.062990e+02	3.099500e+04
1.063490e+02	3.127600e+04
1.063990e+02	3.144900e+04
1.064490e+02	3.158900e+04
1.064980e+02	3.129400e+04
1.065490e+02	3.174700e+04
1.065990e+02	3.118000e+04
1.066490e+02	3.175100e+04
1.067000e+02	3.168600e+04
1.067490e+02	3.176600e+04
1.068000e+02	3.198500e+04
1.068490e+02	3.181900e+04
1.069000e+02	3.213900e+04
1.069500e+02	3.196200e+04
1.070000e+02	3.202000e+04
1.070500e+02	3.229000e+04
1.071000e+02	3.219900e+04
1.071500e+02	3.122600e+04
1.072000e+02	3.108000e+04
1.072510e+02	3.088900e+04
1.073000e+02	3.145100e+04
1.073500e+02	3.127900e+04
1.074010e+02	3.160000e+04
1.074510e+02	3.188200e+04
1.075020e+02	3.150500e+04
1.075500e+02	3.201800e+04
1.076020e+02	3.194300e+04
1.076500e+02	3.206200e+04
1.077010e+02	3.181300e+04
1.077510e+02	3.230100e+04
1.078020e+02	3.177600e+04
1.078510e+02	3.240900e+04
1.079010e+02	3.179400e+04
1.079510e+02	3.271900e+04
1.080020e+02	3.180500e+04
1.080520e+02	3.224000e+04
1.081020e+02	3.198400e+04
1.081520e+02	3.178300e+04
1.082020e+02	3.131000e+04
1.082520e+02	3.137300e+04
1.083030e+02	3.106200e+04
1.083520e+02	3.153500e+04
1.084030e+02	3.177700e+04
1.084520e+02	3.172500e+04
1.085030e+02	3.216300e+04
1.085530e+02	3.143100e+04
1.086020e+02	3.214800e+04
1.086530e+02	3.188000e+04
1.087030e+02	3.239500e+04
1.087540e+02	3.211600e+04
1.088030e+02	3.258500e+04
1.088530e+02	3.158900e+04
1.089040e+02	3.209200e+04
1.089540e+02	3.203900e+04
1.090040e+02	3.254400e+04
1.090540e+02	3.233000e+04
1.091040e+02	3.223600e+04
1.091530e+02	3.155300e+04
1.092030e+02	3.103200e+04
1.092540e+02	3.156800e+04
1.093040e+02	3.139900e+04
1.093540e+02	3.191200e+04
1.094050e+02	3.154800e+04
1.094550e+02	3.213100e+04
1.095040e+02	3.162000e+04
1.095540e+02	3.233700e+04
1.096050e+02	3.223600e+04
1.096550e+02	3.221200e+04
1.097050e+02	3.182900e+04
1.097550e+02	3.231900e+04
1.098060e+02	3.212200e+04
1.098560e+02	3.251200e+04
1.099060e+02	3.199000e+04
1.099550e+02	3.237700e+04
1.100060e+02	3.219500e+04
1.100560e+02	3.219400e+04
1.101050e+02	3.222900e+04
1.101560e+02	3.129500e+04
1.102060e+02	3.125000e+04
1.102560e+02	3.099300e+04
1.103060e+02	3.142100e+04
1.103570e+02	3.161900e+04
1.104070e+02	3.200400e+04
1.104570e+02	3.170700e+04
1.105070e+02	3.195600e+04
1.105560e+02	3.192400e+04
1.106070e+02	3.213900e+04
1.106570e+02	3.228300e+04
1.107070e+02	3.210700e+04
1.107570e+02	3.215100e+04
1.108070e+02	3.218100e+04
1.108570e+02	3.222700e+04
1.109070e+02	3.225600e+04
1.109570e+02	3.240500e+04
1.110080e+02	3.226500e+04
1.110570e+02	3.258700e+04
1.111080e+02	3.199700e+04
1.111580e+02	3.181800e+04
1.112090e+02	3.121600e+04
1.112590e+02	3.133200e+04
1.113080e+02	3.132900e+04
1.113580e+02	3.141800e+04
1.114080e+02	3.185300e+04
1.114580e+02	3.182900e+04
1.115080e+02	3.208600e+04
1.115590e+02	3.210300e+04
1.116080e+02	3.213900e+04
1.116580e+02	3.190800e+04
1.117090e+02	3.206600e+04
1.117590e+02	3.225300e+04
1.118090e+02	3.231400e+04
1.118590e+02	3.199900e+04
1.119100e+02	3.206900e+04
1.119590e+02	3.198800e+04
1.120090e+02	3.225900e+04
1.120590e+02	3.243300e+04
1.121090e+02	3.261900e+04
1.121590e+02	3.155500e+04
1.122090e+02	3.129000e+04
1.122590e+02	3.114600e+04
1.123100e+02	3.147900e+04
1.123590e+02	3.171700e+04
1.124100e+02	3.166300e+04
1.124600e+02	3.182800e+04
1.125100e+02	3.153600e+04
1.125600e+02	3.166000e+04
1.126100e+02	3.208100e+04
1.126610e+02	3.221500e+04
1.127110e+02	3.228900e+04
1.127610e+02	3.265700e+04
1.128110e+02	3.213800e+04
1.128600e+02	3.226000e+04
1.129110e+02	3.227800e+04
1.129610e+02	3.260000e+04
1.130110e+02	3.221100e+04
1.130610e+02	3.221600e+04
1.131120e+02	3.195000e+04
1.131620e+02	3.138900e+04
1.132120e+02	3.144000e+04
1.132620e+02	3.164600e+04
1.133110e+02	3.137800e+04
1.133610e+02	3.151000e+04
1.134130e+02	3.164700e+04
1.134610e+02	3.192900e+04
1.135120e+02	3.217500e+04
1.135620e+02	3.201400e+04
1.136130e+02	3.219700e+04
1.136620e+02	3.155900e+04
1.137130e+02	3.219600e+04
1.137630e+02	3.179600e+04
1.138130e+02	3.265100e+04
1.138630e+02	3.210900e+04
1.139130e+02	3.232400e+04
1.139630e+02	3.207500e+04
1.140130e+02	3.283000e+04
1.140630e+02	3.233100e+04
1.141130e+02	3.258700e+04
1.141630e+02	3.134800e+04
1.142130e+02	3.137100e+04
1.142640e+02	3.131700e+04
1.143140e+02	3.126900e+04
1.143640e+02	3.192200e+04
1.144130e+02	3.182500e+04
1.144640e+02	3.175800e+04
1.145130e+02	3.166800e+04
1.145640e+02	3.179700e+04
1.146150e+02	3.216600e+04
1.146640e+02	3.278800e+04
1.147140e+02	3.207500e+04
1.147640e+02	3.238100e+04
1.148150e+02	3.189600e+04
1.148640e+02	3.215600e+04
1.149140e+02	3.211900e+04
1.149650e+02	3.245200e+04
1.150140e+02	3.224700e+04
1.150650e+02	3.227300e+04
1.151150e+02	3.221200e+04
1.151660e+02	3.160800e+04
1.152150e+02	3.152300e+04
1.152660e+02	3.118800e+04
1.153150e+02	3.169300e+04
1.153650e+02	3.152000e+04
1.154160e+02	3.206200e+04
1.154660e+02	3.139500e+04
1.155150e+02	3.227900e+04
1.155660e+02	3.147000e+04
1.156160e+02	3.207600e+04
1.156660e+02	3.168800e+04
1.157160e+02	3.225700e+04
1.157660e+02	3.219600e+04
1.158160e+02	3.221600e+04
1.158670e+02	3.248500e+04
1.159170e+02	3.267300e+04
1.159670e+02	3.253600e+04
1.160170e+02	3.210000e+04
1.160670e+02	3.236500e+04
1.161170e+02	3.209500e+04
1.161670e+02	3.130300e+04
1.162170e+02	3.100300e+04
1.162670e+02	3.139800e+04
1.163170e+02	3.141300e+04
1.163670e+02	3.167400e+04
1.164180e+02	3.140500e+04
1.164670e+02	3.177800e+04
1.165170e+02	3.199300e+04
1.165680e+02	3.235700e+04
1.166180e+02	3.179100e+04
1.166680e+02	3.251900e+04
1.167180e+02	3.196200e+04
1.167680e+02	3.218800e+04
1.168180e+02	3.232900e+04
1.168680e+02	3.218800e+04
1.169180e+02	3.263400e+04
1.169690e+02	3.189800e+04
1.170190e+02	3.233900e+04
1.170690e+02	3.202500e+04
1.171190e+02	3.246200e+04
1.171690e+02	3.112000e+04
1.172180e+02	3.168100e+04
1.172690e+02	3.118700e+04
1.173190e+02	3.160400e+04
1.173700e+02	3.161000e+04
1.174190e+02	3.197500e+04
1.174700e+02	3.203800e+04
1.175190e+02	3.202300e+04
1.175690e+02	3.177200e+04
1.176200e+02	3.212300e+04
1.176690e+02	3.210700e+04
1.177200e+02	3.214600e+04
1.177700e+02	3.243200e+04
1.178200e+02	3.219400e+04
1.178700e+02	3.229200e+04
1.179200e+02	3.205600e+04
1.179700e+02	3.257200e+04
1.180210e+02	3.217000e+04
1.180710e+02	3.268600e+04
1.181210e+02	3.204400e+04
1.181710e+02	3.119300e+04
1.182200e+02	3.144400e+04
1.182710e+02	3.149000e+04
1.183210e+02	3.166400e+04
1.183710e+02	3.149000e+04
1.184210e+02	3.133800e+04
1.184710e+02	3.172700e+04
1.185220e+02	3.152600e+04
1.185720e+02	3.210700e+04
1.186220e+02	3.193600e+04
1.186720e+02	3.222600e+04
1.187220e+02	3.208300e+04
1.187720e+02	3.185500e+04
1.188220e+02	3.264300e+04
1.188720e+02	3.213300e+04
1.189220e+02	3.286300e+04
1.189720e+02	3.187300e+04
1.190230e+02	3.235700e+04
1.190720e+02	3.222600e+04
1.191220e+02	3.235500e+04
1.191720e+02	3.293400e+04
1.192230e+02	3.238400e+04
1.192720e+02	3.247000e+04
1.193230e+02	3.244400e+04
1.193730e+02	3.263900e+04
1.194230e+02	3.268100e+04
1.194730e+02	3.262000e+04
1.195240e+02	3.273600e+04
1.195740e+02	3.227400e+04
1.196240e+02	3.222800e+04
1.196730e+02	3.243900e+04
1.197240e+02	3.227900e+04
