0.000000e+00	2.606330e+05
5.100000e-02	2.644950e+05
1.010000e-01	2.609230e+05
1.510000e-01	2.661620e+05
2.010000e-01	2.617820e+05
2.510000e-01	2.631920e+05
3.010000e-01	2.610300e+05
3.510000e-01	2.632290e+05
4.010000e-01	2.636260e+05
4.510000e-01	2.637520e+05
5.010000e-01	2.656450e+05
5.520000e-01	2.627130e+05
6.020000e-01	2.649700e+05
6.520000e-01	2.642930e+05
7.020000e-01	2.648960e+05
7.520000e-01	2.634530e+05
8.020000e-01	2.644900e+05
8.520000e-01	2.611550e+05
9.020000e-01	2.640910e+05
9.530000e-01	2.629520e+05
1.003000e+00	2.633230e+05
1.057000e+00	2.628810e+05
1.102000e+00	2.638110e+05
1.153000e+00	2.625590e+05
1.202000e+00	2.658260e+05
1.253000e+00	2.639700e+05
1.303000e+00	2.640810e+05
1.353000e+00	2.641830e+05
1.403000e+00	2.624440e+05
1.453000e+00	2.640760e+05
1.504000e+00	2.637400e+05
1.554000e+00	2.646080e+05
1.604000e+00	2.623070e+05
1.654000e+00	2.637810e+05
1.703000e+00	2.636210e+05
1.754000e+00	2.644620e+05
1.804000e+00	2.628110e+05
1.854000e+00	2.656640e+05
1.904000e+00	2.621570e+05
1.955000e+00	2.644600e+05
2.004000e+00	2.621820e+05
2.055000e+00	2.648820e+05
2.104000e+00	2.641450e+05
2.154000e+00	2.625260e+05
2.205000e+00	2.617570e+05
2.255000e+00	2.623750e+05
2.304000e+00	2.648760e+05
2.356000e+00	2.643530e+05
2.405000e+00	2.635600e+05
2.456000e+00	2.625690e+05
2.506000e+00	2.631090e+05
2.555000e+00	2.626950e+05
2.606000e+00	2.635090e+05
2.656000e+00	2.627860e+05
2.705000e+00	2.641420e+05
2.756000e+00	2.610880e+05
2.806000e+00	2.630690e+05
2.856000e+00	2.627590e+05
2.906000e+00	2.650620e+05
2.956000e+00	2.638250e+05
3.006000e+00	2.626550e+05
3.056000e+00	2.641690e+05
3.106000e+00	2.632050e+05
3.156000e+00	2.644520e+05
3.207000e+00	2.633990e+05
3.257000e+00	2.632820e+05
3.306000e+00	2.630180e+05
3.357000e+00	2.582970e+05
3.407000e+00	2.553940e+05
3.457000e+00	2.587170e+05
3.507000e+00	2.584390e+05
3.557000e+00	2.623790e+05
3.607000e+00	2.604870e+05
3.658000e+00	2.605490e+05
3.708000e+00	2.611060e+05
3.758000e+00	2.616550e+05
3.808000e+00	2.617230e+05
3.858000e+00	2.599770e+05
3.908000e+00	2.618340e+05
3.958000e+00	2.597590e+05
4.008000e+00	2.630650e+05
4.058000e+00	2.613030e+05
4.108000e+00	2.626740e+05
4.158000e+00	2.613580e+05
4.208000e+00	2.623350e+05
4.258000e+00	2.625070e+05
4.309000e+00	2.633690e+05
4.358000e+00	2.592660e+05
4.409000e+00	2.575200e+05
4.459000e+00	2.555160e+05
4.509000e+00	2.591930e+05
4.559000e+00	2.568160e+05
4.609000e+00	2.581950e+05
4.659000e+00	2.601630e+05
4.709000e+00	2.595410e+05
4.759000e+00	2.608460e+05
4.810000e+00	2.598880e+05
4.860000e+00	2.622230e+05
4.910000e+00	2.602410e+05
4.960000e+00	2.608820e+05
5.009000e+00	2.598530e+05
5.060000e+00	2.610170e+05
5.110000e+00	2.611840e+05
5.160000e+00	2.617570e+05
5.211000e+00	2.604620e+05
5.260000e+00	2.628730e+05
5.311000e+00	2.632210e+05
5.360000e+00	2.568560e+05
5.410000e+00	2.566450e+05
5.460000e+00	2.571900e+05
5.510000e+00	2.612920e+05
5.561000e+00	2.576310e+05
5.611000e+00	2.602410e+05
5.662000e+00	2.587880e+05
5.712000e+00	2.603090e+05
5.761000e+00	2.578880e+05
5.812000e+00	2.605000e+05
5.862000e+00	2.582160e+05
5.911000e+00	2.625380e+05
5.961000e+00	2.598630e+05
6.011000e+00	2.630690e+05
6.062000e+00	2.604770e+05
6.113000e+00	2.634050e+05
6.162000e+00	2.607510e+05
6.213000e+00	2.620560e+05
6.263000e+00	2.624710e+05
6.312000e+00	2.608620e+05
6.362000e+00	2.584710e+05
6.412000e+00	2.533060e+05
6.462000e+00	2.570310e+05
6.513000e+00	2.567390e+05
6.563000e+00	2.576150e+05
6.613000e+00	2.584470e+05
6.663000e+00	2.590460e+05
6.713000e+00	2.568330e+05
6.763000e+00	2.607240e+05
6.813000e+00	2.581330e+05
6.863000e+00	2.622170e+05
6.914000e+00	2.596250e+05
6.964000e+00	2.594020e+05
7.013000e+00	2.579920e+05
7.064000e+00	2.584490e+05
7.114000e+00	2.613940e+05
7.164000e+00	2.605720e+05
7.214000e+00	2.631500e+05
7.264000e+00	2.593640e+05
7.315000e+00	2.607640e+05
7.365000e+00	2.550820e+05
7.415000e+00	2.556690e+05
7.465000e+00	2.565910e+05
7.515000e+00	2.581370e+05
7.565000e+00	2.551100e+05
7.615000e+00	2.559940e+05
7.665000e+00	2.574670e+05
7.715000e+00	2.599600e+05
7.766000e+00	2.602380e+05
7.815000e+00	2.612420e+05
7.866000e+00	2.586300e+05
7.915000e+00	2.593090e+05
7.966000e+00	2.591280e+05
8.015000e+00	2.611280e+05
8.066000e+00	2.610200e+05
8.116000e+00	2.611150e+05
8.166000e+00	2.582560e+05
8.215000e+00	2.584760e+05
8.266000e+00	2.609110e+05
8.316000e+00	2.602880e+05
8.367000e+00	2.565590e+05
8.416000e+00	2.521100e+05
8.466000e+00	2.543680e+05
8.517000e+00	2.554160e+05
8.568000e+00	2.593270e+05
8.617000e+00	2.574990e+05
8.667000e+00	2.584750e+05
8.717000e+00	2.561290e+05
8.766000e+00	2.576600e+05
8.818000e+00	2.571870e+05
8.867000e+00	2.608540e+05
8.917000e+00	2.591050e+05
8.968000e+00	2.580130e+05
9.017000e+00	2.588080e+05
9.068000e+00	2.592380e+05
9.118000e+00	2.605490e+05
9.168000e+00	2.585080e+05
9.218000e+00	2.611730e+05
9.268000e+00	2.596360e+05
9.318000e+00	2.595430e+05
9.368000e+00	2.517270e+05
9.419000e+00	2.522320e+05
9.469000e+00	2.536600e+05
9.518000e+00	2.562320e+05
9.569000e+00	2.538430e+05
9.619000e+00	2.553840e+05
9.669000e+00	2.556770e+05
9.718000e+00	2.568860e+05
9.769000e+00	2.570640e+05
9.819000e+00	2.566160e+05
9.869000e+00	2.564930e+05
9.919000e+00	2.572470e+05
9.969000e+00	2.585200e+05
1.001900e+01	2.569280e+05
1.007000e+01	2.596180e+05
1.012000e+01	2.554980e+05
1.017000e+01	2.591730e+05
1.022000e+01	2.572410e+05
1.027000e+01	2.601970e+05
1.032000e+01	2.582470e+05
1.037000e+01	2.535260e+05
1.042100e+01	2.493820e+05
1.047000e+01	2.537860e+05
1.052100e+01	2.539870e+05
1.057100e+01	2.533860e+05
1.062100e+01	2.536440e+05
1.067100e+01	2.568690e+05
1.072100e+01	2.545800e+05
1.077100e+01	2.567450e+05
1.082100e+01	2.569340e+05
1.087100e+01	2.564020e+05
1.092100e+01	2.574550e+05
1.097100e+01	2.540660e+05
1.102100e+01	2.581980e+05
1.107200e+01	2.554330e+05
1.112200e+01	2.596390e+05
1.117100e+01	2.563790e+05
1.122200e+01	2.579770e+05
1.127200e+01	2.564190e+05
1.132100e+01	2.569090e+05
1.137300e+01	2.521240e+05
1.142100e+01	2.515310e+05
1.147200e+01	2.514740e+05
1.152300e+01	2.521320e+05
1.157300e+01	2.537000e+05
1.162200e+01	2.532030e+05
1.167300e+01	2.542400e+05
1.172200e+01	2.533810e+05
1.177300e+01	2.535400e+05
1.182300e+01	2.528930e+05
1.187300e+01	2.561720e+05
1.192300e+01	2.535950e+05
1.197300e+01	2.573920e+05
1.202300e+01	2.543240e+05
1.207300e+01	2.565650e+05
1.212300e+01	2.545480e+05
1.217300e+01	2.546230e+05
1.222300e+01	2.564000e+05
1.227400e+01	2.545540e+05
1.232400e+01	2.575940e+05
1.237300e+01	2.466410e+05
1.242400e+01	2.489650e+05
1.247400e+01	2.493350e+05
1.252400e+01	2.520260e+05
1.257400e+01	2.510410e+05
1.262400e+01	2.533310e+05
1.267400e+01	2.523710e+05
1.272500e+01	2.524970e+05
1.277500e+01	2.522720e+05
1.282400e+01	2.546190e+05
1.287400e+01	2.541460e+05
1.292500e+01	2.547620e+05
1.297500e+01	2.511490e+05
1.302500e+01	2.538050e+05
1.307600e+01	2.548200e+05
1.312500e+01	2.561650e+05
1.317600e+01	2.546530e+05
1.322600e+01	2.543300e+05
1.327600e+01	2.565590e+05
1.332600e+01	2.533540e+05
1.337600e+01	2.510980e+05
1.342600e+01	2.467200e+05
1.347600e+01	2.501610e+05
1.352600e+01	2.484450e+05
1.357600e+01	2.488350e+05
1.362600e+01	2.507400e+05
1.367600e+01	2.537220e+05
1.372600e+01	2.531690e+05
1.377600e+01	2.530250e+05
1.382700e+01	2.501820e+05
1.387600e+01	2.525210e+05
1.392700e+01	2.528490e+05
1.397600e+01	2.552300e+05
1.402600e+01	2.532020e+05
1.407700e+01	2.522640e+05
1.412700e+01	2.534140e+05
1.417800e+01	2.509100e+05
1.422700e+01	2.540590e+05
1.427700e+01	2.533110e+05
1.432700e+01	2.556780e+05
1.437700e+01	2.472190e+05
1.442800e+01	2.488800e+05
1.447800e+01	2.483470e+05
1.452800e+01	2.506990e+05
1.457800e+01	2.499470e+05
1.462800e+01	2.500230e+05
1.467800e+01	2.501500e+05
1.472800e+01	2.513580e+05
1.477900e+01	2.495890e+05
1.482800e+01	2.519180e+05
1.487800e+01	2.509830e+05
1.492900e+01	2.527080e+05
1.497900e+01	2.533790e+05
1.502900e+01	2.513410e+05
1.507900e+01	2.540290e+05
1.512900e+01	2.515320e+05
1.517900e+01	2.549040e+05
1.522900e+01	2.509600e+05
1.528000e+01	2.513060e+05
1.532900e+01	2.509620e+05
1.537900e+01	2.471030e+05
1.543000e+01	2.453660e+05
1.548000e+01	2.479640e+05
1.553000e+01	2.471890e+05
1.558000e+01	2.476420e+05
1.562900e+01	2.504030e+05
1.568000e+01	2.514040e+05
1.573000e+01	2.518510e+05
1.578000e+01	2.496130e+05
1.583000e+01	2.512530e+05
1.588000e+01	2.495570e+05
1.593000e+01	2.516200e+05
1.598000e+01	2.510160e+05
1.603000e+01	2.526760e+05
1.608100e+01	2.495250e+05
1.613100e+01	2.514130e+05
1.618100e+01	2.494520e+05
1.623100e+01	2.531390e+05
1.628100e+01	2.529660e+05
1.633100e+01	2.498100e+05
1.638100e+01	2.458520e+05
1.643100e+01	2.452900e+05
1.648100e+01	2.472380e+05
1.653100e+01	2.466720e+05
1.658200e+01	2.446330e+05
1.663200e+01	2.457210e+05
1.668200e+01	2.491410e+05
1.673200e+01	2.484270e+05
1.678200e+01	2.504900e+05
1.683200e+01	2.484300e+05
1.688200e+01	2.503190e+05
1.693200e+01	2.484020e+05
1.698300e+01	2.495450e+05
1.703200e+01	2.503280e+05
1.708200e+01	2.516520e+05
1.713200e+01	2.501200e+05
1.718300e+01	2.493310e+05
1.723300e+01	2.486660e+05
1.728300e+01	2.522150e+05
1.733300e+01	2.472180e+05
1.738300e+01	2.451070e+05
1.743400e+01	2.438250e+05
1.748300e+01	2.453190e+05
1.753300e+01	2.481700e+05
1.758300e+01	2.458240e+05
1.763400e+01	2.482520e+05
1.768400e+01	2.473880e+05
1.773400e+01	2.470410e+05
1.778400e+01	2.464580e+05
1.783400e+01	2.478330e+05
1.788400e+01	2.495580e+05
1.793400e+01	2.492930e+05
1.798400e+01	2.487060e+05
1.803500e+01	2.486760e+05
1.808500e+01	2.478980e+05
1.813500e+01	2.513080e+05
1.818500e+01	2.484530e+05
1.823400e+01	2.515070e+05
1.828500e+01	2.496540e+05
1.833500e+01	2.470470e+05
1.838500e+01	2.416490e+05
1.843500e+01	2.430860e+05
1.848500e+01	2.468920e+05
1.853600e+01	2.453160e+05
1.858600e+01	2.461680e+05
1.863600e+01	2.447060e+05
1.868500e+01	2.467340e+05
1.873600e+01	2.479180e+05
1.878600e+01	2.481870e+05
1.883600e+01	2.472220e+05
1.888600e+01	2.489760e+05
1.893700e+01	2.443860e+05
1.898700e+01	2.477600e+05
1.903600e+01	2.477730e+05
1.908600e+01	2.488390e+05
1.913600e+01	2.488510e+05
1.918600e+01	2.470160e+05
1.923600e+01	2.498230e+05
1.928600e+01	2.473230e+05
1.933600e+01	2.501780e+05
1.938700e+01	2.420160e+05
1.943700e+01	2.443300e+05
1.948700e+01	2.417180e+05
1.953600e+01	2.447040e+05
1.958700e+01	2.434300e+05
1.963700e+01	2.473930e+05
1.968700e+01	2.436220e+05
1.973700e+01	2.473260e+05
1.978800e+01	2.450920e+05
1.983700e+01	2.472110e+05
1.988800e+01	2.458030e+05
1.993700e+01	2.476330e+05
1.998800e+01	2.462800e+05
2.003800e+01	2.461230e+05
2.008900e+01	2.480170e+05
2.013900e+01	2.457590e+05
2.018800e+01	2.470330e+05
2.023800e+01	2.470240e+05
2.028900e+01	2.471020e+05
2.033900e+01	2.446530e+05
2.038900e+01	2.422400e+05
2.043800e+01	2.409780e+05
2.048800e+01	2.450020e+05
2.053900e+01	2.414620e+05
2.058900e+01	2.444400e+05
2.063900e+01	2.421960e+05
2.068900e+01	2.454950e+05
2.073900e+01	2.460250e+05
2.079000e+01	2.450680e+05
2.084000e+01	2.462610e+05
2.089100e+01	2.444540e+05
2.094000e+01	2.462880e+05
2.099000e+01	2.464730e+05
2.104000e+01	2.470520e+05
2.109000e+01	2.475430e+05
2.114100e+01	2.463720e+05
2.119100e+01	2.454100e+05
2.124000e+01	2.451830e+05
2.129000e+01	2.477870e+05
2.134100e+01	2.470350e+05
2.139100e+01	2.386360e+05
2.144100e+01	2.410490e+05
2.149000e+01	2.419160e+05
2.154100e+01	2.423510e+05
2.159100e+01	2.446240e+05
2.164100e+01	2.441560e+05
2.169100e+01	2.448420e+05
2.174100e+01	2.439330e+05
2.179100e+01	2.445310e+05
2.184100e+01	2.442190e+05
2.189100e+01	2.468940e+05
2.194200e+01	2.468340e+05
2.199200e+01	2.461610e+05
2.204200e+01	2.439720e+05
2.209200e+01	2.453280e+05
2.214200e+01	2.461220e+05
2.219200e+01	2.478860e+05
2.224200e+01	2.475190e+05
2.229200e+01	2.452940e+05
2.234200e+01	2.449280e+05
2.239300e+01	2.397870e+05
2.244200e+01	2.424030e+05
2.249300e+01	2.413780e+05
2.254200e+01	2.418230e+05
2.259300e+01	2.400390e+05
2.264300e+01	2.431100e+05
2.269300e+01	2.434830e+05
2.274400e+01	2.459250e+05
2.279300e+01	2.459230e+05
2.284300e+01	2.458360e+05
2.289300e+01	2.425750e+05
2.294400e+01	2.454560e+05
2.299300e+01	2.447450e+05
2.304400e+01	2.481570e+05
2.309400e+01	2.454550e+05
2.314400e+01	2.452110e+05
2.319400e+01	2.450620e+05
2.324400e+01	2.446440e+05
2.329400e+01	2.466890e+05
2.334400e+01	2.428620e+05
2.339400e+01	2.416010e+05
2.344400e+01	2.406680e+05
2.349500e+01	2.409720e+05
2.354400e+01	2.431340e+05
2.359500e+01	2.420900e+05
2.364500e+01	2.430020e+05
2.369500e+01	2.424520e+05
2.374500e+01	2.407210e+05
2.379500e+01	2.440780e+05
2.384500e+01	2.445000e+05
2.389500e+01	2.457810e+05
2.394500e+01	2.434160e+05
2.399600e+01	2.452120e+05
2.404600e+01	2.447500e+05
2.409500e+01	2.453320e+05
2.414500e+01	2.472590e+05
2.419600e+01	2.446000e+05
2.424600e+01	2.453410e+05
2.429700e+01	2.443740e+05
2.434600e+01	2.428370e+05
2.439700e+01	2.399610e+05
2.444700e+01	2.411820e+05
2.449700e+01	2.413910e+05
2.454700e+01	2.428960e+05
2.459700e+01	2.399350e+05
2.464600e+01	2.443480e+05
2.469700e+01	2.422850e+05
2.474700e+01	2.461880e+05
2.479700e+01	2.435730e+05
2.484700e+01	2.442640e+05
2.489700e+01	2.437950e+05
2.494700e+01	2.436850e+05
2.499700e+01	2.427870e+05
2.504700e+01	2.440690e+05
2.509700e+01	2.457650e+05
2.514800e+01	2.438890e+05
2.519700e+01	2.453670e+05
2.524800e+01	2.441070e+05
2.529800e+01	2.459710e+05
2.534800e+01	2.439930e+05
2.539800e+01	2.395810e+05
2.544800e+01	2.403240e+05
2.549800e+01	2.408270e+05
2.554800e+01	2.407150e+05
2.559900e+01	2.427730e+05
2.564900e+01	2.417000e+05
2.569800e+01	2.437500e+05
2.574900e+01	2.426710e+05
2.579800e+01	2.436760e+05
2.584900e+01	2.437040e+05
2.589900e+01	2.438220e+05
2.594900e+01	2.451810e+05
2.599900e+01	2.436280e+05
2.604900e+01	2.450240e+05
2.609900e+01	2.446350e+05
2.614900e+01	2.446050e+05
2.620000e+01	2.424900e+05
2.624900e+01	2.446590e+05
2.630000e+01	2.442610e+05
2.635000e+01	2.422300e+05
2.640000e+01	2.407630e+05
2.645000e+01	2.407230e+05
2.650000e+01	2.400640e+05
2.655000e+01	2.408370e+05
2.660000e+01	2.412750e+05
2.665100e+01	2.427160e+05
2.670000e+01	2.422670e+05
2.675100e+01	2.419110e+05
2.680100e+01	2.437690e+05
2.685100e+01	2.416330e+05
2.690100e+01	2.442810e+05
2.695100e+01	2.442700e+05
2.700100e+01	2.460560e+05
2.705100e+01	2.437820e+05
2.710200e+01	2.438170e+05
2.715100e+01	2.441090e+05
2.720200e+01	2.450410e+05
2.725200e+01	2.446050e+05
2.730200e+01	2.462320e+05
2.735200e+01	2.406910e+05
2.740200e+01	2.394170e+05
2.745200e+01	2.393010e+05
2.750200e+01	2.415100e+05
2.755200e+01	2.415960e+05
2.760200e+01	2.414560e+05
2.765300e+01	2.442290e+05
2.770300e+01	2.413650e+05
2.775300e+01	2.434710e+05
2.780200e+01	2.443660e+05
2.785200e+01	2.452240e+05
2.790300e+01	2.436480e+05
2.795300e+01	2.434600e+05
2.800400e+01	2.431980e+05
2.805300e+01	2.459940e+05
2.810300e+01	2.448720e+05
2.815300e+01	2.453530e+05
2.820300e+01	2.424710e+05
2.825400e+01	2.453050e+05
2.830400e+01	2.422920e+05
2.835400e+01	2.434090e+05
2.840400e+01	2.393210e+05
2.845400e+01	2.407110e+05
2.850400e+01	2.392770e+05
2.855400e+01	2.398700e+05
2.860400e+01	2.410690e+05
2.865400e+01	2.436320e+05
2.870400e+01	2.449070e+05
2.875400e+01	2.409260e+05
2.880400e+01	2.443930e+05
2.885500e+01	2.403700e+05
2.890500e+01	2.451950e+05
2.895500e+01	2.441820e+05
2.900500e+01	2.437300e+05
2.905500e+01	2.434810e+05
2.910500e+01	2.445720e+05
2.915500e+01	2.438480e+05
2.920500e+01	2.455740e+05
2.925500e+01	2.456020e+05
2.930500e+01	2.463540e+05
2.935600e+01	2.412450e+05
2.940600e+01	2.399950e+05
2.945600e+01	2.403450e+05
2.950600e+01	2.413600e+05
2.955600e+01	2.446680e+05
2.960700e+01	2.395500e+05
2.965700e+01	2.432590e+05
2.970600e+01	2.389030e+05
2.975600e+01	2.440850e+05
2.980700e+01	2.432090e+05
2.985700e+01	2.440620e+05
2.990700e+01	2.443200e+05
2.995700e+01	2.427150e+05
3.000700e+01	2.435930e+05
3.005700e+01	2.446900e+05
3.010700e+01	2.466440e+05
3.015700e+01	2.442680e+05
3.020700e+01	2.435810e+05
3.025800e+01	2.430380e+05
3.030800e+01	2.442980e+05
3.035800e+01	2.430770e+05
3.040700e+01	2.419070e+05
3.045800e+01	2.383760e+05
3.050800e+01	2.427780e+05
3.055800e+01	2.393820e+05
3.060800e+01	2.447900e+05
3.065800e+01	2.430500e+05
3.070800e+01	2.461660e+05
3.075800e+01	2.432110e+05
3.080900e+01	2.432010e+05
3.085800e+01	2.463840e+05
3.090900e+01	2.433900e+05
3.095800e+01	2.455670e+05
3.100900e+01	2.444050e+05
3.105900e+01	2.445450e+05
3.110900e+01	2.435940e+05
3.115900e+01	2.447010e+05
3.120900e+01	2.464160e+05
3.125900e+01	2.461070e+05
3.130900e+01	2.430290e+05
3.135900e+01	2.425720e+05
3.141000e+01	2.391810e+05
3.145900e+01	2.438670e+05
3.151000e+01	2.400790e+05
3.155900e+01	2.427790e+05
3.161000e+01	2.401790e+05
3.166000e+01	2.423890e+05
3.171000e+01	2.439940e+05
3.176000e+01	2.443810e+05
3.181000e+01	2.473780e+05
3.186000e+01	2.449090e+05
3.191000e+01	2.439760e+05
3.196000e+01	2.441880e+05
3.201100e+01	2.446420e+05
3.206100e+01	2.463320e+05
3.211100e+01	2.465460e+05
3.216000e+01	2.431730e+05
3.221100e+01	2.451270e+05
3.226100e+01	2.436280e+05
3.231100e+01	2.477030e+05
3.236100e+01	2.428920e+05
3.241100e+01	2.422460e+05
3.246200e+01	2.405230e+05
3.251100e+01	2.432220e+05
3.256200e+01	2.437030e+05
3.261100e+01	2.445810e+05
3.266200e+01	2.445260e+05
3.271200e+01	2.439030e+05
3.276200e+01	2.436650e+05
3.281200e+01	2.441200e+05
3.286200e+01	2.450710e+05
3.291200e+01	2.454730e+05
3.296200e+01	2.464400e+05
3.301300e+01	2.453510e+05
3.306300e+01	2.445950e+05
3.311300e+01	2.446510e+05
3.316300e+01	2.476940e+05
3.321300e+01	2.469580e+05
3.326200e+01	2.476700e+05
3.331300e+01	2.442690e+05
3.336300e+01	2.429950e+05
3.341300e+01	2.399950e+05
3.346400e+01	2.424950e+05
3.351300e+01	2.428220e+05
3.356300e+01	2.437520e+05
3.361300e+01	2.457340e+05
3.366400e+01	2.436940e+05
3.371400e+01	2.453580e+05
3.376400e+01	2.452560e+05
3.381400e+01	2.458970e+05
3.386300e+01	2.445120e+05
3.391400e+01	2.446560e+05
3.396300e+01	2.449610e+05
3.401400e+01	2.466460e+05
3.406400e+01	2.453900e+05
3.411500e+01	2.471640e+05
3.416500e+01	2.454580e+05
3.421500e+01	2.464430e+05
3.426500e+01	2.448500e+05
3.431500e+01	2.477220e+05
3.436500e+01	2.440720e+05
3.441500e+01	2.426050e+05
3.446500e+01	2.410610e+05
3.451600e+01	2.398360e+05
3.456500e+01	2.424760e+05
3.461600e+01	2.445770e+05
3.466500e+01	2.467770e+05
3.471600e+01	2.441130e+05
3.476600e+01	2.448410e+05
3.481600e+01	2.444710e+05
3.486600e+01	2.460250e+05
3.491600e+01	2.452100e+05
3.496700e+01	2.474600e+05
3.501600e+01	2.453640e+05
3.506600e+01	2.460450e+05
3.511600e+01	2.444490e+05
3.516700e+01	2.460800e+05
3.521600e+01	2.454930e+05
3.526600e+01	2.482370e+05
3.531600e+01	2.449910e+05
3.536700e+01	2.424850e+05
3.541700e+01	2.408340e+05
3.546700e+01	2.424380e+05
3.551700e+01	2.433800e+05
3.556700e+01	2.432310e+05
3.561700e+01	2.425900e+05
3.566700e+01	2.435900e+05
3.571700e+01	2.450210e+05
3.576700e+01	2.444020e+05
3.581800e+01	2.459630e+05
3.586800e+01	2.455550e+05
3.591700e+01	2.453470e+05
3.596800e+01	2.453750e+05
3.601800e+01	2.465630e+05
3.606800e+01	2.464660e+05
3.611900e+01	2.481830e+05
3.616800e+01	2.453780e+05
3.621800e+01	2.459410e+05
3.626800e+01	2.465650e+05
3.631900e+01	2.466800e+05
3.636900e+01	2.441730e+05
3.641900e+01	2.400850e+05
3.646800e+01	2.441660e+05
3.652000e+01	2.416220e+05
3.656900e+01	2.449040e+05
3.661900e+01	2.428940e+05
3.666900e+01	2.451650e+05
3.671900e+01	2.450750e+05
3.676900e+01	2.466870e+05
3.682000e+01	2.443840e+05
3.686900e+01	2.459780e+05
3.692000e+01	2.437560e+05
3.697000e+01	2.453680e+05
3.702000e+01	2.471050e+05
3.706900e+01	2.459930e+05
3.712000e+01	2.490230e+05
3.717000e+01	2.465380e+05
3.722100e+01	2.482930e+05
3.727000e+01	2.454880e+05
3.732000e+01	2.466930e+05
3.737100e+01	2.421860e+05
3.742100e+01	2.435220e+05
3.747100e+01	2.416070e+05
3.752100e+01	2.434800e+05
3.757100e+01	2.421640e+05
3.762100e+01	2.455600e+05
3.767000e+01	2.455070e+05
3.772200e+01	2.465450e+05
3.777100e+01	2.470700e+05
3.782200e+01	2.459490e+05
3.787200e+01	2.455790e+05
3.792200e+01	2.452960e+05
3.797200e+01	2.479440e+05
3.802200e+01	2.465320e+05
3.807200e+01	2.495430e+05
3.812200e+01	2.445940e+05
3.817200e+01	2.467760e+05
3.822200e+01	2.464320e+05
3.827200e+01	2.502290e+05
3.832200e+01	2.458380e+05
3.837200e+01	2.451850e+05
3.842200e+01	2.415800e+05
3.847300e+01	2.429390e+05
3.852300e+01	2.454330e+05
3.857300e+01	2.440980e+05
3.862300e+01	2.476630e+05
3.867300e+01	2.443500e+05
3.872300e+01	2.445520e+05
3.877300e+01	2.452320e+05
3.882400e+01	2.476690e+05
3.887300e+01	2.486620e+05
3.892300e+01	2.469950e+05
3.897300e+01	2.458940e+05
3.902300e+01	2.470870e+05
3.907300e+01	2.464980e+05
3.912400e+01	2.488180e+05
3.917400e+01	2.477810e+05
3.922400e+01	2.494880e+05
3.927400e+01	2.454200e+05
3.932400e+01	2.459030e+05
3.937400e+01	2.405870e+05
3.942500e+01	2.440810e+05
3.947500e+01	2.461520e+05
3.952500e+01	2.436580e+05
3.957500e+01	2.453910e+05
3.962500e+01	2.430830e+05
3.967500e+01	2.472980e+05
3.972500e+01	2.464240e+05
3.977500e+01	2.475620e+05
3.982500e+01	2.476390e+05
3.987500e+01	2.446530e+05
3.992500e+01	2.463570e+05
3.997500e+01	2.477580e+05
4.002500e+01	2.482480e+05
4.007600e+01	2.497220e+05
4.012600e+01	2.464890e+05
4.017500e+01	2.493530e+05
4.022600e+01	2.455710e+05
4.027600e+01	2.499170e+05
4.032600e+01	2.493270e+05
4.037600e+01	2.425340e+05
4.042600e+01	2.457450e+05
4.047600e+01	2.409880e+05
4.052600e+01	2.461240e+05
4.057600e+01	2.442040e+05
4.062600e+01	2.459900e+05
4.067600e+01	2.465540e+05
4.072700e+01	2.472350e+05
4.077700e+01	2.469410e+05
4.082700e+01	2.467580e+05
4.087700e+01	2.471190e+05
4.092800e+01	2.488250e+05
4.097700e+01	2.468080e+05
4.102800e+01	2.485200e+05
4.107700e+01	2.470070e+05
4.112800e+01	2.488710e+05
4.117800e+01	2.484170e+05
4.122700e+01	2.478890e+05
4.127700e+01	2.495730e+05
4.132800e+01	2.457540e+05
4.137700e+01	2.460410e+05
4.142800e+01	2.438390e+05
4.147800e+01	2.457610e+05
4.152900e+01	2.435970e+05
4.157900e+01	2.462060e+05
4.162900e+01	2.446540e+05
4.167900e+01	2.468960e+05
4.172900e+01	2.449370e+05
4.177900e+01	2.473190e+05
4.182900e+01	2.468490e+05
4.187900e+01	2.480660e+05
4.192800e+01	2.458960e+05
4.197900e+01	2.467970e+05
4.202900e+01	2.490670e+05
4.208000e+01	2.460880e+05
4.212900e+01	2.490200e+05
4.217900e+01	2.473490e+05
4.223000e+01	2.492750e+05
4.227900e+01	2.489030e+05
4.233000e+01	2.471330e+05
4.238000e+01	2.449380e+05
4.243000e+01	2.448290e+05
4.248000e+01	2.442780e+05
4.253000e+01	2.471040e+05
4.258100e+01	2.467320e+05
4.263100e+01	2.470360e+05
4.268100e+01	2.461590e+05
4.273000e+01	2.458130e+05
4.278000e+01	2.472840e+05
4.283000e+01	2.482770e+05
4.288000e+01	2.477870e+05
4.293100e+01	2.462910e+05
4.298100e+01	2.471980e+05
4.303100e+01	2.486350e+05
4.308100e+01	2.494050e+05
4.313100e+01	2.485290e+05
4.318100e+01	2.488300e+05
4.323100e+01	2.477780e+05
4.328100e+01	2.497390e+05
4.333100e+01	2.460840e+05
4.338200e+01	2.468230e+05
4.343200e+01	2.435340e+05
4.348200e+01	2.460880e+05
4.353200e+01	2.445790e+05
4.358200e+01	2.461980e+05
4.363200e+01	2.460820e+05
4.368200e+01	2.483770e+05
4.373300e+01	2.479720e+05
4.378300e+01	2.477410e+05
4.383300e+01	2.478320e+05
4.388300e+01	2.476150e+05
4.393300e+01	2.491540e+05
4.398300e+01	2.477110e+05
4.403300e+01	2.492470e+05
4.408300e+01	2.460460e+05
4.413300e+01	2.494750e+05
4.418300e+01	2.482030e+05
4.423300e+01	2.509720e+05
4.428300e+01	2.492650e+05
4.433300e+01	2.459740e+05
4.438300e+01	2.462610e+05
4.443400e+01	2.442820e+05
4.448400e+01	2.470820e+05
4.453400e+01	2.471600e+05
4.458400e+01	2.461100e+05
4.463400e+01	2.465670e+05
4.468400e+01	2.468130e+05
4.473500e+01	2.485030e+05
4.478400e+01	2.499550e+05
4.483500e+01	2.478370e+05
4.488500e+01	2.483460e+05
4.493500e+01	2.452170e+05
4.498400e+01	2.513940e+05
4.503500e+01	2.471380e+05
4.508400e+01	2.524690e+05
4.513500e+01	2.487910e+05
4.518500e+01	2.485430e+05
4.523500e+01	2.481620e+05
4.528500e+01	2.478190e+05
4.533600e+01	2.490180e+05
4.538500e+01	2.457690e+05
4.543500e+01	2.449790e+05
4.548600e+01	2.459680e+05
4.553600e+01	2.454830e+05
4.558600e+01	2.482710e+05
4.563600e+01	2.491480e+05
4.568600e+01	2.479930e+05
4.573700e+01	2.498630e+05
4.578600e+01	2.466250e+05
4.583600e+01	2.506500e+05
4.588700e+01	2.477580e+05
4.593700e+01	2.503050e+05
4.598700e+01	2.492760e+05
4.603700e+01	2.496130e+05
4.608700e+01	2.488420e+05
4.613800e+01	2.504400e+05
4.618700e+01	2.500800e+05
4.623700e+01	2.511760e+05
4.628700e+01	2.488460e+05
4.633800e+01	2.512950e+05
4.638700e+01	2.434820e+05
4.643800e+01	2.469200e+05
4.648700e+01	2.469480e+05
4.653700e+01	2.455380e+05
4.658800e+01	2.479860e+05
4.663800e+01	2.462670e+05
4.668700e+01	2.492960e+05
4.673900e+01	2.478270e+05
4.678900e+01	2.501810e+05
4.683800e+01	2.484430e+05
4.688900e+01	2.509200e+05
4.693900e+01	2.502360e+05
4.698800e+01	2.492640e+05
4.703900e+01	2.503510e+05
4.708800e+01	2.507390e+05
4.713900e+01	2.492340e+05
4.718900e+01	2.500990e+05
4.723900e+01	2.501290e+05
4.728900e+01	2.518190e+05
4.733900e+01	2.526730e+05
4.738900e+01	2.435730e+05
4.744000e+01	2.481550e+05
4.748900e+01	2.457710e+05
4.753900e+01	2.511010e+05
4.759000e+01	2.469900e+05
4.764000e+01	2.517000e+05
4.769000e+01	2.468490e+05
4.774000e+01	2.485790e+05
4.779000e+01	2.488790e+05
4.784100e+01	2.501430e+05
4.789100e+01	2.515600e+05
4.794100e+01	2.500450e+05
4.799000e+01	2.512260e+05
4.804100e+01	2.497270e+05
4.809000e+01	2.529040e+05
4.814100e+01	2.497050e+05
4.819100e+01	2.532160e+05
4.824100e+01	2.488650e+05
4.829100e+01	2.516980e+05
4.834100e+01	2.486040e+05
4.839100e+01	2.465930e+05
4.844200e+01	2.462760e+05
4.849100e+01	2.493860e+05
4.854200e+01	2.487710e+05
4.859100e+01	2.494560e+05
4.864100e+01	2.485590e+05
4.869200e+01	2.504380e+05
4.874200e+01	2.502540e+05
4.879200e+01	2.517360e+05
4.884200e+01	2.501590e+05
4.889200e+01	2.485810e+05
4.894200e+01	2.501570e+05
4.899200e+01	2.498440e+05
4.904300e+01	2.534690e+05
4.909300e+01	2.494210e+05
4.914300e+01	2.518430e+05
4.919200e+01	2.495520e+05
4.924200e+01	2.514870e+05
4.929300e+01	2.515530e+05
4.934300e+01	2.527580e+05
4.939300e+01	2.455250e+05
4.944400e+01	2.478720e+05
4.949300e+01	2.458820e+05
4.954300e+01	2.504130e+05
4.959300e+01	2.484360e+05
4.964400e+01	2.509460e+05
4.969300e+01	2.495530e+05
4.974400e+01	2.483460e+05
4.979400e+01	2.516690e+05
4.984400e+01	2.486000e+05
4.989400e+01	2.531400e+05
4.994400e+01	2.503520e+05
4.999400e+01	2.512620e+05
5.004400e+01	2.517390e+05
5.009500e+01	2.492940e+05
5.014500e+01	2.507320e+05
5.019400e+01	2.528850e+05
5.024400e+01	2.518790e+05
5.029500e+01	2.530830e+05
5.034500e+01	2.502460e+05
5.039500e+01	2.472960e+05
5.044500e+01	2.484780e+05
5.049500e+01	2.502460e+05
5.054500e+01	2.498220e+05
5.059500e+01	2.485170e+05
5.064500e+01	2.492710e+05
5.069500e+01	2.506650e+05
5.074600e+01	2.509020e+05
5.079600e+01	2.513020e+05
5.084500e+01	2.525860e+05
5.089500e+01	2.520820e+05
5.094500e+01	2.519130e+05
5.099600e+01	2.520680e+05
5.104600e+01	2.528100e+05
5.109600e+01	2.534210e+05
5.114600e+01	2.511400e+05
5.119600e+01	2.529520e+05
5.124600e+01	2.511820e+05
5.129600e+01	2.514420e+05
5.134600e+01	2.497290e+05
5.139600e+01	2.471030e+05
5.144700e+01	2.483960e+05
5.149700e+01	2.487950e+05
5.154800e+01	2.491330e+05
5.159700e+01	2.507370e+05
5.164700e+01	2.490420e+05
5.169800e+01	2.519320e+05
5.174800e+01	2.497730e+05
5.179700e+01	2.520760e+05
5.184800e+01	2.505160e+05
5.189700e+01	2.516760e+05
5.194700e+01	2.518250e+05
5.199700e+01	2.523070e+05
5.204800e+01	2.521730e+05
5.209800e+01	2.531120e+05
5.214800e+01	2.529020e+05
5.219800e+01	2.526180e+05
5.224800e+01	2.515520e+05
5.229800e+01	2.517620e+05
5.234900e+01	2.502550e+05
5.239900e+01	2.475290e+05
5.244900e+01	2.492890e+05
5.249900e+01	2.466850e+05
5.254900e+01	2.483130e+05
5.259900e+01	2.492130e+05
5.264900e+01	2.501330e+05
5.269900e+01	2.519280e+05
5.274900e+01	2.510010e+05
5.279900e+01	2.514790e+05
5.285000e+01	2.510140e+05
5.289900e+01	2.499930e+05
5.294900e+01	2.530600e+05
5.299900e+01	2.512150e+05
5.304900e+01	2.534680e+05
5.310100e+01	2.509490e+05
5.315100e+01	2.507830e+05
5.320000e+01	2.535730e+05
5.325000e+01	2.520960e+05
5.330000e+01	2.539550e+05
5.335100e+01	2.496230e+05
5.340000e+01	2.484720e+05
5.345100e+01	2.503660e+05
5.350100e+01	2.487850e+05
5.355100e+01	2.505280e+05
5.360100e+01	2.527390e+05
5.365100e+01	2.508450e+05
5.370200e+01	2.497830e+05
5.375100e+01	2.489520e+05
5.380100e+01	2.524620e+05
5.385100e+01	2.528700e+05
5.390100e+01	2.529020e+05
5.395200e+01	2.526500e+05
5.400200e+01	2.515890e+05
5.405200e+01	2.540180e+05
5.410200e+01	2.537410e+05
5.415100e+01	2.555040e+05
5.420200e+01	2.542650e+05
5.425200e+01	2.536340e+05
5.430300e+01	2.514720e+05
5.435300e+01	2.525600e+05
5.440200e+01	2.490470e+05
5.445300e+01	2.530220e+05
5.450300e+01	2.500350e+05
5.455300e+01	2.527320e+05
5.460300e+01	2.518360e+05
5.465200e+01	2.537340e+05
5.470300e+01	2.554080e+05
5.475300e+01	2.546280e+05
5.480300e+01	2.548330e+05
5.485400e+01	2.540780e+05
5.490400e+01	2.535080e+05
5.495300e+01	2.541960e+05
5.500300e+01	2.554500e+05
5.505400e+01	2.545460e+05
5.510300e+01	2.554250e+05
5.515300e+01	2.535190e+05
5.520400e+01	2.552470e+05
5.525400e+01	2.550760e+05
5.530400e+01	2.588290e+05
5.535500e+01	2.515260e+05
5.540400e+01	2.494330e+05
5.545400e+01	2.510690e+05
5.550500e+01	2.536850e+05
5.555400e+01	2.538660e+05
5.560500e+01	2.543800e+05
5.565400e+01	2.538860e+05
5.570500e+01	2.537250e+05
5.575500e+01	2.543240e+05
5.580500e+01	2.550040e+05
5.585500e+01	2.568960e+05
5.590500e+01	2.559400e+05
5.595600e+01	2.554780e+05
5.600500e+01	2.549780e+05
5.605600e+01	2.543100e+05
5.610600e+01	2.548530e+05
5.615600e+01	2.573460e+05
5.620600e+01	2.549280e+05
5.625600e+01	2.563470e+05
5.630600e+01	2.528530e+05
5.635600e+01	2.543640e+05
5.640600e+01	2.508910e+05
5.645600e+01	2.527150e+05
5.650600e+01	2.529150e+05
5.655600e+01	2.522320e+05
5.660700e+01	2.551470e+05
5.665600e+01	2.532050e+05
5.670700e+01	2.531960e+05
5.675700e+01	2.546340e+05
5.680700e+01	2.539900e+05
5.685700e+01	2.558900e+05
5.690700e+01	2.550310e+05
5.695800e+01	2.547730e+05
5.700700e+01	2.565950e+05
5.705800e+01	2.542850e+05
5.710800e+01	2.560000e+05
5.715800e+01	2.544740e+05
5.720800e+01	2.581360e+05
5.725800e+01	2.556850e+05
5.730800e+01	2.562400e+05
5.735800e+01	2.524320e+05
5.740800e+01	2.497180e+05
5.745800e+01	2.535190e+05
5.750900e+01	2.525630e+05
5.755800e+01	2.545320e+05
5.760800e+01	2.534460e+05
5.765800e+01	2.532360e+05
5.770800e+01	2.550330e+05
5.775900e+01	2.544050e+05
5.780900e+01	2.559770e+05
5.785900e+01	2.565090e+05
5.790900e+01	2.537050e+05
5.796000e+01	2.546540e+05
5.800900e+01	2.546770e+05
5.805900e+01	2.573290e+05
5.810900e+01	2.570450e+05
5.815900e+01	2.564080e+05
5.820900e+01	2.557710e+05
5.826000e+01	2.551300e+05
5.831000e+01	2.581570e+05
5.836000e+01	2.521570e+05
5.841000e+01	2.536340e+05
5.846000e+01	2.505340e+05
5.851000e+01	2.514670e+05
5.856000e+01	2.512370e+05
5.861000e+01	2.540350e+05
5.866000e+01	2.540660e+05
5.871100e+01	2.557300e+05
5.876100e+01	2.542560e+05
5.881000e+01	2.540440e+05
5.886100e+01	2.549310e+05
5.891100e+01	2.563410e+05
5.896100e+01	2.566050e+05
5.901100e+01	2.557640e+05
5.906100e+01	2.552350e+05
5.911100e+01	2.541260e+05
5.916100e+01	2.578070e+05
5.921100e+01	2.566940e+05
5.926200e+01	2.551750e+05
5.931100e+01	2.554280e+05
5.936100e+01	2.519930e+05
5.941100e+01	2.511180e+05
5.946200e+01	2.532890e+05
5.951300e+01	2.535450e+05
5.956300e+01	2.538130e+05
5.961200e+01	2.529240e+05
5.966200e+01	2.523990e+05
5.971300e+01	2.534700e+05
5.976200e+01	2.549820e+05
5.981200e+01	2.565990e+05
5.986200e+01	2.546620e+05
5.991300e+01	2.561580e+05
5.996300e+01	2.544700e+05
6.001200e+01	2.570270e+05
6.006300e+01	2.553400e+05
6.011300e+01	2.574800e+05
6.016300e+01	2.558480e+05
6.021300e+01	2.560010e+05
6.026400e+01	2.554620e+05
6.031400e+01	2.554080e+05
6.036400e+01	2.528430e+05
6.041400e+01	2.522150e+05
6.046300e+01	2.514690e+05
6.051400e+01	2.518070e+05
6.056400e+01	2.530570e+05
6.061300e+01	2.542280e+05
6.066400e+01	2.555200e+05
6.071500e+01	2.548380e+05
6.076400e+01	2.538630e+05
6.081400e+01	2.552820e+05
6.086400e+01	2.549300e+05
6.091500e+01	2.534110e+05
6.096500e+01	2.542770e+05
6.101500e+01	2.552780e+05
6.106400e+01	2.569450e+05
6.111500e+01	2.555970e+05
6.116500e+01	2.580270e+05
6.121500e+01	2.560750e+05
6.126500e+01	2.578200e+05
6.131600e+01	2.573940e+05
6.136600e+01	2.508770e+05
6.141500e+01	2.524300e+05
6.146500e+01	2.520240e+05
6.151600e+01	2.520080e+05
6.156600e+01	2.514710e+05
6.161600e+01	2.539630e+05
6.166600e+01	2.533110e+05
6.171600e+01	2.555860e+05
6.176600e+01	2.546670e+05
6.181600e+01	2.554830e+05
6.186700e+01	2.558090e+05
6.191700e+01	2.570450e+05
6.196700e+01	2.535490e+05
6.201700e+01	2.563490e+05
6.206700e+01	2.549180e+05
6.211700e+01	2.560180e+05
6.216800e+01	2.533590e+05
6.221600e+01	2.560820e+05
6.226700e+01	2.562260e+05
6.231800e+01	2.559110e+05
6.236700e+01	2.523740e+05
6.241700e+01	2.498790e+05
6.246700e+01	2.522940e+05
6.251800e+01	2.512070e+05
6.256800e+01	2.555200e+05
6.261700e+01	2.559420e+05
6.266800e+01	2.565360e+05
6.271800e+01	2.524810e+05
6.276800e+01	2.554120e+05
6.281800e+01	2.527540e+05
6.286800e+01	2.564190e+05
6.291800e+01	2.559630e+05
6.296900e+01	2.584750e+05
6.301800e+01	2.548010e+05
6.306900e+01	2.552210e+05
6.311800e+01	2.547310e+05
6.316800e+01	2.561070e+05
6.321900e+01	2.575680e+05
6.326900e+01	2.550500e+05
6.331900e+01	2.559710e+05
6.336900e+01	2.495180e+05
6.341900e+01	2.518370e+05
6.346900e+01	2.520970e+05
6.351900e+01	2.537340e+05
6.356900e+01	2.532980e+05
6.362000e+01	2.536030e+05
6.367000e+01	2.551460e+05
6.372000e+01	2.582220e+05
6.377000e+01	2.523550e+05
6.382000e+01	2.569830e+05
6.387000e+01	2.541880e+05
6.392000e+01	2.541490e+05
6.397000e+01	2.558080e+05
6.402000e+01	2.555190e+05
6.407000e+01	2.559790e+05
6.412100e+01	2.551120e+05
6.417000e+01	2.568730e+05
6.422100e+01	2.560210e+05
6.427100e+01	2.555460e+05
6.432000e+01	2.568650e+05
6.437100e+01	2.510500e+05
6.442100e+01	2.501490e+05
6.447100e+01	2.513780e+05
6.452100e+01	2.494750e+05
6.457100e+01	2.546190e+05
6.462100e+01	2.528280e+05
6.467100e+01	2.559250e+05
6.472200e+01	2.524220e+05
6.477200e+01	2.558820e+05
6.482100e+01	2.541220e+05
6.487200e+01	2.570580e+05
6.492200e+01	2.550630e+05
6.497200e+01	2.545480e+05
6.502300e+01	2.559520e+05
6.507300e+01	2.542830e+05
6.512300e+01	2.547950e+05
6.517300e+01	2.563820e+05
6.522200e+01	2.574120e+05
6.527300e+01	2.554630e+05
6.532300e+01	2.557520e+05
6.537300e+01	2.481460e+05
6.542300e+01	2.522050e+05
6.547300e+01	2.513980e+05
6.552300e+01	2.528420e+05
6.557400e+01	2.510770e+05
6.562400e+01	2.545950e+05
6.567400e+01	2.517790e+05
6.572300e+01	2.545140e+05
6.577400e+01	2.542280e+05
6.582300e+01	2.539320e+05
6.587400e+01	2.553780e+05
6.592400e+01	2.535310e+05
6.597400e+01	2.568250e+05
6.602400e+01	2.552720e+05
6.607400e+01	2.575320e+05
6.612400e+01	2.540100e+05
6.617400e+01	2.556760e+05
6.622400e+01	2.541410e+05
6.627400e+01	2.572570e+05
6.632500e+01	2.544520e+05
6.637400e+01	2.516750e+05
6.642500e+01	2.476700e+05
6.647500e+01	2.509160e+05
6.652500e+01	2.513030e+05
6.657600e+01	2.532970e+05
6.662500e+01	2.538130e+05
6.667500e+01	2.530970e+05
6.672600e+01	2.525940e+05
6.677500e+01	2.515850e+05
6.682600e+01	2.553050e+05
6.687600e+01	2.531890e+05
6.692600e+01	2.546470e+05
6.697500e+01	2.513030e+05
6.702600e+01	2.563230e+05
6.707700e+01	2.528020e+05
6.712600e+01	2.573370e+05
6.717600e+01	2.547660e+05
6.722600e+01	2.550220e+05
6.727600e+01	2.544970e+05
6.732600e+01	2.533060e+05
6.737700e+01	2.495840e+05
6.742700e+01	2.500730e+05
6.747600e+01	2.498730e+05
6.752700e+01	2.505350e+05
6.757700e+01	2.498080e+05
6.762700e+01	2.516380e+05
6.767700e+01	2.562510e+05
6.772700e+01	2.527030e+05
6.777700e+01	2.554260e+05
6.782700e+01	2.517520e+05
6.787800e+01	2.537120e+05
6.792700e+01	2.535880e+05
6.797800e+01	2.539880e+05
6.802800e+01	2.556450e+05
6.807700e+01	2.510670e+05
6.812800e+01	2.526570e+05
6.817800e+01	2.531030e+05
6.822800e+01	2.542430e+05
6.827800e+01	2.557190e+05
6.832800e+01	2.538510e+05
6.837900e+01	2.476480e+05
6.842900e+01	2.495250e+05
6.847900e+01	2.473540e+05
6.852900e+01	2.529290e+05
6.857800e+01	2.496410e+05
6.862900e+01	2.546150e+05
6.867900e+01	2.490470e+05
6.873000e+01	2.518010e+05
6.878000e+01	2.523940e+05
6.883000e+01	2.531300e+05
6.887900e+01	2.545390e+05
6.893000e+01	2.523060e+05
6.897900e+01	2.524840e+05
6.903000e+01	2.526960e+05
6.907900e+01	2.530710e+05
6.913000e+01	2.546730e+05
6.918000e+01	2.540730e+05
6.923100e+01	2.544740e+05
6.928000e+01	2.522850e+05
6.933000e+01	2.491520e+05
6.938000e+01	2.491910e+05
6.943000e+01	2.468840e+05
6.948000e+01	2.505300e+05
6.953000e+01	2.476090e+05
6.958100e+01	2.489130e+05
6.963100e+01	2.491410e+05
6.968100e+01	2.504980e+05
6.973200e+01	2.520540e+05
6.978100e+01	2.501740e+05
6.983100e+01	2.512050e+05
6.988200e+01	2.524780e+05
6.993200e+01	2.508290e+05
6.998100e+01	2.530410e+05
7.003100e+01	2.502960e+05
7.008200e+01	2.522270e+05
7.013100e+01	2.510220e+05
7.018200e+01	2.521900e+05
7.023200e+01	2.530850e+05
7.028200e+01	2.534360e+05
7.033200e+01	2.518240e+05
7.038200e+01	2.458790e+05
7.043300e+01	2.453360e+05
7.048200e+01	2.463530e+05
7.053200e+01	2.471750e+05
7.058200e+01	2.484120e+05
7.063300e+01	2.492780e+05
7.068300e+01	2.491290e+05
7.073300e+01	2.500100e+05
7.078300e+01	2.494530e+05
7.083300e+01	2.524400e+05
7.088300e+01	2.507480e+05
7.093400e+01	2.520600e+05
7.098300e+01	2.500070e+05
7.103400e+01	2.511330e+05
7.108400e+01	2.525960e+05
7.113400e+01	2.516010e+05
7.118400e+01	2.524980e+05
7.123300e+01	2.493750e+05
7.128400e+01	2.529830e+05
7.133500e+01	2.501400e+05
7.138400e+01	2.480570e+05
7.143600e+01	2.460630e+05
7.148500e+01	2.462410e+05
7.153400e+01	2.476890e+05
7.158500e+01	2.490170e+05
7.163400e+01	2.499090e+05
7.168400e+01	2.490140e+05
7.173500e+01	2.473660e+05
7.178500e+01	2.506020e+05
7.183500e+01	2.482310e+05
7.188500e+01	2.512940e+05
7.193500e+01	2.498850e+05
7.198600e+01	2.498300e+05
7.203500e+01	2.516090e+05
7.208600e+01	2.489990e+05
7.213600e+01	2.509680e+05
7.218600e+01	2.513040e+05
7.223600e+01	2.521250e+05
7.228600e+01	2.510230e+05
7.233600e+01	2.456780e+05
7.238600e+01	2.445830e+05
7.243600e+01	2.460860e+05
7.248600e+01	2.461910e+05
7.253600e+01	2.489820e+05
7.258600e+01	2.468230e+05
7.263600e+01	2.474810e+05
7.268700e+01	2.476660e+05
7.273700e+01	2.467330e+05
7.278700e+01	2.495880e+05
7.283600e+01	2.493420e+05
7.288700e+01	2.490200e+05
7.293700e+01	2.474070e+05
7.298700e+01	2.492830e+05
7.303700e+01	2.500150e+05
7.308700e+01	2.519440e+05
7.313700e+01	2.508140e+05
7.318800e+01	2.504890e+05
7.323800e+01	2.486160e+05
7.328800e+01	2.518740e+05
7.333800e+01	2.473710e+05
7.338800e+01	2.452570e+05
7.343800e+01	2.447610e+05
7.348800e+01	2.443440e+05
7.353800e+01	2.449140e+05
7.358800e+01	2.464190e+05
7.363900e+01	2.473670e+05
7.368800e+01	2.493690e+05
7.373800e+01	2.476690e+05
7.378800e+01	2.464390e+05
7.383800e+01	2.491890e+05
7.388800e+01	2.479180e+05
7.393900e+01	2.509020e+05
7.398900e+01	2.472760e+05
7.403900e+01	2.503800e+05
7.409000e+01	2.459870e+05
7.413900e+01	2.484380e+05
7.418900e+01	2.505330e+05
7.424000e+01	2.489350e+05
7.429000e+01	2.498320e+05
7.434000e+01	2.485840e+05
7.439000e+01	2.416430e+05
7.444000e+01	2.431300e+05
7.449000e+01	2.457000e+05
7.454000e+01	2.453640e+05
7.459000e+01	2.473300e+05
7.464000e+01	2.439980e+05
7.469100e+01	2.472550e+05
7.474100e+01	2.456650e+05
7.479100e+01	2.508250e+05
7.484100e+01	2.453630e+05
7.489200e+01	2.490310e+05
7.494000e+01	2.463240e+05
7.499100e+01	2.501290e+05
7.504100e+01	2.483020e+05
7.509100e+01	2.487350e+05
7.514100e+01	2.490830e+05
7.519200e+01	2.494630e+05
7.524200e+01	2.462710e+05
7.529100e+01	2.469820e+05
7.534100e+01	2.466560e+05
7.539200e+01	2.412680e+05
7.544200e+01	2.428640e+05
7.549100e+01	2.421620e+05
7.554100e+01	2.453220e+05
7.559200e+01	2.422260e+05
7.564300e+01	2.499500e+05
7.569300e+01	2.438300e+05
7.574300e+01	2.477030e+05
7.579300e+01	2.446050e+05
7.584200e+01	2.469180e+05
7.589300e+01	2.483610e+05
7.594300e+01	2.462740e+05
7.599300e+01	2.474930e+05
7.604300e+01	2.459210e+05
7.609300e+01	2.481460e+05
7.614300e+01	2.479880e+05
7.619300e+01	2.482570e+05
7.624300e+01	2.488390e+05
7.629400e+01	2.474660e+05
7.634400e+01	2.440520e+05
7.639400e+01	2.416100e+05
7.644300e+01	2.411190e+05
7.649400e+01	2.442550e+05
7.654400e+01	2.407840e+05
7.659300e+01	2.451560e+05
7.664400e+01	2.436420e+05
7.669400e+01	2.440390e+05
7.674400e+01	2.488340e+05
7.679400e+01	2.455970e+05
7.684500e+01	2.479650e+05
7.689400e+01	2.454780e+05
7.694400e+01	2.468510e+05
7.699400e+01	2.447570e+05
7.704500e+01	2.486510e+05
7.709500e+01	2.476390e+05
7.714500e+01	2.469750e+05
7.719500e+01	2.456770e+05
7.724500e+01	2.472290e+05
7.729500e+01	2.476670e+05
7.734500e+01	2.482370e+05
7.739500e+01	2.399450e+05
7.744600e+01	2.424930e+05
7.749500e+01	2.432020e+05
7.754600e+01	2.417770e+05
7.759600e+01	2.452360e+05
7.764500e+01	2.430850e+05
7.769600e+01	2.438170e+05
7.774600e+01	2.443390e+05
7.779600e+01	2.450730e+05
7.784600e+01	2.451170e+05
7.789700e+01	2.465310e+05
7.794700e+01	2.462240e+05
7.799700e+01	2.470770e+05
7.804700e+01	2.448530e+05
7.809700e+01	2.477820e+05
7.814700e+01	2.453060e+05
7.819700e+01	2.492270e+05
7.824600e+01	2.464290e+05
7.829700e+01	2.451380e+05
7.834700e+01	2.437750e+05
7.839800e+01	2.402460e+05
7.844700e+01	2.417540e+05
7.849800e+01	2.418850e+05
7.854700e+01	2.426920e+05
7.859800e+01	2.410170e+05
7.864800e+01	2.444390e+05
7.869700e+01	2.435690e+05
7.874800e+01	2.452950e+05
7.879800e+01	2.446340e+05
7.884800e+01	2.417230e+05
7.889800e+01	2.420980e+05
7.894800e+01	2.454080e+05
7.899900e+01	2.446920e+05
7.904800e+01	2.469450e+05
7.909900e+01	2.427820e+05
7.914900e+01	2.447660e+05
7.919900e+01	2.445080e+05
7.924900e+01	2.452890e+05
7.929900e+01	2.471580e+05
7.934900e+01	2.418630e+05
7.940000e+01	2.413240e+05
7.944900e+01	2.370390e+05
7.949900e+01	2.399360e+05
7.954900e+01	2.414560e+05
7.960000e+01	2.441710e+05
7.965000e+01	2.446750e+05
7.969900e+01	2.425420e+05
7.975000e+01	2.412380e+05
7.980000e+01	2.442040e+05
7.985100e+01	2.435190e+05
7.990000e+01	2.471560e+05
7.995000e+01	2.427880e+05
8.000100e+01	2.444790e+05
8.005000e+01	2.432020e+05
8.010100e+01	2.423590e+05
8.015100e+01	2.458830e+05
8.020100e+01	2.441440e+05
8.025100e+01	2.463520e+05
8.030000e+01	2.433070e+05
8.035100e+01	2.407170e+05
8.040100e+01	2.377630e+05
8.045100e+01	2.414640e+05
8.050100e+01	2.402800e+05
8.055100e+01	2.406840e+05
8.060100e+01	2.390440e+05
8.065100e+01	2.420480e+05
8.070100e+01	2.414300e+05
8.075100e+01	2.447950e+05
8.080200e+01	2.412860e+05
8.085100e+01	2.431970e+05
8.090200e+01	2.441060e+05
8.095200e+01	2.437850e+05
8.100200e+01	2.450080e+05
8.105200e+01	2.453750e+05
8.110200e+01	2.442430e+05
8.115200e+01	2.418930e+05
8.120200e+01	2.444460e+05
8.125300e+01	2.433680e+05
8.130300e+01	2.436290e+05
8.135200e+01	2.387280e+05
8.140200e+01	2.377880e+05
8.145200e+01	2.377740e+05
8.150300e+01	2.398860e+05
8.155300e+01	2.406940e+05
8.160300e+01	2.423390e+05
8.165300e+01	2.396620e+05
8.170400e+01	2.411120e+05
8.175400e+01	2.413890e+05
8.180300e+01	2.429200e+05
8.185400e+01	2.436010e+05
8.190400e+01	2.421010e+05
8.195400e+01	2.437810e+05
8.200300e+01	2.395680e+05
8.205400e+01	2.450250e+05
8.210500e+01	2.429580e+05
8.215500e+01	2.472330e+05
8.220400e+01	2.427990e+05
8.225400e+01	2.442580e+05
8.230500e+01	2.423620e+05
8.235400e+01	2.402960e+05
8.240500e+01	2.374330e+05
8.245400e+01	2.387420e+05
8.250500e+01	2.377270e+05
8.255500e+01	2.391400e+05
8.260500e+01	2.383830e+05
8.265500e+01	2.412460e+05
8.270500e+01	2.413310e+05
8.275600e+01	2.440820e+05
8.280500e+01	2.408350e+05
8.285600e+01	2.401360e+05
8.290600e+01	2.421630e+05
8.295500e+01	2.419030e+05
8.300500e+01	2.462750e+05
8.305600e+01	2.398580e+05
8.310600e+01	2.422300e+05
8.315700e+01	2.400880e+05
8.320600e+01	2.433570e+05
8.325600e+01	2.422660e+05
8.330700e+01	2.428940e+05
8.335700e+01	2.380660e+05
8.340700e+01	2.371290e+05
8.345700e+01	2.371090e+05
8.350700e+01	2.401530e+05
8.355700e+01	2.389470e+05
8.360700e+01	2.426270e+05
8.365700e+01	2.387700e+05
8.370700e+01	2.379640e+05
8.375700e+01	2.405670e+05
8.380700e+01	2.403820e+05
8.385700e+01	2.432680e+05
8.390800e+01	2.399180e+05
8.395800e+01	2.434640e+05
8.400800e+01	2.401290e+05
8.405800e+01	2.435510e+05
8.410800e+01	2.417540e+05
8.415700e+01	2.437070e+05
8.420900e+01	2.422470e+05
8.425900e+01	2.423380e+05
8.430800e+01	2.412310e+05
8.435800e+01	2.373920e+05
8.440800e+01	2.354430e+05
8.445900e+01	2.384800e+05
8.450900e+01	2.372010e+05
8.455800e+01	2.401410e+05
8.460900e+01	2.385480e+05
8.465900e+01	2.405240e+05
8.470900e+01	2.405200e+05
8.475900e+01	2.406710e+05
8.480900e+01	2.423680e+05
8.485900e+01	2.372420e+05
8.491000e+01	2.417680e+05
8.495900e+01	2.402190e+05
8.501000e+01	2.431640e+05
8.506000e+01	2.412450e+05
8.511000e+01	2.418520e+05
8.516000e+01	2.416360e+05
8.521000e+01	2.410370e+05
8.526000e+01	2.423070e+05
8.531100e+01	2.431550e+05
8.536000e+01	2.369930e+05
8.541100e+01	2.361340e+05
8.546000e+01	2.359750e+05
8.551100e+01	2.386810e+05
8.556000e+01	2.382830e+05
8.561100e+01	2.390320e+05
8.566100e+01	2.395310e+05
8.571100e+01	2.381050e+05
8.576100e+01	2.414440e+05
8.581100e+01	2.404870e+05
8.586100e+01	2.403530e+05
8.591200e+01	2.408060e+05
8.596100e+01	2.386630e+05
8.601200e+01	2.419550e+05
8.606200e+01	2.388240e+05
8.611200e+01	2.407170e+05
8.616200e+01	2.411270e+05
8.621200e+01	2.409940e+05
8.626100e+01	2.413090e+05
8.631300e+01	2.390810e+05
8.636200e+01	2.382200e+05
8.641300e+01	2.367050e+05
8.646200e+01	2.356590e+05
8.651300e+01	2.383780e+05
8.656200e+01	2.356740e+05
8.661300e+01	2.396360e+05
8.666200e+01	2.381750e+05
8.671300e+01	2.388810e+05
8.676300e+01	2.417980e+05
8.681300e+01	2.388570e+05
8.686300e+01	2.408980e+05
8.691300e+01	2.390320e+05
8.696400e+01	2.415270e+05
8.701400e+01	2.416890e+05
8.706400e+01	2.405370e+05
8.711500e+01	2.400670e+05
8.716300e+01	2.404710e+05
8.721400e+01	2.406770e+05
8.726400e+01	2.420740e+05
8.731400e+01	2.374160e+05
8.736400e+01	2.379740e+05
8.741400e+01	2.340090e+05
8.746400e+01	2.389820e+05
8.751400e+01	2.356740e+05
8.756400e+01	2.375240e+05
8.761500e+01	2.392160e+05
8.766500e+01	2.375900e+05
8.771500e+01	2.388730e+05
8.776500e+01	2.378090e+05
8.781500e+01	2.399490e+05
8.786500e+01	2.384760e+05
8.791500e+01	2.412550e+05
8.796600e+01	2.373130e+05
8.801600e+01	2.403970e+05
8.806600e+01	2.385830e+05
8.811600e+01	2.422760e+05
8.816600e+01	2.389220e+05
8.821600e+01	2.416800e+05
8.826600e+01	2.390830e+05
8.831600e+01	2.419210e+05
8.836600e+01	2.348040e+05
8.841600e+01	2.353390e+05
8.846700e+01	2.358040e+05
8.851600e+01	2.338290e+05
8.856600e+01	2.384310e+05
8.861600e+01	2.369760e+05
8.866700e+01	2.385300e+05
8.871700e+01	2.402600e+05
8.876700e+01	2.387520e+05
8.881700e+01	2.393130e+05
8.886700e+01	2.386730e+05
8.891700e+01	2.388620e+05
8.896700e+01	2.418180e+05
8.901700e+01	2.380610e+05
8.906700e+01	2.396350e+05
8.911700e+01	2.394660e+05
8.916700e+01	2.388700e+05
8.921800e+01	2.424570e+05
8.926700e+01	2.392950e+05
8.931700e+01	2.408220e+05
8.936800e+01	2.356200e+05
8.941800e+01	2.335570e+05
8.946800e+01	2.379420e+05
8.951800e+01	2.349790e+05
8.956800e+01	2.386570e+05
8.961800e+01	2.368570e+05
8.966800e+01	2.340440e+05
8.971800e+01	2.378600e+05
8.976900e+01	2.384640e+05
8.981900e+01	2.405710e+05
8.986900e+01	2.381890e+05
8.991900e+01	2.388910e+05
8.996800e+01	2.390320e+05
9.001900e+01	2.406190e+05
9.006900e+01	2.410130e+05
9.012000e+01	2.419800e+05
9.016900e+01	2.401130e+05
9.022000e+01	2.398440e+05
9.027000e+01	2.375640e+05
9.031900e+01	2.417970e+05
9.037000e+01	2.345080e+05
9.042000e+01	2.366750e+05
9.046900e+01	2.350780e+05
9.052000e+01	2.354940e+05
9.056900e+01	2.377570e+05
9.062000e+01	2.365430e+05
9.067000e+01	2.376670e+05
9.072100e+01	2.379380e+05
9.077100e+01	2.394260e+05
9.082100e+01	2.390370e+05
9.087100e+01	2.371940e+05
9.092000e+01	2.368580e+05
9.097100e+01	2.385160e+05
9.102100e+01	2.385910e+05
9.107100e+01	2.375570e+05
9.112100e+01	2.375570e+05
9.117100e+01	2.399900e+05
9.122100e+01	2.389320e+05
9.127100e+01	2.402860e+05
9.132200e+01	2.381060e+05
9.137200e+01	2.314810e+05
9.142200e+01	2.346050e+05
9.147200e+01	2.351070e+05
9.152200e+01	2.357020e+05
9.157200e+01	2.369040e+05
9.162200e+01	2.364770e+05
9.167200e+01	2.372440e+05
9.172200e+01	2.379110e+05
9.177200e+01	2.389460e+05
9.182300e+01	2.391840e+05
9.187300e+01	2.367880e+05
9.192200e+01	2.382080e+05
9.197200e+01	2.393430e+05
9.202300e+01	2.375040e+05
9.207300e+01	2.392370e+05
9.212300e+01	2.375450e+05
9.217300e+01	2.391570e+05
9.222400e+01	2.378440e+05
9.227400e+01	2.405560e+05
9.232400e+01	2.392480e+05
9.237400e+01	2.328140e+05
9.242300e+01	2.336490e+05
9.247300e+01	2.340250e+05
9.252300e+01	2.371720e+05
9.257400e+01	2.376240e+05
9.262400e+01	2.384500e+05
9.267400e+01	2.369960e+05
9.272400e+01	2.365760e+05
9.277400e+01	2.379770e+05
9.282400e+01	2.372450e+05
9.287400e+01	2.390140e+05
9.292500e+01	2.403700e+05
9.297400e+01	2.387580e+05
9.302500e+01	2.391060e+05
9.307500e+01	2.375140e+05
9.312500e+01	2.403440e+05
9.317500e+01	2.388000e+05
9.322500e+01	2.401430e+05
9.327500e+01	2.380000e+05
9.332500e+01	2.381730e+05
9.337500e+01	2.324120e+05
9.342600e+01	2.354580e+05
9.347500e+01	2.349900e+05
9.352500e+01	2.386780e+05
9.357600e+01	2.362460e+05
9.362600e+01	2.368410e+05
9.367600e+01	2.376740e+05
9.372600e+01	2.408600e+05
9.377600e+01	2.421030e+05
9.382600e+01	2.378530e+05
9.387600e+01	2.393540e+05
9.392700e+01	2.376080e+05
9.397600e+01	2.411260e+05
9.402700e+01	2.395870e+05
9.407700e+01	2.412080e+05
9.412600e+01	2.391110e+05
9.417700e+01	2.397720e+05
9.422700e+01	2.390160e+05
9.427700e+01	2.409120e+05
9.432700e+01	2.391970e+05
9.437700e+01	2.344110e+05
9.442800e+01	2.342780e+05
9.447800e+01	2.333110e+05
9.452800e+01	2.365490e+05
9.457800e+01	2.366100e+05
9.462800e+01	2.410540e+05
9.467800e+01	2.357960e+05
9.472800e+01	2.384490e+05
9.477700e+01	2.371290e+05
9.482800e+01	2.395680e+05
9.487800e+01	2.390240e+05
9.492800e+01	2.397630e+05
9.497800e+01	2.376500e+05
9.502800e+01	2.398580e+05
9.507800e+01	2.372900e+05
9.512900e+01	2.397340e+05
9.517900e+01	2.396170e+05
9.522900e+01	2.402760e+05
9.527900e+01	2.401120e+05
9.532900e+01	2.378110e+05
9.538000e+01	2.338590e+05
9.543000e+01	2.350380e+05
9.547900e+01	2.387700e+05
9.553000e+01	2.361960e+05
9.557900e+01	2.380110e+05
9.562900e+01	2.369690e+05
9.568000e+01	2.381730e+05
9.572900e+01	2.385280e+05
9.578000e+01	2.425890e+05
9.583000e+01	2.373870e+05
9.588000e+01	2.393390e+05
9.593100e+01	2.386220e+05
9.598000e+01	2.404260e+05
9.603000e+01	2.405000e+05
9.608000e+01	2.403910e+05
9.613100e+01	2.413740e+05
9.618100e+01	2.390430e+05
9.623100e+01	2.409960e+05
9.628000e+01	2.384900e+05
9.633100e+01	2.409790e+05
9.638100e+01	2.338130e+05
9.643100e+01	2.342050e+05
9.648100e+01	2.353670e+05
9.653100e+01	2.384360e+05
9.658100e+01	2.368430e+05
9.663200e+01	2.386930e+05
9.668200e+01	2.368540e+05
9.673200e+01	2.396000e+05
9.678200e+01	2.385960e+05
9.683200e+01	2.396680e+05
9.688200e+01	2.398170e+05
9.693200e+01	2.391880e+05
9.698100e+01	2.413080e+05
9.703200e+01	2.384830e+05
9.708200e+01	2.422060e+05
9.713200e+01	2.414550e+05
9.718200e+01	2.406530e+05
9.723200e+01	2.407000e+05
9.728200e+01	2.408050e+05
9.733200e+01	2.389500e+05
9.738200e+01	2.378510e+05
9.743300e+01	2.350520e+05
9.748300e+01	2.382270e+05
9.753300e+01	2.351750e+05
9.758300e+01	2.383190e+05
9.763300e+01	2.387180e+05
9.768300e+01	2.398130e+05
9.773400e+01	2.409830e+05
9.778300e+01	2.396070e+05
9.783300e+01	2.398490e+05
9.788400e+01	2.387320e+05
9.793400e+01	2.405820e+05
9.798500e+01	2.407810e+05
9.803400e+01	2.406250e+05
9.808400e+01	2.380050e+05
9.813400e+01	2.406310e+05
9.818400e+01	2.394610e+05
9.823400e+01	2.426920e+05
9.828400e+01	2.404300e+05
9.833500e+01	2.408560e+05
9.838500e+01	2.353840e+05
9.843500e+01	2.384850e+05
9.848400e+01	2.363430e+05
9.853500e+01	2.398140e+05
9.858500e+01	2.400040e+05
9.863600e+01	2.395590e+05
9.868500e+01	2.404890e+05
9.873500e+01	2.387140e+05
9.878500e+01	2.420500e+05
9.883500e+01	2.409530e+05
9.888500e+01	2.420770e+05
9.893500e+01	2.409240e+05
9.898500e+01	2.391670e+05
9.903600e+01	2.415840e+05
9.908600e+01	2.430550e+05
9.913600e+01	2.409680e+05
9.918600e+01	2.445510e+05
9.923600e+01	2.384730e+05
9.928600e+01	2.413170e+05
9.933700e+01	2.387710e+05
9.938700e+01	2.380220e+05
9.943600e+01	2.387840e+05
9.948700e+01	2.370290e+05
9.953600e+01	2.399110e+05
9.958700e+01	2.387070e+05
9.963800e+01	2.413340e+05
9.968800e+01	2.410720e+05
9.973800e+01	2.414950e+05
9.978800e+01	2.407960e+05
9.983700e+01	2.429690e+05
9.988700e+01	2.392500e+05
9.993800e+01	2.440220e+05
9.998800e+01	2.411820e+05
1.000370e+02	2.440330e+05
1.000880e+02	2.420540e+05
1.001380e+02	2.427460e+05
1.001880e+02	2.419310e+05
1.002390e+02	2.424690e+05
1.002880e+02	2.432020e+05
1.003380e+02	2.411080e+05
1.003880e+02	2.387870e+05
1.004390e+02	2.363730e+05
1.004880e+02	2.392640e+05
1.005380e+02	2.395610e+05
1.005890e+02	2.423750e+05
1.006390e+02	2.390540e+05
1.006890e+02	2.422570e+05
1.007400e+02	2.408930e+05
1.007890e+02	2.439490e+05
1.008400e+02	2.421150e+05
1.008900e+02	2.418620e+05
1.009400e+02	2.413560e+05
1.009900e+02	2.441290e+05
1.010400e+02	2.418360e+05
1.010900e+02	2.440670e+05
1.011400e+02	2.412210e+05
1.011900e+02	2.443140e+05
1.012400e+02	2.445210e+05
1.012900e+02	2.412080e+05
1.013410e+02	2.417040e+05
1.013900e+02	2.384390e+05
1.014400e+02	2.414470e+05
1.014900e+02	2.385970e+05
1.015410e+02	2.401280e+05
1.015910e+02	2.408160e+05
1.016410e+02	2.395500e+05
1.016900e+02	2.394240e+05
1.017410e+02	2.438640e+05
1.017910e+02	2.422710e+05
1.018410e+02	2.430570e+05
1.018910e+02	2.398240e+05
1.019420e+02	2.450760e+05
1.019920e+02	2.431520e+05
1.020410e+02	2.448420e+05
1.020910e+02	2.442770e+05
1.021420e+02	2.420290e+05
1.021920e+02	2.445800e+05
1.022420e+02	2.418360e+05
1.022920e+02	2.448090e+05
1.023420e+02	2.415120e+05
1.023920e+02	2.388910e+05
1.024430e+02	2.406320e+05
1.024930e+02	2.408760e+05
1.025430e+02	2.419600e+05
1.025920e+02	2.424510e+05
1.026420e+02	2.407060e+05
1.026930e+02	2.424660e+05
1.027440e+02	2.419600e+05
1.027920e+02	2.443790e+05
1.028430e+02	2.429140e+05
1.028930e+02	2.416680e+05
1.029430e+02	2.445760e+05
1.029930e+02	2.411510e+05
1.030430e+02	2.457520e+05
1.030930e+02	2.435760e+05
1.031440e+02	2.437220e+05
1.031940e+02	2.448880e+05
1.032440e+02	2.434250e+05
1.032940e+02	2.437750e+05
1.033440e+02	2.416990e+05
1.033940e+02	2.394700e+05
1.034440e+02	2.408810e+05
1.034940e+02	2.382850e+05
1.035450e+02	2.434640e+05
1.035940e+02	2.402710e+05
1.036450e+02	2.428110e+05
1.036950e+02	2.436070e+05
1.037450e+02	2.422620e+05
1.037950e+02	2.444380e+05
1.038440e+02	2.412930e+05
1.038940e+02	2.444890e+05
1.039450e+02	2.438990e+05
1.039950e+02	2.448020e+05
1.040450e+02	2.416960e+05
1.040950e+02	2.440120e+05
1.041460e+02	2.440420e+05
1.041960e+02	2.453840e+05
1.042460e+02	2.430670e+05
1.042960e+02	2.469960e+05
1.043460e+02	2.405730e+05
1.043960e+02	2.395030e+05
1.044460e+02	2.385690e+05
1.044960e+02	2.446160e+05
1.045470e+02	2.409130e+05
1.045960e+02	2.425590e+05
1.046460e+02	2.406560e+05
1.046960e+02	2.414130e+05
1.047470e+02	2.457330e+05
1.047970e+02	2.421550e+05
1.048470e+02	2.468570e+05
1.048970e+02	2.424060e+05
1.049470e+02	2.440090e+05
1.049980e+02	2.448050e+05
1.050470e+02	2.453630e+05
1.050970e+02	2.459670e+05
1.051480e+02	2.461040e+05
1.051970e+02	2.404040e+05
1.052470e+02	2.459890e+05
1.052980e+02	2.410440e+05
1.053470e+02	2.460390e+05
1.053970e+02	2.381000e+05
1.054480e+02	2.417510e+05
1.054980e+02	2.419380e+05
1.055480e+02	2.405390e+05
1.055970e+02	2.447660e+05
1.056480e+02	2.414370e+05
1.056980e+02	2.466430e+05
1.057490e+02	2.428600e+05
1.057980e+02	2.457380e+05
1.058490e+02	2.420980e+05
1.058990e+02	2.461570e+05
1.059490e+02	2.430660e+05
1.059990e+02	2.466970e+05
1.060490e+02	2.422520e+05
1.061000e+02	2.458120e+05
1.061490e+02	2.434410e+05
1.062000e+02	2.471730e+05
1.062500e+02	2.452540e+05
1.062990e+02	2.454220e+05
1.063490e+02	2.411090e+05
1.064000e+02	2.418380e+05
1.064490e+02	2.394650e+05
1.065000e+02	2.413320e+05
1.065500e+02	2.432520e+05
1.066000e+02	2.395960e+05
1.066500e+02	2.469790e+05
1.067000e+02	2.410900e+05
1.067510e+02	2.456880e+05
1.068000e+02	2.445180e+05
1.068510e+02	2.446580e+05
1.069010e+02	2.438670e+05
1.069500e+02	2.451180e+05
1.070010e+02	2.445850e+05
1.070510e+02	2.477630e+05
1.071010e+02	2.449740e+05
1.071510e+02	2.455470e+05
1.072010e+02	2.451800e+05
1.072510e+02	2.460140e+05
1.073010e+02	2.489150e+05
1.073520e+02	2.431860e+05
1.074010e+02	2.419830e+05
1.074520e+02	2.405700e+05
1.075020e+02	2.435060e+05
1.075520e+02	2.427910e+05
1.076020e+02	2.440670e+05
1.076520e+02	2.393160e+05
1.077020e+02	2.459460e+05
1.077530e+02	2.427660e+05
1.078020e+02	2.441780e+05
1.078530e+02	2.431910e+05
1.079020e+02	2.442530e+05
1.079530e+02	2.456890e+05
1.080030e+02	2.460790e+05
1.080530e+02	2.428170e+05
1.081030e+02	2.450700e+05
1.081530e+02	2.428960e+05
1.082030e+02	2.465510e+05
1.082540e+02	2.427680e+05
1.083030e+02	2.453110e+05
1.083530e+02	2.429200e+05
1.084030e+02	2.380790e+05
1.084530e+02	2.435430e+05
1.085040e+02	2.391480e+05
1.085540e+02	2.436970e+05
1.086040e+02	2.424380e+05
1.086540e+02	2.426110e+05
1.087040e+02	2.446880e+05
1.087540e+02	2.412270e+05
1.088040e+02	2.417860e+05
1.088540e+02	2.437360e+05
1.089040e+02	2.411420e+05
1.089540e+02	2.447480e+05
1.090040e+02	2.439270e+05
1.090540e+02	2.439260e+05
1.091040e+02	2.458450e+05
1.091540e+02	2.417320e+05
1.092040e+02	2.450890e+05
1.092550e+02	2.448040e+05
1.093040e+02	2.451580e+05
1.093550e+02	2.428660e+05
1.094050e+02	2.403200e+05
1.094560e+02	2.370590e+05
1.095060e+02	2.427220e+05
1.095560e+02	2.413050e+05
1.096050e+02	2.448410e+05
1.096560e+02	2.427060e+05
1.097060e+02	2.426380e+05
1.097560e+02	2.430120e+05
1.098060e+02	2.438730e+05
1.098560e+02	2.448970e+05
1.099060e+02	2.439050e+05
1.099570e+02	2.439180e+05
1.100060e+02	2.450410e+05
1.100570e+02	2.434420e+05
1.101060e+02	2.437680e+05
1.101570e+02	2.461260e+05
1.102070e+02	2.449680e+05
1.102570e+02	2.466310e+05
1.103070e+02	2.435550e+05
1.103570e+02	2.412720e+05
1.104070e+02	2.414880e+05
1.104570e+02	2.425000e+05
1.105070e+02	2.427700e+05
1.105570e+02	2.415220e+05
1.106080e+02	2.401330e+05
1.106580e+02	2.438200e+05
1.107080e+02	2.438820e+05
1.107580e+02	2.452620e+05
1.108080e+02	2.447530e+05
1.108590e+02	2.452820e+05
1.109080e+02	2.440850e+05
1.109590e+02	2.452980e+05
1.110080e+02	2.462500e+05
1.110590e+02	2.477450e+05
1.111080e+02	2.456610e+05
1.111590e+02	2.447150e+05
1.112080e+02	2.427180e+05
1.112580e+02	2.438100e+05
1.113090e+02	2.456830e+05
1.113590e+02	2.420090e+05
1.114090e+02	2.412770e+05
1.114590e+02	2.399470e+05
1.115090e+02	2.422910e+05
1.115590e+02	2.437530e+05
1.116090e+02	2.435960e+05
1.116600e+02	2.461030e+05
1.117100e+02	2.427050e+05
1.117600e+02	2.435200e+05
1.118090e+02	2.440580e+05
1.118600e+02	2.431800e+05
1.119090e+02	2.467340e+05
1.119600e+02	2.440010e+05
1.120100e+02	2.446520e+05
1.120600e+02	2.449510e+05
1.121100e+02	2.452110e+05
1.121610e+02	2.459740e+05
1.122110e+02	2.455730e+05
1.122610e+02	2.462940e+05
1.123110e+02	2.466850e+05
1.123600e+02	2.409320e+05
1.124110e+02	2.405020e+05
1.124610e+02	2.396140e+05
1.125110e+02	2.441120e+05
1.125610e+02	2.416440e+05
1.126110e+02	2.430150e+05
1.126610e+02	2.429560e+05
1.127110e+02	2.443220e+05
1.127620e+02	2.456090e+05
1.128120e+02	2.445690e+05
1.128620e+02	2.452460e+05
1.129120e+02	2.435910e+05
1.129620e+02	2.464090e+05
1.130110e+02	2.465780e+05
1.130620e+02	2.456670e+05
1.131120e+02	2.467690e+05
1.131620e+02	2.470090e+05
1.132120e+02	2.443710e+05
1.132620e+02	2.477380e+05
1.133130e+02	2.447120e+05
1.133630e+02	2.438210e+05
1.134130e+02	2.413700e+05
1.134620e+02	2.434780e+05
1.135120e+02	2.419070e+05
1.135630e+02	2.432530e+05
1.136130e+02	2.432800e+05
1.136640e+02	2.437890e+05
1.137130e+02	2.443450e+05
1.137640e+02	2.454720e+05
1.138130e+02	2.444210e+05
1.138630e+02	2.465290e+05
1.139130e+02	2.458450e+05
1.139640e+02	2.447710e+05
1.140140e+02	2.472240e+05
1.140630e+02	2.433610e+05
1.141140e+02	2.474160e+05
1.141640e+02	2.438730e+05
1.142140e+02	2.464680e+05
1.142650e+02	2.446650e+05
1.143140e+02	2.451330e+05
1.143650e+02	2.404670e+05
1.144150e+02	2.437910e+05
1.144650e+02	2.414790e+05
1.145140e+02	2.442450e+05
1.145650e+02	2.420420e+05
1.146150e+02	2.442660e+05
1.146650e+02	2.437190e+05
1.147150e+02	2.437280e+05
1.147660e+02	2.443610e+05
1.148160e+02	2.434200e+05
1.148660e+02	2.448080e+05
1.149150e+02	2.444430e+05
1.149650e+02	2.465720e+05
1.150160e+02	2.462310e+05
1.150650e+02	2.468620e+05
1.151160e+02	2.451470e+05
1.151660e+02	2.454390e+05
1.152160e+02	2.460070e+05
1.152660e+02	2.476200e+05
1.153160e+02	2.465850e+05
1.153670e+02	2.446640e+05
1.154160e+02	2.408210e+05
1.154670e+02	2.421190e+05
1.155160e+02	2.448930e+05
1.155670e+02	2.446950e+05
1.156170e+02	2.440430e+05
1.156670e+02	2.450810e+05
1.157170e+02	2.451530e+05
1.157670e+02	2.464790e+05
1.158170e+02	2.475550e+05
1.158680e+02	2.453990e+05
1.159180e+02	2.459560e+05
1.159670e+02	2.450900e+05
1.160170e+02	2.466570e+05
1.160670e+02	2.443230e+05
1.161180e+02	2.483050e+05
1.161680e+02	2.467570e+05
1.162180e+02	2.477910e+05
1.162680e+02	2.473420e+05
1.163180e+02	2.457820e+05
1.163680e+02	2.449580e+05
1.164180e+02	2.432500e+05
1.164690e+02	2.445030e+05
1.165180e+02	2.429850e+05
1.165680e+02	2.444820e+05
1.166180e+02	2.441520e+05
1.166690e+02	2.464530e+05
1.167180e+02	2.477210e+05
1.167690e+02	2.466540e+05
1.168200e+02	2.459340e+05
1.168690e+02	2.476350e+05
1.169200e+02	2.455270e+05
1.169690e+02	2.483770e+05
1.170200e+02	2.472660e+05
1.170700e+02	2.481640e+05
1.171200e+02	2.468260e+05
1.171690e+02	2.448260e+05
1.172200e+02	2.482990e+05
1.172700e+02	2.467440e+05
1.173200e+02	2.496570e+05
1.173700e+02	2.439090e+05
1.174200e+02	2.427360e+05
1.174710e+02	2.443720e+05
1.175210e+02	2.433720e+05
1.175710e+02	2.452660e+05
1.176200e+02	2.453810e+05
1.176710e+02	2.451380e+05
1.177210e+02	2.462130e+05
1.177710e+02	2.440690e+05
1.178210e+02	2.467640e+05
1.178710e+02	2.483430e+05
1.179210e+02	2.458960e+05
1.179710e+02	2.466480e+05
1.180220e+02	2.471660e+05
1.180710e+02	2.492610e+05
1.181220e+02	2.486160e+05
1.181710e+02	2.471380e+05
1.182210e+02	2.475790e+05
1.182720e+02	2.468930e+05
1.183220e+02	2.492310e+05
1.183720e+02	2.449910e+05
1.184220e+02	2.411770e+05
1.184730e+02	2.441630e+05
1.185230e+02	2.424920e+05
1.185730e+02	2.468710e+05
1.186230e+02	2.449300e+05
1.186730e+02	2.480790e+05
1.187220e+02	2.480410e+05
1.187730e+02	2.449940e+05
1.188230e+02	2.483030e+05
1.188730e+02	2.470920e+05
1.189230e+02	2.496330e+05
1.189730e+02	2.486240e+05
1.190230e+02	2.468670e+05
1.190740e+02	2.470590e+05
1.191240e+02	2.480470e+05
1.191730e+02	2.475460e+05
1.192230e+02	2.485530e+05
1.192730e+02	2.491720e+05
1.193240e+02	2.511820e+05
1.193750e+02	2.428780e+05
1.194230e+02	2.455790e+05
1.194740e+02	2.435540e+05
1.195240e+02	2.455070e+05
1.195740e+02	2.473280e+05
1.196240e+02	2.442260e+05
1.196750e+02	2.463590e+05
1.197240e+02	2.457660e+05
1.197750e+02	2.491150e+05
1.198240e+02	2.471110e+05
1.198740e+02	2.487310e+05
1.199250e+02	2.475350e+05
1.199750e+02	2.483840e+05
1.200250e+02	2.494710e+05
1.200750e+02	2.504360e+05
1.201250e+02	2.501780e+05
1.201750e+02	2.504670e+05
1.202260e+02	2.457600e+05
1.202750e+02	2.495330e+05
1.203260e+02	2.481770e+05
1.203750e+02	2.460520e+05
1.204250e+02	2.453330e+05
1.204760e+02	2.445990e+05
1.205260e+02	2.447490e+05
1.205760e+02	2.450690e+05
1.206270e+02	2.483830e+05
1.206760e+02	2.466190e+05
1.207260e+02	2.498440e+05
1.207760e+02	2.457120e+05
1.208260e+02	2.477200e+05
1.208760e+02	2.464370e+05
1.209270e+02	2.486720e+05
1.209770e+02	2.494630e+05
1.210270e+02	2.483850e+05
1.210770e+02	2.482440e+05
1.211270e+02	2.498870e+05
1.211770e+02	2.472930e+05
1.212270e+02	2.514080e+05
1.212780e+02	2.482440e+05
1.213270e+02	2.499920e+05
1.213770e+02	2.452190e+05
1.214270e+02	2.425880e+05
1.214780e+02	2.492670e+05
1.215280e+02	2.441210e+05
1.215780e+02	2.495730e+05
1.216280e+02	2.446200e+05
1.216780e+02	2.474820e+05
1.217280e+02	2.484990e+05
1.217790e+02	2.480410e+05
1.218290e+02	2.501760e+05
1.218780e+02	2.468460e+05
1.219290e+02	2.468790e+05
1.219790e+02	2.496830e+05
1.220290e+02	2.456740e+05
1.220790e+02	2.500700e+05
1.221280e+02	2.476800e+05
1.221790e+02	2.475100e+05
1.222290e+02	2.504200e+05
1.222790e+02	2.466920e+05
1.223300e+02	2.510340e+05
1.223790e+02	2.430830e+05
1.224290e+02	2.438410e+05
1.224800e+02	2.459480e+05
1.225300e+02	2.461250e+05
1.225800e+02	2.457680e+05
1.226300e+02	2.472090e+05
1.226800e+02	2.460380e+05
1.227310e+02	2.512140e+05
1.227810e+02	2.447200e+05
1.228300e+02	2.491660e+05
1.228800e+02	2.503150e+05
1.229300e+02	2.506060e+05
1.229810e+02	2.521380e+05
1.230310e+02	2.493290e+05
1.230820e+02	2.493230e+05
1.231310e+02	2.519470e+05
1.231810e+02	2.488570e+05
1.232320e+02	2.486210e+05
1.232810e+02	2.487280e+05
1.233310e+02	2.478470e+05
1.233820e+02	2.471410e+05
1.234320e+02	2.438780e+05
1.234820e+02	2.480490e+05
1.235320e+02	2.451730e+05
1.235820e+02	2.502350e+05
1.236320e+02	2.459660e+05
1.236820e+02	2.467590e+05
1.237320e+02	2.489550e+05
1.237820e+02	2.518100e+05
1.238320e+02	2.489550e+05
1.238820e+02	2.491650e+05
1.239320e+02	2.470230e+05
1.239820e+02	2.504710e+05
1.240320e+02	2.481050e+05
1.240830e+02	2.532930e+05
1.241330e+02	2.508170e+05
1.241830e+02	2.482510e+05
1.242330e+02	2.516190e+05
1.242830e+02	2.468320e+05
1.243330e+02	2.543580e+05
1.243840e+02	2.443690e+05
1.244330e+02	2.445280e+05
1.244840e+02	2.452180e+05
1.245340e+02	2.450060e+05
1.245840e+02	2.478360e+05
1.246340e+02	2.486550e+05
1.246840e+02	2.470050e+05
1.247340e+02	2.484640e+05
1.247840e+02	2.467430e+05
1.248340e+02	2.505060e+05
1.248840e+02	2.483300e+05
1.249340e+02	2.495180e+05
1.249840e+02	2.485310e+05
1.250340e+02	2.486870e+05
1.250840e+02	2.502320e+05
1.251350e+02	2.483260e+05
1.251850e+02	2.507350e+05
1.252360e+02	2.490200e+05
1.252850e+02	2.508950e+05
1.253350e+02	2.506740e+05
1.253850e+02	2.420760e+05
1.254360e+02	2.461260e+05
1.254860e+02	2.459250e+05
1.255360e+02	2.463160e+05
1.255860e+02	2.442310e+05
1.256360e+02	2.456340e+05
1.256860e+02	2.481280e+05
1.257360e+02	2.474310e+05
1.257860e+02	2.500710e+05
1.258360e+02	2.477680e+05
1.258860e+02	2.499580e+05
1.259360e+02	2.504000e+05
1.259860e+02	2.463990e+05
1.260360e+02	2.530090e+05
1.260860e+02	2.464910e+05
1.261360e+02	2.510310e+05
1.261860e+02	2.467380e+05
1.262360e+02	2.462120e+05
1.262880e+02	2.529210e+05
1.263360e+02	2.497750e+05
1.263870e+02	2.465840e+05
1.264370e+02	2.416240e+05
1.264880e+02	2.435670e+05
1.265380e+02	2.474240e+05
1.265880e+02	2.455940e+05
1.266370e+02	2.496090e+05
1.266870e+02	2.484370e+05
1.267370e+02	2.446590e+05
1.267880e+02	2.505930e+05
1.268370e+02	2.435410e+05
1.268870e+02	2.542130e+05
1.269380e+02	2.471490e+05
1.269880e+02	2.500010e+05
1.270390e+02	2.490660e+05
1.270890e+02	2.484400e+05
1.271380e+02	2.522890e+05
1.271880e+02	2.498670e+05
1.272390e+02	2.521770e+05
1.272890e+02	2.498030e+05
1.273390e+02	2.532680e+05
1.273890e+02	2.434540e+05
1.274390e+02	2.471850e+05
1.274890e+02	2.442490e+05
1.275390e+02	2.478940e+05
1.275900e+02	2.469380e+05
1.276390e+02	2.502960e+05
1.276900e+02	2.459480e+05
1.277400e+02	2.506800e+05
1.277900e+02	2.479300e+05
1.278400e+02	2.553870e+05
1.278900e+02	2.484570e+05
1.279400e+02	2.506530e+05
1.279900e+02	2.484550e+05
1.280400e+02	2.492940e+05
1.280900e+02	2.490510e+05
1.281410e+02	2.506000e+05
1.281910e+02	2.525150e+05
1.282410e+02	2.499980e+05
1.282910e+02	2.510000e+05
1.283400e+02	2.490630e+05
1.283910e+02	2.451680e+05
1.284410e+02	2.452030e+05
1.284910e+02	2.471650e+05
1.285410e+02	2.453040e+05
1.285910e+02	2.495410e+05
1.286420e+02	2.449030e+05
1.286910e+02	2.507640e+05
1.287410e+02	2.471780e+05
1.287910e+02	2.501900e+05
1.288420e+02	2.495570e+05
1.288920e+02	2.500040e+05
1.289410e+02	2.492590e+05
1.289910e+02	2.481750e+05
1.290420e+02	2.491260e+05
1.290920e+02	2.505830e+05
1.291420e+02	2.510050e+05
1.291930e+02	2.475840e+05
1.292430e+02	2.505620e+05
1.292930e+02	2.484870e+05
1.293430e+02	2.506040e+05
1.293930e+02	2.433590e+05
1.294430e+02	2.470330e+05
1.294930e+02	2.448260e+05
1.295420e+02	2.459610e+05
1.295940e+02	2.447030e+05
1.296420e+02	2.477680e+05
1.296930e+02	2.461330e+05
1.297430e+02	2.508030e+05
1.297940e+02	2.464480e+05
1.298430e+02	2.475050e+05
1.298940e+02	2.479350e+05
1.299430e+02	2.475940e+05
1.299940e+02	2.520840e+05
1.300430e+02	2.483190e+05
1.300940e+02	2.508320e+05
1.301440e+02	2.491300e+05
1.301940e+02	2.487680e+05
1.302450e+02	2.490330e+05
1.302940e+02	2.496840e+05
1.303440e+02	2.496150e+05
1.303950e+02	2.418670e+05
1.304440e+02	2.413420e+05
1.304940e+02	2.449580e+05
1.305450e+02	2.452910e+05
1.305950e+02	2.478380e+05
1.306450e+02	2.460800e+05
1.306950e+02	2.476460e+05
1.307450e+02	2.481020e+05
1.307950e+02	2.469720e+05
1.308450e+02	2.481640e+05
1.308950e+02	2.478660e+05
1.309450e+02	2.478640e+05
1.309950e+02	2.471730e+05
1.310460e+02	2.481080e+05
1.310960e+02	2.474610e+05
1.311460e+02	2.509870e+05
1.311960e+02	2.480780e+05
1.312470e+02	2.493610e+05
1.312960e+02	2.478960e+05
1.313470e+02	2.482950e+05
1.314480e+02	2.434660e+05
1.314560e+02	2.440630e+05
1.314960e+02	2.450810e+05
1.315470e+02	2.421790e+05
1.315970e+02	2.459580e+05
1.316470e+02	2.438500e+05
1.316970e+02	2.464290e+05
1.317470e+02	2.456810e+05
1.317970e+02	2.464400e+05
1.318470e+02	2.462750e+05
1.318970e+02	2.475450e+05
1.319470e+02	2.478020e+05
1.319970e+02	2.475660e+05
1.320480e+02	2.482280e+05
1.320980e+02	2.479530e+05
1.321470e+02	2.462630e+05
1.321980e+02	2.473240e+05
1.322480e+02	2.483110e+05
1.322980e+02	2.497140e+05
1.323480e+02	2.482180e+05
1.323990e+02	2.469190e+05
1.324490e+02	2.481820e+05
1.324980e+02	2.478770e+05
1.325480e+02	2.512780e+05
1.325980e+02	2.468670e+05
1.326480e+02	2.512720e+05
1.326990e+02	2.469930e+05
1.327490e+02	2.499120e+05
1.327990e+02	2.481250e+05
1.328490e+02	2.478600e+05
1.328990e+02	2.515440e+05
1.329490e+02	2.485350e+05
1.329990e+02	2.480840e+05
1.330500e+02	2.483560e+05
1.330990e+02	2.486000e+05
