0.000000e+00	4.160200e+04
5.000000e-02	4.208900e+04
1.000000e-01	4.088600e+04
1.500000e-01	4.151600e+04
2.000000e-01	4.160600e+04
2.500000e-01	4.215900e+04
3.000000e-01	4.138200e+04
3.500000e-01	4.194200e+04
4.000000e-01	4.145000e+04
4.500000e-01	4.200000e+04
5.000000e-01	4.188900e+04
5.500000e-01	4.238000e+04
6.010000e-01	4.149400e+04
6.510000e-01	4.213600e+04
7.010000e-01	4.131900e+04
7.510000e-01	4.186100e+04
8.010000e-01	4.170500e+04
8.510000e-01	4.183200e+04
9.010000e-01	4.197800e+04
9.510000e-01	4.160600e+04
1.001000e+00	4.239600e+04
1.052000e+00	4.170700e+04
1.102000e+00	4.251100e+04
1.152000e+00	4.133600e+04
1.202000e+00	4.243700e+04
1.253000e+00	4.155100e+04
1.302000e+00	4.197200e+04
1.352000e+00	4.177900e+04
1.402000e+00	4.232500e+04
1.453000e+00	4.159300e+04
1.503000e+00	4.279700e+04
1.552000e+00	4.169500e+04
1.603000e+00	4.220900e+04
1.653000e+00	4.206900e+04
1.703000e+00	4.195200e+04
1.753000e+00	4.220400e+04
1.803000e+00	4.148100e+04
1.853000e+00	4.264600e+04
1.903000e+00	4.151700e+04
1.954000e+00	4.231900e+04
2.003000e+00	4.203400e+04
2.054000e+00	4.225700e+04
2.103000e+00	4.194900e+04
2.154000e+00	4.253800e+04
2.204000e+00	4.206700e+04
2.254000e+00	4.265000e+04
2.304000e+00	4.183100e+04
2.354000e+00	4.221500e+04
2.404000e+00	4.210600e+04
2.454000e+00	4.228000e+04
2.504000e+00	4.214800e+04
2.554000e+00	4.205300e+04
2.604000e+00	4.227400e+04
2.655000e+00	4.173900e+04
2.705000e+00	4.226100e+04
2.755000e+00	4.200000e+04
2.805000e+00	4.231300e+04
2.855000e+00	4.168200e+04
2.905000e+00	4.247500e+04
2.955000e+00	4.184700e+04
3.005000e+00	4.237300e+04
3.056000e+00	4.202400e+04
3.105000e+00	4.202700e+04
3.155000e+00	4.140900e+04
3.205000e+00	4.034600e+04
3.256000e+00	4.060000e+04
3.306000e+00	4.099100e+04
3.356000e+00	4.113200e+04
3.406000e+00	4.143500e+04
3.456000e+00	4.114900e+04
3.506000e+00	4.136900e+04
3.557000e+00	4.194200e+04
3.606000e+00	4.208200e+04
3.656000e+00	4.199800e+04
3.706000e+00	4.141100e+04
3.757000e+00	4.155600e+04
3.806000e+00	4.137200e+04
3.856000e+00	4.201600e+04
3.907000e+00	4.184900e+04
3.957000e+00	4.246100e+04
4.006000e+00	4.185800e+04
4.058000e+00	4.173100e+04
4.107000e+00	4.171400e+04
4.158000e+00	4.156600e+04
4.207000e+00	4.092100e+04
4.258000e+00	4.045500e+04
4.308000e+00	4.019900e+04
4.358000e+00	4.029500e+04
4.408000e+00	4.119000e+04
4.458000e+00	4.121200e+04
4.508000e+00	4.138400e+04
4.558000e+00	4.116300e+04
4.608000e+00	4.137700e+04
4.659000e+00	4.123700e+04
4.709000e+00	4.164800e+04
4.759000e+00	4.163100e+04
4.808000e+00	4.177600e+04
4.859000e+00	4.196000e+04
4.909000e+00	4.111000e+04
4.959000e+00	4.137200e+04
5.009000e+00	4.218300e+04
5.060000e+00	4.186400e+04
5.109000e+00	4.142900e+04
5.159000e+00	4.135100e+04
5.210000e+00	4.009400e+04
5.260000e+00	4.056100e+04
5.310000e+00	4.062300e+04
5.360000e+00	4.111100e+04
5.410000e+00	4.091600e+04
5.460000e+00	4.106100e+04
5.510000e+00	4.048800e+04
5.560000e+00	4.115300e+04
5.610000e+00	4.132400e+04
5.661000e+00	4.182700e+04
5.711000e+00	4.145800e+04
5.760000e+00	4.125900e+04
5.810000e+00	4.139500e+04
5.861000e+00	4.143700e+04
5.910000e+00	4.168700e+04
5.961000e+00	4.142000e+04
6.011000e+00	4.180700e+04
6.062000e+00	4.131800e+04
6.111000e+00	4.128000e+04
6.162000e+00	4.057700e+04
6.212000e+00	4.061200e+04
6.262000e+00	4.033000e+04
6.312000e+00	4.049300e+04
6.362000e+00	4.064300e+04
6.411000e+00	4.071200e+04
6.461000e+00	4.089500e+04
6.512000e+00	4.137700e+04
6.561000e+00	4.079600e+04
6.612000e+00	4.131500e+04
6.662000e+00	4.101100e+04
6.712000e+00	4.083400e+04
6.763000e+00	4.130500e+04
6.812000e+00	4.115700e+04
6.862000e+00	4.159800e+04
6.913000e+00	4.143200e+04
6.964000e+00	4.139700e+04
7.012000e+00	4.131600e+04
7.063000e+00	4.182900e+04
7.113000e+00	4.109000e+04
7.163000e+00	4.067800e+04
7.213000e+00	3.946400e+04
7.264000e+00	4.067400e+04
7.313000e+00	4.016900e+04
7.363000e+00	4.078900e+04
7.413000e+00	4.038800e+04
7.463000e+00	4.060400e+04
7.513000e+00	4.055000e+04
7.563000e+00	4.103700e+04
7.614000e+00	4.113800e+04
7.664000e+00	4.109100e+04
7.714000e+00	4.144200e+04
7.765000e+00	4.085700e+04
7.815000e+00	4.141300e+04
7.864000e+00	4.096300e+04
7.997000e+00	4.136200e+04
8.024000e+00	4.088200e+04
8.052000e+00	4.119500e+04
8.080000e+00	4.108300e+04
8.115000e+00	4.169000e+04
8.165000e+00	4.044900e+04
8.214000e+00	3.983800e+04
8.265000e+00	3.974600e+04
8.315000e+00	4.052100e+04
8.366000e+00	3.995400e+04
8.416000e+00	4.085400e+04
8.465000e+00	4.059300e+04
8.516000e+00	4.035400e+04
8.566000e+00	4.055300e+04
8.616000e+00	4.109600e+04
8.666000e+00	4.091800e+04
8.716000e+00	4.115300e+04
8.766000e+00	4.164100e+04
8.816000e+00	4.055100e+04
8.866000e+00	4.136000e+04
8.916000e+00	4.061600e+04
8.967000e+00	4.165300e+04
9.017000e+00	4.103900e+04
9.067000e+00	4.144500e+04
9.117000e+00	4.075000e+04
9.167000e+00	4.010200e+04
9.217000e+00	3.962200e+04
9.267000e+00	4.000500e+04
9.317000e+00	3.980400e+04
9.367000e+00	3.988500e+04
9.417000e+00	4.014900e+04
9.468000e+00	4.033800e+04
9.517000e+00	4.051200e+04
9.568000e+00	4.056700e+04
9.618000e+00	4.095700e+04
9.667000e+00	4.055300e+04
9.718000e+00	4.075300e+04
9.768000e+00	4.050500e+04
9.819000e+00	4.123400e+04
9.868000e+00	4.058400e+04
9.918000e+00	4.092400e+04
9.968000e+00	4.084600e+04
1.001900e+01	4.092000e+04
1.006800e+01	4.114800e+04
1.011800e+01	4.083100e+04
1.016900e+01	4.054700e+04
1.021900e+01	3.945300e+04
1.026900e+01	3.925300e+04
1.031900e+01	3.928000e+04
1.036900e+01	3.956900e+04
1.041900e+01	3.993000e+04
1.046900e+01	4.060700e+04
1.051900e+01	3.977600e+04
1.057000e+01	4.050000e+04
1.062000e+01	3.990700e+04
1.066900e+01	4.081600e+04
1.071900e+01	4.051900e+04
1.077000e+01	4.060000e+04
1.082000e+01	4.064500e+04
1.087100e+01	4.073800e+04
1.092000e+01	4.006300e+04
1.097000e+01	4.054500e+04
1.102100e+01	4.057200e+04
1.107100e+01	4.074700e+04
1.112100e+01	4.071700e+04
1.117100e+01	4.002700e+04
1.122100e+01	3.920000e+04
1.127000e+01	3.923500e+04
1.132100e+01	3.998900e+04
1.137100e+01	3.922000e+04
1.142000e+01	3.976500e+04
1.147200e+01	3.913400e+04
1.152100e+01	3.961800e+04
1.157100e+01	3.956500e+04
1.162200e+01	3.996800e+04
1.167200e+01	3.986500e+04
1.172200e+01	3.987500e+04
1.177100e+01	4.017000e+04
1.182100e+01	4.009800e+04
1.187200e+01	4.067600e+04
1.192200e+01	4.027500e+04
1.197200e+01	4.030400e+04
1.202200e+01	3.991000e+04
1.207200e+01	4.055700e+04
1.212200e+01	3.979500e+04
1.217300e+01	3.980900e+04
1.222200e+01	3.834000e+04
1.227300e+01	3.881500e+04
1.232200e+01	3.887900e+04
1.237200e+01	3.949000e+04
1.242300e+01	3.950100e+04
1.247400e+01	3.987100e+04
1.252300e+01	3.940500e+04
1.257400e+01	3.959200e+04
1.262300e+01	3.965700e+04
1.267400e+01	3.945700e+04
1.272400e+01	3.963100e+04
1.277400e+01	3.956500e+04
1.282400e+01	4.009400e+04
1.287300e+01	3.976800e+04
1.292400e+01	4.019900e+04
1.297400e+01	3.950800e+04
1.302400e+01	4.035200e+04
1.307400e+01	3.992600e+04
1.312400e+01	4.023600e+04
1.317400e+01	3.890700e+04
1.322500e+01	3.886300e+04
1.327500e+01	3.890200e+04
1.332400e+01	3.875900e+04
1.337500e+01	3.885200e+04
1.342500e+01	3.926700e+04
1.347500e+01	3.922100e+04
1.352500e+01	3.948500e+04
1.357500e+01	3.955700e+04
1.362500e+01	3.981900e+04
1.367500e+01	3.969400e+04
1.372500e+01	3.943000e+04
1.377500e+01	3.988600e+04
1.382500e+01	3.972200e+04
1.387500e+01	3.998100e+04
1.392600e+01	3.984000e+04
1.397600e+01	3.971000e+04
1.402600e+01	3.991200e+04
1.407600e+01	3.993500e+04
1.412600e+01	3.979000e+04
1.417700e+01	3.922800e+04
1.422600e+01	3.815700e+04
1.427600e+01	3.882400e+04
1.432700e+01	3.905200e+04
1.437600e+01	3.898800e+04
1.442600e+01	3.928400e+04
1.447600e+01	3.901400e+04
1.452700e+01	3.878000e+04
1.457700e+01	3.917000e+04
1.462700e+01	3.937600e+04
1.467700e+01	3.948900e+04
1.472700e+01	3.953300e+04
1.477700e+01	3.941000e+04
1.482700e+01	3.974400e+04
1.487800e+01	3.973900e+04
1.492800e+01	3.985400e+04
1.497800e+01	3.956000e+04
1.502700e+01	3.992100e+04
1.507700e+01	3.931500e+04
1.512800e+01	3.971600e+04
1.517800e+01	3.854800e+04
1.522800e+01	3.825600e+04
1.527900e+01	3.854400e+04
1.532800e+01	3.844500e+04
1.537800e+01	3.854500e+04
1.542800e+01	3.873700e+04
1.547800e+01	3.921700e+04
1.552800e+01	3.914100e+04
1.557800e+01	3.916700e+04
1.562900e+01	3.936900e+04
1.567900e+01	3.925100e+04
1.572900e+01	3.919100e+04
1.577900e+01	3.966500e+04
1.582900e+01	3.927400e+04
1.588000e+01	3.938500e+04
1.592900e+01	3.892100e+04
1.598000e+01	3.928300e+04
1.603000e+01	3.924500e+04
1.607900e+01	3.943800e+04
1.613000e+01	3.934800e+04
1.618000e+01	3.846600e+04
1.623000e+01	3.809200e+04
1.628100e+01	3.776800e+04
1.633100e+01	3.830400e+04
1.638000e+01	3.863700e+04
1.643000e+01	3.870100e+04
1.648100e+01	3.853700e+04
1.653100e+01	3.883600e+04
1.658100e+01	3.882500e+04
1.663100e+01	3.939300e+04
1.668100e+01	3.900400e+04
1.673100e+01	3.922800e+04
1.678100e+01	3.904700e+04
1.683100e+01	3.922300e+04
1.688100e+01	3.916500e+04
1.693100e+01	3.894200e+04
1.698100e+01	3.926100e+04
1.703100e+01	3.909300e+04
1.708100e+01	3.897300e+04
1.713200e+01	3.899800e+04
1.718200e+01	3.830100e+04
1.723200e+01	3.768100e+04
1.728200e+01	3.790500e+04
1.733200e+01	3.787100e+04
1.738200e+01	3.805600e+04
1.743300e+01	3.849900e+04
1.748300e+01	3.853200e+04
1.753200e+01	3.814300e+04
1.758200e+01	3.881400e+04
1.763300e+01	3.852100e+04
1.768300e+01	3.849400e+04
1.773200e+01	3.898200e+04
1.778300e+01	3.913100e+04
1.783200e+01	3.896400e+04
1.788300e+01	3.886700e+04
1.793300e+01	3.845900e+04
1.798400e+01	3.883200e+04
1.803400e+01	3.931400e+04
1.808300e+01	3.901200e+04
1.813400e+01	3.928500e+04
1.818400e+01	3.768100e+04
1.823300e+01	3.760100e+04
1.828400e+01	3.793200e+04
1.833400e+01	3.818200e+04
1.838400e+01	3.805300e+04
1.843500e+01	3.867900e+04
1.848400e+01	3.811600e+04
1.853500e+01	3.864100e+04
1.858500e+01	3.839600e+04
1.863400e+01	3.879000e+04
1.868400e+01	3.857100e+04
1.873500e+01	3.854000e+04
1.878500e+01	3.843800e+04
1.883400e+01	3.844200e+04
1.888500e+01	3.879700e+04
1.893500e+01	3.865900e+04
1.898500e+01	3.895800e+04
1.903500e+01	3.876600e+04
1.908500e+01	3.889700e+04
1.913500e+01	3.895400e+04
1.918600e+01	3.801500e+04
1.923600e+01	3.740500e+04
1.928500e+01	3.767700e+04
1.933600e+01	3.746500e+04
1.938500e+01	3.804100e+04
1.943700e+01	3.797500e+04
1.948600e+01	3.840200e+04
1.953600e+01	3.856600e+04
1.958700e+01	3.841900e+04
1.963700e+01	3.880500e+04
1.968600e+01	3.819500e+04
1.973700e+01	3.886900e+04
1.978600e+01	3.847400e+04
1.983700e+01	3.904500e+04
1.988700e+01	3.801600e+04
1.993700e+01	3.867600e+04
1.998700e+01	3.857900e+04
2.003700e+01	3.896700e+04
2.008700e+01	3.855900e+04
2.013700e+01	3.859400e+04
2.018800e+01	3.745700e+04
2.023800e+01	3.737200e+04
2.028800e+01	3.798200e+04
2.033800e+01	3.764100e+04
2.038900e+01	3.800100e+04
2.043700e+01	3.798900e+04
2.048800e+01	3.804300e+04
2.053800e+01	3.789300e+04
2.058800e+01	3.881900e+04
2.063800e+01	3.805100e+04
2.068900e+01	3.843400e+04
2.073800e+01	3.782000e+04
2.078800e+01	3.850500e+04
2.083800e+01	3.857800e+04
2.088900e+01	3.885400e+04
2.093900e+01	3.834500e+04
2.098900e+01	3.862100e+04
2.103900e+01	3.826900e+04
2.108900e+01	3.829300e+04
2.113900e+01	3.867400e+04
2.119000e+01	3.719800e+04
2.124000e+01	3.737800e+04
2.129000e+01	3.742600e+04
2.134000e+01	3.737000e+04
2.139000e+01	3.720300e+04
2.143900e+01	3.815700e+04
2.149000e+01	3.811600e+04
2.154000e+01	3.847500e+04
2.159000e+01	3.794500e+04
2.164100e+01	3.850900e+04
2.169000e+01	3.782800e+04
2.174000e+01	3.853900e+04
2.179000e+01	3.831700e+04
2.184000e+01	3.843600e+04
2.189000e+01	3.830400e+04
2.194000e+01	3.821000e+04
2.199100e+01	3.853000e+04
2.204100e+01	3.865300e+04
2.209100e+01	3.868600e+04
2.214100e+01	3.841700e+04
2.219100e+01	3.715300e+04
2.224100e+01	3.738900e+04
2.229200e+01	3.710700e+04
2.234100e+01	3.795000e+04
2.239100e+01	3.775200e+04
2.244100e+01	3.741000e+04
2.249100e+01	3.813700e+04
2.254100e+01	3.783500e+04
2.259200e+01	3.824300e+04
2.264200e+01	3.809800e+04
2.269300e+01	3.792800e+04
2.274300e+01	3.820100e+04
2.279200e+01	3.842600e+04
2.284200e+01	3.818900e+04
2.289200e+01	3.823100e+04
2.294200e+01	3.849800e+04
2.299300e+01	3.808300e+04
2.304300e+01	3.807100e+04
2.309300e+01	3.834700e+04
2.314300e+01	3.855500e+04
2.319300e+01	3.701400e+04
2.324300e+01	3.701200e+04
2.329300e+01	3.711400e+04
2.334400e+01	3.775000e+04
2.339300e+01	3.744200e+04
2.344300e+01	3.791200e+04
2.349400e+01	3.743500e+04
2.354400e+01	3.760400e+04
2.359400e+01	3.785700e+04
2.364400e+01	3.783600e+04
2.369400e+01	3.798100e+04
2.374400e+01	3.811600e+04
2.379400e+01	3.804400e+04
2.384400e+01	3.810100e+04
2.389500e+01	3.805000e+04
2.394500e+01	3.795000e+04
2.399400e+01	3.846500e+04
2.404500e+01	3.844800e+04
2.409500e+01	3.780700e+04
2.414500e+01	3.815800e+04
2.419500e+01	3.699500e+04
2.424500e+01	3.684500e+04
2.429500e+01	3.760800e+04
2.434600e+01	3.753800e+04
2.439500e+01	3.752100e+04
2.444500e+01	3.756600e+04
2.449500e+01	3.782100e+04
2.454600e+01	3.778300e+04
2.459600e+01	3.817200e+04
2.464600e+01	3.791300e+04
2.469600e+01	3.776000e+04
2.474500e+01	3.745600e+04
2.479600e+01	3.819900e+04
2.484600e+01	3.833700e+04
2.489600e+01	3.818900e+04
2.494600e+01	3.810900e+04
2.499600e+01	3.789600e+04
2.504600e+01	3.846700e+04
2.509700e+01	3.767200e+04
2.514700e+01	3.858500e+04
2.519700e+01	3.621200e+04
2.524700e+01	3.692700e+04
2.529700e+01	3.674700e+04
2.534700e+01	3.744100e+04
2.539800e+01	3.742000e+04
2.544700e+01	3.800500e+04
2.549800e+01	3.763300e+04
2.554800e+01	3.757400e+04
2.559800e+01	3.783100e+04
2.564700e+01	3.801100e+04
2.569800e+01	3.817800e+04
2.574700e+01	3.797900e+04
2.579800e+01	3.812900e+04
2.584800e+01	3.723600e+04
2.589800e+01	3.830800e+04
2.594800e+01	3.784200e+04
2.599800e+01	3.853200e+04
2.604900e+01	3.802900e+04
2.609900e+01	3.838400e+04
2.614800e+01	3.786900e+04
2.619800e+01	3.665300e+04
2.624800e+01	3.710700e+04
2.629800e+01	3.717500e+04
2.634800e+01	3.720800e+04
2.639900e+01	3.725300e+04
2.644900e+01	3.757400e+04
2.649900e+01	3.736500e+04
2.654900e+01	3.787600e+04
2.660000e+01	3.763700e+04
2.665000e+01	3.810300e+04
2.669900e+01	3.751400e+04
2.675000e+01	3.814400e+04
2.680000e+01	3.784000e+04
2.685000e+01	3.825500e+04
2.690000e+01	3.789800e+04
2.695000e+01	3.766200e+04
2.700000e+01	3.805100e+04
2.705000e+01	3.792800e+04
2.710000e+01	3.772500e+04
2.715000e+01	3.815200e+04
2.720100e+01	3.658800e+04
2.725100e+01	3.647700e+04
2.730100e+01	3.694900e+04
2.735100e+01	3.711700e+04
2.740100e+01	3.731700e+04
2.745100e+01	3.741700e+04
2.750100e+01	3.740900e+04
2.755100e+01	3.689300e+04
2.760100e+01	3.809600e+04
2.765100e+01	3.746400e+04
2.770100e+01	3.735800e+04
2.775200e+01	3.761700e+04
2.780200e+01	3.763700e+04
2.785200e+01	3.796900e+04
2.790200e+01	3.783500e+04
2.795100e+01	3.822400e+04
2.800200e+01	3.806300e+04
2.805200e+01	3.797000e+04
2.810200e+01	3.782100e+04
2.815200e+01	3.812900e+04
2.820200e+01	3.632300e+04
2.825300e+01	3.674800e+04
2.830200e+01	3.635500e+04
2.835200e+01	3.714600e+04
2.840300e+01	3.675300e+04
2.845300e+01	3.763800e+04
2.850300e+01	3.736400e+04
2.855300e+01	3.796600e+04
2.860300e+01	3.726200e+04
2.865300e+01	3.746000e+04
2.870300e+01	3.746600e+04
2.875400e+01	3.797000e+04
2.880300e+01	3.790000e+04
2.885300e+01	3.770200e+04
2.890400e+01	3.766700e+04
2.895400e+01	3.744300e+04
2.900400e+01	3.777500e+04
2.905400e+01	3.748500e+04
2.910400e+01	3.821100e+04
2.915400e+01	3.748200e+04
2.920400e+01	3.674500e+04
2.925400e+01	3.648200e+04
2.930400e+01	3.714200e+04
2.935400e+01	3.685600e+04
2.940500e+01	3.754900e+04
2.945500e+01	3.695600e+04
2.950500e+01	3.717700e+04
2.955500e+01	3.724700e+04
2.960500e+01	3.746100e+04
2.965500e+01	3.760600e+04
2.970500e+01	3.784600e+04
2.975500e+01	3.755400e+04
2.980600e+01	3.698300e+04
2.985500e+01	3.795900e+04
2.990500e+01	3.744400e+04
2.995500e+01	3.823000e+04
3.000600e+01	3.773900e+04
3.005500e+01	3.804400e+04
3.010600e+01	3.730500e+04
3.015600e+01	3.775500e+04
3.020600e+01	3.646200e+04
3.025600e+01	3.696600e+04
3.030600e+01	3.683700e+04
3.035600e+01	3.687800e+04
3.040700e+01	3.687800e+04
3.045600e+01	3.714200e+04
3.050600e+01	3.718100e+04
3.055600e+01	3.742900e+04
3.060700e+01	3.751300e+04
3.065700e+01	3.685900e+04
3.070700e+01	3.741200e+04
3.075700e+01	3.712600e+04
3.080700e+01	3.808500e+04
3.085700e+01	3.727900e+04
3.090800e+01	3.769700e+04
3.095800e+01	3.771900e+04
3.100800e+01	3.772200e+04
3.105800e+01	3.797100e+04
3.110800e+01	3.777600e+04
3.115800e+01	3.756300e+04
3.120800e+01	3.679900e+04
3.125800e+01	3.619100e+04
3.130800e+01	3.690100e+04
3.135900e+01	3.701100e+04
3.140800e+01	3.710400e+04
3.145800e+01	3.716100e+04
3.150800e+01	3.679800e+04
3.155900e+01	3.806300e+04
3.160900e+01	3.756700e+04
3.165900e+01	3.746000e+04
3.170900e+01	3.731800e+04
3.175900e+01	3.740900e+04
3.180900e+01	3.743700e+04
3.186000e+01	3.775400e+04
3.191000e+01	3.757200e+04
3.196000e+01	3.761700e+04
3.200900e+01	3.729000e+04
3.205900e+01	3.774600e+04
3.210900e+01	3.752800e+04
3.216000e+01	3.760100e+04
3.221000e+01	3.675800e+04
3.226000e+01	3.630400e+04
3.231000e+01	3.652400e+04
3.236000e+01	3.695800e+04
3.241000e+01	3.722000e+04
3.246100e+01	3.733800e+04
3.251000e+01	3.701200e+04
3.256000e+01	3.730100e+04
3.261100e+01	3.748300e+04
3.266000e+01	3.750500e+04
3.271100e+01	3.750700e+04
3.276100e+01	3.735000e+04
3.281100e+01	3.739600e+04
3.286100e+01	3.762100e+04
3.291100e+01	3.788500e+04
3.296100e+01	3.762800e+04
3.301100e+01	3.798900e+04
3.306200e+01	3.739400e+04
3.311200e+01	3.761000e+04
3.316200e+01	3.693500e+04
3.321200e+01	3.662400e+04
3.326200e+01	3.673600e+04
3.331200e+01	3.705700e+04
3.336200e+01	3.688800e+04
3.341200e+01	3.683200e+04
3.346200e+01	3.716300e+04
3.351300e+01	3.732600e+04
3.356200e+01	3.748600e+04
3.361200e+01	3.716400e+04
3.366300e+01	3.754400e+04
3.371300e+01	3.693000e+04
3.376200e+01	3.741100e+04
3.381300e+01	3.737300e+04
3.386300e+01	3.809400e+04
3.391300e+01	3.756600e+04
3.396300e+01	3.783800e+04
3.401300e+01	3.755600e+04
3.406300e+01	3.789100e+04
3.411400e+01	3.801000e+04
3.416300e+01	3.740800e+04
3.421400e+01	3.656900e+04
3.426400e+01	3.617000e+04
3.431400e+01	3.638800e+04
3.436400e+01	3.684600e+04
3.441400e+01	3.728800e+04
3.446400e+01	3.724900e+04
3.451400e+01	3.738900e+04
3.456400e+01	3.705300e+04
3.461500e+01	3.758400e+04
3.466400e+01	3.698200e+04
3.471400e+01	3.798100e+04
3.476500e+01	3.765600e+04
3.481500e+01	3.753100e+04
3.486500e+01	3.741300e+04
3.491500e+01	3.712700e+04
3.496500e+01	3.831900e+04
3.501400e+01	3.772200e+04
3.506500e+01	3.785600e+04
3.511600e+01	3.776500e+04
3.516600e+01	3.719100e+04
3.521600e+01	3.681000e+04
3.526600e+01	3.673000e+04
3.531500e+01	3.677300e+04
3.536600e+01	3.743500e+04
3.541600e+01	3.666800e+04
3.546600e+01	3.735200e+04
3.551600e+01	3.653500e+04
3.556600e+01	3.734700e+04
3.561700e+01	3.738400e+04
3.566700e+01	3.726600e+04
3.571700e+01	3.757800e+04
3.576600e+01	3.741200e+04
3.581700e+01	3.777900e+04
3.586700e+01	3.777200e+04
3.591700e+01	3.764500e+04
3.596700e+01	3.748600e+04
3.601700e+01	3.762800e+04
3.606700e+01	3.764100e+04
3.611800e+01	3.777800e+04
3.616700e+01	3.697400e+04
3.621800e+01	3.671700e+04
3.626700e+01	3.612200e+04
3.631800e+01	3.696500e+04
3.636800e+01	3.659400e+04
3.641700e+01	3.736100e+04
3.646800e+01	3.719000e+04
3.651800e+01	3.732300e+04
3.656800e+01	3.717900e+04
3.661800e+01	3.733800e+04
3.666800e+01	3.719500e+04
3.671800e+01	3.737700e+04
3.676800e+01	3.734900e+04
3.681800e+01	3.740100e+04
3.686800e+01	3.791500e+04
3.691900e+01	3.731400e+04
3.696900e+01	3.774300e+04
3.701900e+01	3.756400e+04
3.706900e+01	3.805200e+04
3.711900e+01	3.749500e+04
3.716900e+01	3.768300e+04
3.721900e+01	3.631300e+04
3.727000e+01	3.689500e+04
3.731900e+01	3.661300e+04
3.736900e+01	3.699400e+04
3.742000e+01	3.667500e+04
3.747000e+01	3.730900e+04
3.752000e+01	3.730200e+04
3.756900e+01	3.749200e+04
3.762000e+01	3.759100e+04
3.767000e+01	3.722800e+04
3.772000e+01	3.742400e+04
3.777100e+01	3.754500e+04
3.782100e+01	3.759000e+04
3.787000e+01	3.713200e+04
3.792000e+01	3.743200e+04
3.797000e+01	3.726000e+04
3.802100e+01	3.759300e+04
3.807000e+01	3.779000e+04
3.812100e+01	3.781300e+04
3.817100e+01	3.731800e+04
3.822100e+01	3.621600e+04
3.827100e+01	3.634900e+04
3.832100e+01	3.694900e+04
3.837200e+01	3.731900e+04
3.842200e+01	3.722400e+04
3.847200e+01	3.738300e+04
3.852200e+01	3.651100e+04
3.857200e+01	3.741200e+04
3.862200e+01	3.718200e+04
3.867200e+01	3.784500e+04
3.872300e+01	3.726000e+04
3.877200e+01	3.763100e+04
3.882200e+01	3.734500e+04
3.887300e+01	3.768500e+04
3.892300e+01	3.765900e+04
3.897300e+01	3.793500e+04
3.902300e+01	3.772100e+04
3.907300e+01	3.738400e+04
3.912300e+01	3.713300e+04
3.917200e+01	3.722900e+04
3.922400e+01	3.644000e+04
3.927300e+01	3.671100e+04
3.932400e+01	3.706000e+04
3.937400e+01	3.667400e+04
3.942400e+01	3.740900e+04
3.947400e+01	3.684200e+04
3.952400e+01	3.756800e+04
3.957300e+01	3.731400e+04
3.962300e+01	3.752400e+04
3.967400e+01	3.726600e+04
3.972400e+01	3.755000e+04
3.977500e+01	3.766300e+04
3.982400e+01	3.771400e+04
3.987400e+01	3.761900e+04
3.992400e+01	3.775500e+04
3.997400e+01	3.727500e+04
4.002500e+01	3.812700e+04
4.007500e+01	3.800700e+04
4.012400e+01	3.801300e+04
4.017500e+01	3.730000e+04
4.022500e+01	3.651900e+04
4.027500e+01	3.697900e+04
4.032500e+01	3.673600e+04
4.037500e+01	3.717000e+04
4.042500e+01	3.709100e+04
4.047600e+01	3.742700e+04
4.052600e+01	3.730400e+04
4.057500e+01	3.747300e+04
4.062500e+01	3.746500e+04
4.067500e+01	3.771800e+04
4.072600e+01	3.766500e+04
4.077600e+01	3.801100e+04
4.082600e+01	3.723000e+04
4.087600e+01	3.787600e+04
4.092700e+01	3.759700e+04
4.097600e+01	3.792900e+04
4.102600e+01	3.799700e+04
4.107700e+01	3.762900e+04
4.112700e+01	3.819500e+04
4.117700e+01	3.706200e+04
4.122700e+01	3.683800e+04
4.127700e+01	3.689300e+04
4.132700e+01	3.711400e+04
4.137700e+01	3.691500e+04
4.142700e+01	3.725100e+04
4.147800e+01	3.703600e+04
4.152800e+01	3.753900e+04
4.157700e+01	3.743100e+04
4.162700e+01	3.784900e+04
4.167700e+01	3.718200e+04
4.172800e+01	3.786100e+04
4.177800e+01	3.766600e+04
4.182800e+01	3.781600e+04
4.187800e+01	3.785500e+04
4.192800e+01	3.741800e+04
4.197800e+01	3.785700e+04
4.202900e+01	3.782000e+04
4.207800e+01	3.809500e+04
4.212900e+01	3.767500e+04
4.217900e+01	3.766700e+04
4.222800e+01	3.617100e+04
4.227800e+01	3.707800e+04
4.232800e+01	3.702000e+04
4.237800e+01	3.741700e+04
4.242900e+01	3.734900e+04
4.247900e+01	3.716600e+04
4.252900e+01	3.738700e+04
4.257900e+01	3.797000e+04
4.262900e+01	3.768000e+04
4.267900e+01	3.743300e+04
4.272900e+01	3.754600e+04
4.277900e+01	3.782200e+04
4.283000e+01	3.776300e+04
4.288000e+01	3.760100e+04
4.293100e+01	3.830300e+04
4.298000e+01	3.757300e+04
4.303000e+01	3.830100e+04
4.308100e+01	3.781200e+04
4.313000e+01	3.834900e+04
4.318000e+01	3.754200e+04
4.323100e+01	3.724100e+04
4.328100e+01	3.660000e+04
4.333100e+01	3.725600e+04
4.338000e+01	3.691000e+04
4.343100e+01	3.752700e+04
4.348100e+01	3.816600e+04
4.353100e+01	3.771300e+04
4.358200e+01	3.799600e+04
4.363200e+01	3.730800e+04
4.368200e+01	3.784200e+04
4.373200e+01	3.755400e+04
4.378100e+01	3.826900e+04
4.383100e+01	3.790400e+04
4.388100e+01	3.759300e+04
4.393200e+01	3.740200e+04
4.398100e+01	3.811200e+04
4.403300e+01	3.775400e+04
4.408200e+01	3.863700e+04
4.413300e+01	3.788400e+04
4.418200e+01	3.762400e+04
4.423200e+01	3.643400e+04
4.428300e+01	3.711200e+04
4.433300e+01	3.775600e+04
4.438200e+01	3.752300e+04
4.443300e+01	3.777100e+04
4.448300e+01	3.724100e+04
4.453400e+01	3.788200e+04
4.458300e+01	3.797400e+04
4.463300e+01	3.789800e+04
4.468300e+01	3.792500e+04
4.473300e+01	3.828200e+04
4.478300e+01	3.767000e+04
4.483300e+01	3.866200e+04
4.488300e+01	3.820400e+04
4.493400e+01	3.878700e+04
4.498300e+01	3.777700e+04
4.503500e+01	3.803900e+04
4.508500e+01	3.775600e+04
4.513400e+01	3.802500e+04
4.518400e+01	3.809300e+04
4.523400e+01	3.672200e+04
4.528500e+01	3.728900e+04
4.533400e+01	3.718000e+04
4.538500e+01	3.771800e+04
4.543500e+01	3.792200e+04
4.548500e+01	3.771100e+04
4.553500e+01	3.801600e+04
4.558500e+01	3.812600e+04
4.563500e+01	3.781800e+04
4.568500e+01	3.843900e+04
4.573500e+01	3.808700e+04
4.578500e+01	3.818600e+04
4.583500e+01	3.809500e+04
4.588500e+01	3.789900e+04
4.593500e+01	3.833200e+04
4.598600e+01	3.823500e+04
4.603600e+01	3.889300e+04
4.608500e+01	3.816100e+04
4.613500e+01	3.834700e+04
4.618600e+01	3.754600e+04
4.623600e+01	3.724000e+04
4.628600e+01	3.734900e+04
4.633600e+01	3.745000e+04
4.638700e+01	3.766500e+04
4.643600e+01	3.774600e+04
4.648600e+01	3.754500e+04
4.653600e+01	3.804800e+04
4.658700e+01	3.817000e+04
4.663700e+01	3.829000e+04
4.668700e+01	3.772100e+04
4.673700e+01	3.816100e+04
4.678700e+01	3.852900e+04
4.683700e+01	3.827300e+04
4.688800e+01	3.850500e+04
4.693800e+01	3.803900e+04
4.698700e+01	3.847600e+04
4.703700e+01	3.807000e+04
4.708800e+01	3.871300e+04
4.713800e+01	3.839200e+04
4.718800e+01	3.804800e+04
4.723800e+01	3.725400e+04
4.728800e+01	3.750800e+04
4.733800e+01	3.747900e+04
4.738800e+01	3.799900e+04
4.743800e+01	3.814600e+04
4.748800e+01	3.782800e+04
4.753800e+01	3.813100e+04
4.758900e+01	3.805300e+04
4.763900e+01	3.844500e+04
4.768900e+01	3.804900e+04
4.773800e+01	3.879200e+04
4.778900e+01	3.834900e+04
4.783900e+01	3.836700e+04
4.788900e+01	3.834200e+04
4.793900e+01	3.857300e+04
4.798900e+01	3.869100e+04
4.803900e+01	3.868500e+04
4.808900e+01	3.815300e+04
4.813900e+01	3.881200e+04
4.819000e+01	3.779700e+04
4.824000e+01	3.745100e+04
4.829000e+01	3.773300e+04
4.834100e+01	3.774400e+04
4.839000e+01	3.786300e+04
4.844000e+01	3.792100e+04
4.849000e+01	3.811100e+04
4.854100e+01	3.828700e+04
4.859000e+01	3.849000e+04
4.864000e+01	3.813400e+04
4.869000e+01	3.830600e+04
4.874100e+01	3.829400e+04
4.879100e+01	3.881100e+04
4.884200e+01	3.848800e+04
4.889200e+01	3.909500e+04
4.894100e+01	3.860900e+04
4.899100e+01	3.863100e+04
4.904100e+01	3.837300e+04
4.909200e+01	3.848000e+04
4.914100e+01	3.919100e+04
4.919100e+01	3.792600e+04
4.924100e+01	3.743800e+04
4.929100e+01	3.718000e+04
4.934200e+01	3.806100e+04
4.939200e+01	3.801900e+04
4.944200e+01	3.821400e+04
4.949200e+01	3.821300e+04
4.954200e+01	3.828300e+04
4.959200e+01	3.833300e+04
4.964300e+01	3.856200e+04
4.969300e+01	3.800400e+04
4.974300e+01	3.912200e+04
4.979200e+01	3.812800e+04
4.984200e+01	3.858000e+04
4.989300e+01	3.813500e+04
4.994400e+01	3.882400e+04
4.999300e+01	3.879100e+04
5.004300e+01	3.897100e+04
5.009300e+01	3.834600e+04
5.014400e+01	3.882200e+04
5.019400e+01	3.790300e+04
5.024400e+01	3.772500e+04
5.029300e+01	3.799300e+04
5.034300e+01	3.793100e+04
5.039400e+01	3.793000e+04
5.044400e+01	3.799400e+04
5.049400e+01	3.823200e+04
5.054400e+01	3.844100e+04
5.059400e+01	3.859200e+04
5.064500e+01	3.818100e+04
5.069400e+01	3.837400e+04
5.074400e+01	3.839500e+04
5.079400e+01	3.912400e+04
5.084500e+01	3.859500e+04
5.089500e+01	3.896900e+04
5.094600e+01	3.829700e+04
5.099500e+01	3.866400e+04
5.104500e+01	3.851900e+04
5.109500e+01	3.855400e+04
5.114500e+01	3.865000e+04
5.119500e+01	3.770600e+04
5.124600e+01	3.744500e+04
5.129600e+01	3.774000e+04
5.134600e+01	3.800000e+04
5.139600e+01	3.791200e+04
5.144500e+01	3.858000e+04
5.149600e+01	3.775800e+04
5.154600e+01	3.866200e+04
5.159600e+01	3.820900e+04
5.164600e+01	3.889000e+04
5.169700e+01	3.819100e+04
5.174700e+01	3.859100e+04
5.179600e+01	3.855300e+04
5.184700e+01	3.849000e+04
5.189600e+01	3.886300e+04
5.194700e+01	3.898500e+04
5.199700e+01	3.888000e+04
5.204700e+01	3.902100e+04
5.209700e+01	3.864900e+04
5.214800e+01	3.898400e+04
5.219800e+01	3.792000e+04
5.224700e+01	3.751800e+04
5.229700e+01	3.806800e+04
5.234800e+01	3.747200e+04
5.239800e+01	3.776600e+04
5.244800e+01	3.818800e+04
5.249800e+01	3.855400e+04
5.254800e+01	3.879000e+04
5.259800e+01	3.840700e+04
5.264800e+01	3.813800e+04
5.269800e+01	3.830200e+04
5.274800e+01	3.874300e+04
5.279900e+01	3.931800e+04
5.284900e+01	3.840600e+04
5.289800e+01	3.842100e+04
5.294800e+01	3.863000e+04
5.299900e+01	3.836100e+04
5.304900e+01	3.944700e+04
5.309900e+01	3.875300e+04
5.315000e+01	3.943900e+04
5.319900e+01	3.741200e+04
5.324900e+01	3.756900e+04
5.329900e+01	3.760700e+04
5.335000e+01	3.831800e+04
5.340000e+01	3.840300e+04
5.344900e+01	3.837800e+04
5.350000e+01	3.785300e+04
5.355000e+01	3.851800e+04
5.360000e+01	3.844900e+04
5.365000e+01	3.891700e+04
5.370000e+01	3.879500e+04
5.375000e+01	3.830200e+04
5.380000e+01	3.886600e+04
5.385100e+01	3.864100e+04
5.390000e+01	3.912800e+04
5.395000e+01	3.876900e+04
5.400100e+01	3.912700e+04
5.405100e+01	3.875500e+04
5.410100e+01	3.869400e+04
5.415100e+01	3.887400e+04
5.420100e+01	3.794600e+04
5.425100e+01	3.785800e+04
5.430100e+01	3.794000e+04
5.435100e+01	3.772500e+04
5.440100e+01	3.831600e+04
5.445200e+01	3.836900e+04
5.450100e+01	3.870500e+04
5.455100e+01	3.883800e+04
5.460100e+01	3.862600e+04
5.465200e+01	3.840900e+04
5.470200e+01	3.789200e+04
5.475200e+01	3.887100e+04
5.480200e+01	3.879200e+04
5.485300e+01	3.911200e+04
5.490200e+01	3.885200e+04
5.495300e+01	3.874900e+04
5.500200e+01	3.895500e+04
5.505200e+01	3.914700e+04
5.510300e+01	3.894700e+04
5.515300e+01	3.902500e+04
5.520300e+01	3.782500e+04
5.525300e+01	3.751600e+04
5.530300e+01	3.796700e+04
5.535300e+01	3.841600e+04
5.540300e+01	3.850400e+04
5.545400e+01	3.829700e+04
5.550400e+01	3.856600e+04
5.555400e+01	3.817700e+04
5.560300e+01	3.902800e+04
5.565400e+01	3.864700e+04
5.570400e+01	3.872500e+04
5.575400e+01	3.903800e+04
5.580300e+01	3.839500e+04
5.585400e+01	3.871800e+04
5.590400e+01	3.902800e+04
5.595500e+01	3.904400e+04
5.600400e+01	3.895800e+04
5.605400e+01	3.858100e+04
5.610500e+01	3.874300e+04
5.615500e+01	3.902900e+04
5.620400e+01	3.792500e+04
5.625500e+01	3.805700e+04
5.630500e+01	3.783200e+04
5.635500e+01	3.813200e+04
5.640500e+01	3.810800e+04
5.645500e+01	3.817900e+04
5.650500e+01	3.833200e+04
5.655500e+01	3.893600e+04
5.660500e+01	3.818500e+04
5.665500e+01	3.863900e+04
5.670600e+01	3.852200e+04
5.675500e+01	3.891900e+04
5.680600e+01	3.883200e+04
5.685700e+01	3.864100e+04
5.690600e+01	3.883500e+04
5.695700e+01	3.883600e+04
5.700600e+01	3.921400e+04
5.705600e+01	3.864000e+04
5.710700e+01	3.860300e+04
5.715700e+01	3.851800e+04
5.720600e+01	3.808500e+04
5.725700e+01	3.758800e+04
5.730600e+01	3.840400e+04
5.735700e+01	3.792800e+04
5.740700e+01	3.844000e+04
5.745800e+01	3.818400e+04
5.750700e+01	3.857900e+04
5.755700e+01	3.859600e+04
5.760700e+01	3.906500e+04
5.765700e+01	3.858900e+04
5.770700e+01	3.866000e+04
5.775800e+01	3.849700e+04
5.780800e+01	3.852000e+04
5.785800e+01	3.908600e+04
5.790800e+01	3.903500e+04
5.795800e+01	3.925400e+04
5.800800e+01	3.870400e+04
5.805800e+01	3.934000e+04
5.810900e+01	3.870900e+04
5.815900e+01	3.872900e+04
5.820800e+01	3.776300e+04
5.825900e+01	3.762700e+04
5.830800e+01	3.728300e+04
5.835900e+01	3.815000e+04
5.840900e+01	3.814800e+04
5.845900e+01	3.883300e+04
5.850900e+01	3.821100e+04
5.855900e+01	3.835700e+04
5.860900e+01	3.855700e+04
5.865900e+01	3.869200e+04
5.870900e+01	3.874400e+04
5.876000e+01	3.855300e+04
5.881000e+01	3.881900e+04
5.886000e+01	3.835000e+04
5.891000e+01	3.875600e+04
5.896000e+01	3.879600e+04
5.901000e+01	3.904300e+04
5.906000e+01	3.869400e+04
5.911000e+01	3.894200e+04
5.916000e+01	3.861200e+04
5.921100e+01	3.789000e+04
5.926100e+01	3.738200e+04
5.931100e+01	3.834200e+04
5.936100e+01	3.782900e+04
5.941100e+01	3.837500e+04
5.946100e+01	3.801800e+04
5.951100e+01	3.795300e+04
5.956100e+01	3.842400e+04
5.961100e+01	3.854500e+04
5.966200e+01	3.858200e+04
5.971100e+01	3.890800e+04
5.976200e+01	3.867600e+04
5.981100e+01	3.876100e+04
5.986200e+01	3.886300e+04
5.991200e+01	3.881400e+04
5.996200e+01	3.880200e+04
6.001100e+01	3.866900e+04
6.006200e+01	3.876500e+04
6.011200e+01	3.868600e+04
6.016200e+01	3.915000e+04
6.021300e+01	3.719100e+04
6.026200e+01	3.773600e+04
6.031400e+01	3.754500e+04
6.036300e+01	3.834400e+04
6.041300e+01	3.844700e+04
6.046400e+01	3.803400e+04
6.051200e+01	3.851800e+04
6.056300e+01	3.827300e+04
6.061300e+01	3.865800e+04
6.066300e+01	3.835000e+04
6.071300e+01	3.833300e+04
6.076300e+01	3.887400e+04
6.081300e+01	3.884300e+04
6.086300e+01	3.854600e+04
6.091400e+01	3.907500e+04
6.096300e+01	3.849300e+04
6.101400e+01	3.912600e+04
6.106400e+01	3.845700e+04
6.111400e+01	3.904100e+04
6.116400e+01	3.876700e+04
6.122600e+01	3.730500e+04
6.126500e+01	3.790400e+04
6.131400e+01	3.766100e+04
6.136400e+01	3.807200e+04
6.141600e+01	3.813100e+04
6.146500e+01	3.870300e+04
6.151500e+01	3.830100e+04
6.156500e+01	3.863300e+04
6.161500e+01	3.910900e+04
6.166500e+01	3.860200e+04
6.171500e+01	3.825800e+04
6.176500e+01	3.886900e+04
6.181600e+01	3.837300e+04
6.186500e+01	3.890800e+04
6.191600e+01	3.814000e+04
6.196600e+01	3.880000e+04
6.201600e+01	3.887700e+04
6.206600e+01	3.877800e+04
6.211600e+01	3.930700e+04
6.216600e+01	3.843600e+04
6.221600e+01	3.766100e+04
6.226600e+01	3.732300e+04
6.231700e+01	3.835600e+04
6.236700e+01	3.812700e+04
6.241700e+01	3.838600e+04
6.246700e+01	3.811600e+04
6.251600e+01	3.860600e+04
6.256600e+01	3.816300e+04
6.261700e+01	3.868300e+04
6.266700e+01	3.857400e+04
6.271700e+01	3.884100e+04
6.276700e+01	3.838600e+04
6.281700e+01	3.858100e+04
6.286700e+01	3.865400e+04
6.291800e+01	3.878200e+04
6.296700e+01	3.930500e+04
6.301700e+01	3.820600e+04
6.306800e+01	3.894000e+04
6.311800e+01	3.848800e+04
6.316800e+01	3.902500e+04
6.321800e+01	3.734000e+04
6.326800e+01	3.845700e+04
6.331800e+01	3.782600e+04
6.336900e+01	3.833100e+04
6.341900e+01	3.771600e+04
6.346900e+01	3.858500e+04
6.351900e+01	3.852300e+04
6.356800e+01	3.846300e+04
6.361800e+01	3.821600e+04
6.366900e+01	3.815800e+04
6.371900e+01	3.854600e+04
6.376900e+01	3.900500e+04
6.381800e+01	3.902300e+04
6.386900e+01	3.887900e+04
6.391900e+01	3.891100e+04
6.396900e+01	3.846500e+04
6.401900e+01	3.871200e+04
6.406900e+01	3.869700e+04
6.412000e+01	3.946300e+04
6.417000e+01	3.841300e+04
6.421900e+01	3.733900e+04
6.427000e+01	3.675300e+04
6.432000e+01	3.786600e+04
6.437000e+01	3.818400e+04
6.442000e+01	3.850100e+04
6.447100e+01	3.837400e+04
6.452000e+01	3.815300e+04
6.457000e+01	3.844000e+04
6.462100e+01	3.847600e+04
6.467100e+01	3.883900e+04
6.472100e+01	3.889000e+04
6.477000e+01	3.881600e+04
6.482100e+01	3.867900e+04
6.487100e+01	3.817300e+04
6.492100e+01	3.861500e+04
6.497100e+01	3.897400e+04
6.502100e+01	3.886800e+04
6.507100e+01	3.929800e+04
6.512100e+01	3.850400e+04
6.517200e+01	3.891400e+04
6.522100e+01	3.750400e+04
6.527200e+01	3.789900e+04
6.532200e+01	3.790000e+04
6.537200e+01	3.777200e+04
6.542200e+01	3.807900e+04
6.547200e+01	3.804800e+04
6.552200e+01	3.806100e+04
6.557200e+01	3.830100e+04
6.562200e+01	3.858900e+04
6.567200e+01	3.863500e+04
6.572300e+01	3.862900e+04
6.577300e+01	3.877600e+04
6.582300e+01	3.894700e+04
6.587300e+01	3.890900e+04
6.592300e+01	3.900500e+04
6.597300e+01	3.815200e+04
6.602300e+01	3.905200e+04
6.607300e+01	3.879200e+04
6.612300e+01	3.899700e+04
6.617300e+01	3.865700e+04
6.622300e+01	3.748200e+04
6.627400e+01	3.793100e+04
6.632400e+01	3.810400e+04
6.637400e+01	3.812200e+04
6.642400e+01	3.846200e+04
6.647400e+01	3.819600e+04
6.652400e+01	3.864100e+04
6.657400e+01	3.844300e+04
6.662500e+01	3.876500e+04
6.667500e+01	3.877600e+04
6.672500e+01	3.842700e+04
6.677500e+01	3.894800e+04
6.682400e+01	3.840000e+04
6.687500e+01	3.927300e+04
6.692500e+01	3.896700e+04
6.697500e+01	3.941300e+04
6.702500e+01	3.902200e+04
6.707500e+01	3.899600e+04
6.712600e+01	3.894700e+04
6.717500e+01	3.885000e+04
6.722500e+01	3.781600e+04
6.727500e+01	3.776200e+04
6.732600e+01	3.808700e+04
6.737500e+01	3.807200e+04
6.742600e+01	3.800700e+04
6.747600e+01	3.827100e+04
6.752600e+01	3.874300e+04
6.757700e+01	3.837100e+04
6.762600e+01	3.888700e+04
6.767600e+01	3.859800e+04
6.772600e+01	3.899700e+04
6.777700e+01	3.913700e+04
6.782700e+01	3.869500e+04
6.787700e+01	3.820800e+04
6.792700e+01	3.882700e+04
6.797700e+01	3.890500e+04
6.802700e+01	3.893900e+04
6.807800e+01	3.880600e+04
6.812700e+01	3.915100e+04
6.817800e+01	3.825900e+04
6.822700e+01	3.747500e+04
6.827700e+01	3.752200e+04
6.832800e+01	3.810600e+04
6.837800e+01	3.829200e+04
6.842800e+01	3.775900e+04
6.847800e+01	3.825100e+04
6.852700e+01	3.790900e+04
6.857800e+01	3.893300e+04
6.862800e+01	3.808600e+04
6.867800e+01	3.867700e+04
6.872800e+01	3.842900e+04
6.877800e+01	3.844900e+04
6.882800e+01	3.880000e+04
6.887900e+01	3.892300e+04
6.892900e+01	3.883000e+04
6.897900e+01	3.901500e+04
6.902900e+01	3.805100e+04
6.907900e+01	3.876900e+04
6.912900e+01	3.868400e+04
6.918000e+01	3.855200e+04
6.922900e+01	3.789000e+04
6.927900e+01	3.721700e+04
6.932900e+01	3.796300e+04
6.938000e+01	3.747400e+04
6.943000e+01	3.850800e+04
6.947900e+01	3.825800e+04
6.953000e+01	3.846700e+04
6.958000e+01	3.840000e+04
6.963000e+01	3.820300e+04
6.968100e+01	3.820700e+04
6.973000e+01	3.853900e+04
6.978100e+01	3.893400e+04
6.983000e+01	3.861900e+04
6.988000e+01	3.871800e+04
6.993000e+01	3.835700e+04
6.998000e+01	3.860200e+04
7.003100e+01	3.882200e+04
7.008100e+01	3.931400e+04
7.013100e+01	3.878400e+04
7.018100e+01	3.849800e+04
7.023100e+01	3.688900e+04
7.028200e+01	3.784800e+04
7.033100e+01	3.776000e+04
7.038100e+01	3.823700e+04
7.043100e+01	3.795700e+04
7.048200e+01	3.793400e+04
7.053100e+01	3.837700e+04
7.058200e+01	3.834500e+04
7.063200e+01	3.864000e+04
7.068200e+01	3.860000e+04
7.073200e+01	3.855200e+04
7.078200e+01	3.823900e+04
7.083200e+01	3.888200e+04
7.088300e+01	3.889500e+04
7.093300e+01	3.880800e+04
7.098300e+01	3.845500e+04
7.103200e+01	3.867800e+04
7.108300e+01	3.843700e+04
7.113300e+01	3.936800e+04
7.118300e+01	3.812600e+04
7.123400e+01	3.807400e+04
7.128400e+01	3.743200e+04
7.133400e+01	3.810100e+04
7.138300e+01	3.794200e+04
7.143300e+01	3.796800e+04
7.148300e+01	3.809800e+04
7.153300e+01	3.796000e+04
7.158400e+01	3.858300e+04
7.163300e+01	3.820600e+04
7.168300e+01	3.889900e+04
7.173300e+01	3.844500e+04
7.178400e+01	3.896000e+04
7.183400e+01	3.875700e+04
7.188400e+01	3.864500e+04
7.193500e+01	3.880400e+04
7.198500e+01	3.906600e+04
7.203500e+01	3.824900e+04
7.208400e+01	3.933700e+04
7.213400e+01	3.841900e+04
7.218500e+01	3.856400e+04
7.223500e+01	3.734400e+04
7.228400e+01	3.777500e+04
7.233500e+01	3.831200e+04
7.238500e+01	3.754000e+04
7.243500e+01	3.829000e+04
7.248500e+01	3.783100e+04
7.253500e+01	3.831900e+04
7.258500e+01	3.851300e+04
7.263600e+01	3.821100e+04
7.268500e+01	3.817500e+04
7.273600e+01	3.849800e+04
7.278600e+01	3.839100e+04
7.283600e+01	3.902100e+04
7.288600e+01	3.849400e+04
7.293700e+01	3.916200e+04
7.298600e+01	3.853700e+04
7.303600e+01	3.871000e+04
7.308600e+01	3.884400e+04
7.313600e+01	3.881700e+04
7.318700e+01	3.807300e+04
7.323600e+01	3.706000e+04
7.328700e+01	3.754700e+04
7.333700e+01	3.744800e+04
7.338700e+01	3.823100e+04
7.343700e+01	3.801000e+04
7.348700e+01	3.862000e+04
7.353700e+01	3.779500e+04
7.358700e+01	3.838800e+04
7.363800e+01	3.845500e+04
7.368800e+01	3.860100e+04
7.373700e+01	3.852900e+04
7.378700e+01	3.852800e+04
7.383700e+01	3.824300e+04
7.388800e+01	3.838300e+04
7.393700e+01	3.837500e+04
7.398800e+01	3.841000e+04
7.403800e+01	3.856600e+04
7.408900e+01	3.873700e+04
7.413900e+01	3.827700e+04
7.418800e+01	3.759500e+04
7.423800e+01	3.750300e+04
7.428800e+01	3.744900e+04
7.433900e+01	3.802300e+04
7.438900e+01	3.750600e+04
7.443900e+01	3.794300e+04
7.448900e+01	3.780900e+04
7.453800e+01	3.834800e+04
7.458900e+01	3.800700e+04
7.463900e+01	3.876500e+04
7.468900e+01	3.830200e+04
7.473900e+01	3.865600e+04
7.478900e+01	3.840800e+04
7.483900e+01	3.874400e+04
7.489000e+01	3.878300e+04
7.494000e+01	3.852100e+04
7.499000e+01	3.851900e+04
7.504000e+01	3.845500e+04
7.509000e+01	3.854300e+04
7.514000e+01	3.848000e+04
7.519000e+01	3.803300e+04
7.524100e+01	3.723400e+04
7.529100e+01	3.767900e+04
7.534000e+01	3.747600e+04
7.539100e+01	3.849600e+04
7.544100e+01	3.804500e+04
7.549100e+01	3.831200e+04
7.554100e+01	3.788800e+04
7.559100e+01	3.815700e+04
7.564100e+01	3.819900e+04
7.569100e+01	3.815800e+04
7.574100e+01	3.845200e+04
7.579200e+01	3.837900e+04
7.584100e+01	3.823900e+04
7.589200e+01	3.834200e+04
7.594200e+01	3.869600e+04
7.599200e+01	3.861200e+04
7.604200e+01	3.856100e+04
7.609200e+01	3.841000e+04
7.614200e+01	3.862100e+04
7.619200e+01	3.767500e+04
7.624300e+01	3.758500e+04
7.629300e+01	3.717700e+04
7.634300e+01	3.803900e+04
7.639200e+01	3.741400e+04
7.644200e+01	3.786300e+04
7.649200e+01	3.786900e+04
7.654200e+01	3.834900e+04
7.659200e+01	3.850700e+04
7.664300e+01	3.799700e+04
7.669300e+01	3.816400e+04
7.674400e+01	3.836200e+04
7.679300e+01	3.841400e+04
7.684400e+01	3.877900e+04
7.689300e+01	3.792800e+04
7.694400e+01	3.834000e+04
7.699300e+01	3.851700e+04
7.704300e+01	3.876400e+04
7.709400e+01	3.891100e+04
7.714400e+01	3.812200e+04
7.719400e+01	3.796200e+04
7.724400e+01	3.705400e+04
7.729500e+01	3.745900e+04
7.734400e+01	3.764600e+04
7.739400e+01	3.785400e+04
7.744400e+01	3.774200e+04
7.749400e+01	3.769800e+04
7.754500e+01	3.784900e+04
7.759400e+01	3.771200e+04
7.764500e+01	3.778300e+04
7.769600e+01	3.820800e+04
7.774500e+01	3.794100e+04
7.779500e+01	3.785900e+04
7.784600e+01	3.845600e+04
7.789500e+01	3.825100e+04
7.794500e+01	3.854100e+04
7.799600e+01	3.803900e+04
7.804500e+01	3.893000e+04
7.809500e+01	3.777500e+04
7.814500e+01	3.837200e+04
7.819700e+01	3.710000e+04
7.824600e+01	3.731600e+04
7.829600e+01	3.767700e+04
7.834700e+01	3.700200e+04
7.839600e+01	3.755200e+04
7.844600e+01	3.756400e+04
7.849700e+01	3.790300e+04
7.854700e+01	3.816500e+04
7.859700e+01	3.783600e+04
7.864700e+01	3.768700e+04
7.869700e+01	3.777700e+04
7.874700e+01	3.782700e+04
7.879700e+01	3.842300e+04
7.884700e+01	3.791400e+04
7.889700e+01	3.834600e+04
7.894800e+01	3.787300e+04
7.899700e+01	3.827100e+04
7.904700e+01	3.794600e+04
7.909700e+01	3.885700e+04
7.914800e+01	3.861000e+04
7.919800e+01	3.708300e+04
7.924800e+01	3.687900e+04
7.929800e+01	3.700100e+04
7.934800e+01	3.747500e+04
7.939800e+01	3.780800e+04
7.944800e+01	3.762000e+04
7.949800e+01	3.739300e+04
7.954900e+01	3.773500e+04
7.959900e+01	3.745200e+04
7.964900e+01	3.845500e+04
7.969900e+01	3.782500e+04
7.974900e+01	3.827700e+04
7.979800e+01	3.761200e+04
7.984900e+01	3.766200e+04
7.989900e+01	3.792600e+04
7.994900e+01	3.829400e+04
7.999900e+01	3.863600e+04
8.004900e+01	3.791300e+04
8.010000e+01	3.809300e+04
8.014900e+01	3.808300e+04
8.020000e+01	3.699900e+04
8.025000e+01	3.734400e+04
8.030000e+01	3.730100e+04
8.034900e+01	3.716800e+04
8.040000e+01	3.715000e+04
8.045000e+01	3.706500e+04
8.050000e+01	3.771200e+04
8.055000e+01	3.760400e+04
8.060100e+01	3.786700e+04
8.065000e+01	3.775200e+04
8.070000e+01	3.739600e+04
8.075000e+01	3.807700e+04
8.080000e+01	3.772300e+04
8.085100e+01	3.797100e+04
8.090100e+01	3.835800e+04
8.095100e+01	3.772800e+04
8.100100e+01	3.768400e+04
8.105100e+01	3.790500e+04
8.110100e+01	3.782200e+04
8.115100e+01	3.817400e+04
8.120200e+01	3.656600e+04
8.125200e+01	3.708400e+04
8.130100e+01	3.687300e+04
8.135200e+01	3.731900e+04
8.140200e+01	3.736300e+04
8.145200e+01	3.724600e+04
8.150200e+01	3.774000e+04
8.155200e+01	3.724600e+04
8.160200e+01	3.772000e+04
8.165200e+01	3.762200e+04
8.170200e+01	3.774100e+04
8.175200e+01	3.736100e+04
8.180200e+01	3.754700e+04
8.185300e+01	3.788300e+04
8.190200e+01	3.822400e+04
8.195200e+01	3.772900e+04
8.200300e+01	3.822800e+04
8.205300e+01	3.781100e+04
8.210300e+01	3.796700e+04
8.215300e+01	3.762900e+04
8.220300e+01	3.695900e+04
8.225300e+01	3.648500e+04
8.230400e+01	3.685800e+04
8.235400e+01	3.687500e+04
8.240400e+01	3.700700e+04
8.245400e+01	3.745600e+04
8.250400e+01	3.750000e+04
8.255400e+01	3.732000e+04
8.260400e+01	3.729800e+04
8.265400e+01	3.745400e+04
8.270400e+01	3.757600e+04
8.275400e+01	3.734800e+04
8.280400e+01	3.773200e+04
8.285500e+01	3.739000e+04
8.290500e+01	3.740200e+04
8.295500e+01	3.784000e+04
8.300500e+01	3.735500e+04
8.305400e+01	3.810800e+04
8.310500e+01	3.744100e+04
8.315600e+01	3.760700e+04
8.320500e+01	3.609400e+04
8.325600e+01	3.645300e+04
8.330600e+01	3.675200e+04
8.335500e+01	3.673100e+04
8.340600e+01	3.677200e+04
8.345500e+01	3.646200e+04
8.350600e+01	3.667600e+04
8.355600e+01	3.716700e+04
8.360600e+01	3.730700e+04
8.365600e+01	3.738300e+04
8.370600e+01	3.754700e+04
8.375600e+01	3.738600e+04
8.380700e+01	3.762000e+04
8.385600e+01	3.715500e+04
8.390700e+01	3.789100e+04
8.395700e+01	3.736600e+04
8.400700e+01	3.785100e+04
8.405700e+01	3.680500e+04
8.410700e+01	3.763600e+04
8.415700e+01	3.751800e+04
8.420700e+01	3.637600e+04
8.425700e+01	3.622000e+04
8.430800e+01	3.632600e+04
8.435800e+01	3.661800e+04
8.440800e+01	3.689100e+04
8.445800e+01	3.700100e+04
8.450700e+01	3.715900e+04
8.455800e+01	3.692900e+04
8.460800e+01	3.688900e+04
8.465800e+01	3.727000e+04
8.470800e+01	3.684500e+04
8.475900e+01	3.771300e+04
8.480900e+01	3.698600e+04
8.485800e+01	3.748700e+04
8.490900e+01	3.687100e+04
8.495800e+01	3.745100e+04
8.500800e+01	3.709600e+04
8.505800e+01	3.782800e+04
8.510900e+01	3.742200e+04
8.515900e+01	3.744200e+04
8.520900e+01	3.568700e+04
8.526000e+01	3.628400e+04
8.530900e+01	3.651200e+04
8.535900e+01	3.652300e+04
8.541000e+01	3.674100e+04
8.545900e+01	3.677100e+04
8.551000e+01	3.700400e+04
8.556000e+01	3.684100e+04
8.561000e+01	3.739100e+04
8.565900e+01	3.724200e+04
8.571000e+01	3.750200e+04
8.576000e+01	3.659600e+04
8.581000e+01	3.711200e+04
8.586000e+01	3.728400e+04
8.591000e+01	3.751300e+04
8.596000e+01	3.722500e+04
8.601000e+01	3.707600e+04
8.606100e+01	3.726900e+04
8.611100e+01	3.743400e+04
8.616100e+01	3.763200e+04
8.621100e+01	3.615700e+04
8.626100e+01	3.635700e+04
8.631100e+01	3.634500e+04
8.636100e+01	3.667000e+04
8.641100e+01	3.644900e+04
8.646100e+01	3.680900e+04
8.651100e+01	3.686600e+04
8.656100e+01	3.724700e+04
8.661200e+01	3.672400e+04
8.666100e+01	3.712300e+04
8.671200e+01	3.692100e+04
8.676200e+01	3.748900e+04
8.681200e+01	3.720800e+04
8.686200e+01	3.753600e+04
8.691300e+01	3.731800e+04
8.696300e+01	3.737900e+04
8.701200e+01	3.726200e+04
8.706200e+01	3.731200e+04
8.711200e+01	3.742900e+04
8.716300e+01	3.700700e+04
8.721300e+01	3.624400e+04
8.726300e+01	3.626100e+04
8.731300e+01	3.643300e+04
8.736300e+01	3.646300e+04
8.741400e+01	3.663100e+04
8.746400e+01	3.652300e+04
8.751400e+01	3.717000e+04
8.756300e+01	3.686900e+04
8.761400e+01	3.720600e+04
8.766300e+01	3.675800e+04
8.771300e+01	3.723600e+04
8.776400e+01	3.702200e+04
8.781400e+01	3.731900e+04
8.786400e+01	3.736400e+04
8.791400e+01	3.717500e+04
8.796400e+01	3.747900e+04
8.801500e+01	3.708100e+04
8.806500e+01	3.763000e+04
8.811500e+01	3.739700e+04
8.816500e+01	3.706700e+04
8.821500e+01	3.616600e+04
8.826400e+01	3.591700e+04
8.831500e+01	3.620400e+04
8.836500e+01	3.703400e+04
8.841500e+01	3.694900e+04
8.846500e+01	3.698400e+04
8.851500e+01	3.703900e+04
8.856600e+01	3.702200e+04
8.861500e+01	3.678900e+04
8.866500e+01	3.719600e+04
8.871600e+01	3.720300e+04
8.876500e+01	3.719600e+04
8.881600e+01	3.735800e+04
8.886600e+01	3.677500e+04
8.891700e+01	3.735900e+04
8.896500e+01	3.727900e+04
8.901600e+01	3.742900e+04
8.906600e+01	3.763900e+04
8.911700e+01	3.769400e+04
8.916600e+01	3.668000e+04
8.921600e+01	3.642600e+04
8.926700e+01	3.648700e+04
8.931800e+01	3.695200e+04
8.936700e+01	3.609700e+04
8.941700e+01	3.677200e+04
8.946700e+01	3.686600e+04
8.951700e+01	3.703700e+04
8.956700e+01	3.713300e+04
8.961700e+01	3.702000e+04
8.966800e+01	3.740700e+04
8.971800e+01	3.713200e+04
8.976800e+01	3.710600e+04
8.981800e+01	3.747600e+04
8.986800e+01	3.787400e+04
8.991800e+01	3.745400e+04
8.996800e+01	3.765200e+04
9.001800e+01	3.677900e+04
9.006800e+01	3.783800e+04
9.011900e+01	3.751000e+04
9.016800e+01	3.698500e+04
9.021900e+01	3.612900e+04
9.026800e+01	3.630200e+04
9.031900e+01	3.630400e+04
9.036900e+01	3.682900e+04
9.041800e+01	3.668800e+04
9.046800e+01	3.709900e+04
9.051900e+01	3.675900e+04
9.056900e+01	3.689100e+04
9.062000e+01	3.679700e+04
9.066900e+01	3.702300e+04
9.072000e+01	3.734900e+04
9.076900e+01	3.682200e+04
9.082000e+01	3.774200e+04
9.086900e+01	3.691600e+04
9.092000e+01	3.755300e+04
9.097000e+01	3.725200e+04
9.101900e+01	3.737400e+04
9.107000e+01	3.720300e+04
9.112000e+01	3.743000e+04
9.117000e+01	3.663800e+04
9.122000e+01	3.653900e+04
9.127000e+01	3.596700e+04
9.132000e+01	3.664700e+04
9.137000e+01	3.639700e+04
9.142100e+01	3.674700e+04
9.147000e+01	3.660800e+04
9.152100e+01	3.697000e+04
9.157100e+01	3.720100e+04
9.162100e+01	3.672500e+04
9.167100e+01	3.758900e+04
9.172100e+01	3.663600e+04
9.177100e+01	3.711200e+04
9.182100e+01	3.682900e+04
9.187100e+01	3.712400e+04
9.192200e+01	3.707200e+04
9.197200e+01	3.695900e+04
9.202100e+01	3.706300e+04
9.207100e+01	3.789200e+04
9.212200e+01	3.733200e+04
9.217200e+01	3.702300e+04
9.222200e+01	3.594900e+04
9.227200e+01	3.604000e+04
9.232200e+01	3.627800e+04
9.237200e+01	3.675800e+04
9.242200e+01	3.696800e+04
9.247300e+01	3.626100e+04
9.252300e+01	3.700200e+04
9.257200e+01	3.640800e+04
9.262300e+01	3.724000e+04
9.267300e+01	3.712400e+04
9.272300e+01	3.718700e+04
9.277300e+01	3.738000e+04
9.282400e+01	3.704800e+04
9.287400e+01	3.733700e+04
9.292300e+01	3.729700e+04
9.297400e+01	3.742600e+04
9.302400e+01	3.717900e+04
9.307400e+01	3.685600e+04
9.312400e+01	3.745100e+04
9.317400e+01	3.671000e+04
9.322400e+01	3.591800e+04
9.327400e+01	3.653600e+04
9.332500e+01	3.633000e+04
9.337400e+01	3.691100e+04
9.342500e+01	3.628600e+04
9.347500e+01	3.724400e+04
9.352500e+01	3.681900e+04
9.357500e+01	3.716700e+04
9.362500e+01	3.670300e+04
9.367500e+01	3.703000e+04
9.372500e+01	3.718200e+04
9.377600e+01	3.712100e+04
9.382600e+01	3.723700e+04
9.387500e+01	3.704500e+04
9.392500e+01	3.735900e+04
9.397600e+01	3.745200e+04
9.402600e+01	3.718800e+04
9.407600e+01	3.724800e+04
9.412500e+01	3.766500e+04
9.417600e+01	3.623400e+04
9.422600e+01	3.602100e+04
9.427600e+01	3.558900e+04
9.432600e+01	3.696800e+04
9.437600e+01	3.650700e+04
9.442600e+01	3.687400e+04
9.447600e+01	3.629600e+04
9.452700e+01	3.689700e+04
9.457600e+01	3.696700e+04
9.462600e+01	3.711100e+04
9.467700e+01	3.714000e+04
9.472700e+01	3.736700e+04
9.477700e+01	3.728900e+04
9.482700e+01	3.701400e+04
9.487800e+01	3.708800e+04
9.492800e+01	3.733000e+04
9.497700e+01	3.754300e+04
9.502800e+01	3.692500e+04
9.507800e+01	3.740600e+04
9.512800e+01	3.707000e+04
9.517800e+01	3.715400e+04
9.522800e+01	3.600000e+04
9.527800e+01	3.642500e+04
9.532700e+01	3.620300e+04
9.537800e+01	3.653700e+04
9.542800e+01	3.647900e+04
9.547800e+01	3.645800e+04
9.552900e+01	3.688700e+04
9.557900e+01	3.707500e+04
9.562900e+01	3.654500e+04
9.567900e+01	3.685000e+04
9.572900e+01	3.718300e+04
9.577800e+01	3.761700e+04
9.582900e+01	3.747800e+04
9.587900e+01	3.683000e+04
9.592900e+01	3.751400e+04
9.597900e+01	3.682300e+04
9.602900e+01	3.754500e+04
9.608000e+01	3.746700e+04
9.613000e+01	3.702700e+04
9.617900e+01	3.631300e+04
9.623000e+01	3.586800e+04
9.627900e+01	3.611200e+04
9.633000e+01	3.641000e+04
9.637900e+01	3.666700e+04
9.643000e+01	3.693500e+04
9.648000e+01	3.678100e+04
9.653000e+01	3.684500e+04
9.658000e+01	3.703700e+04
9.663000e+01	3.680100e+04
9.668000e+01	3.700800e+04
9.673000e+01	3.696400e+04
9.678000e+01	3.697900e+04
9.683000e+01	3.699300e+04
9.688000e+01	3.748600e+04
9.693100e+01	3.738600e+04
9.698100e+01	3.761400e+04
9.703100e+01	3.684500e+04
9.708100e+01	3.759300e+04
9.713100e+01	3.710300e+04
9.718100e+01	3.674000e+04
9.723200e+01	3.618200e+04
9.728200e+01	3.677100e+04
9.733200e+01	3.658800e+04
9.738200e+01	3.658400e+04
9.743200e+01	3.670600e+04
9.748100e+01	3.665000e+04
9.753200e+01	3.717400e+04
9.758200e+01	3.726100e+04
9.763300e+01	3.701500e+04
9.768300e+01	3.708100e+04
9.773200e+01	3.675500e+04
9.778300e+01	3.710000e+04
9.783300e+01	3.694400e+04
9.788300e+01	3.685500e+04
9.793300e+01	3.754700e+04
9.798300e+01	3.710200e+04
9.803300e+01	3.718600e+04
9.808300e+01	3.731000e+04
9.813300e+01	3.769400e+04
9.818300e+01	3.644100e+04
9.823400e+01	3.608200e+04
9.828400e+01	3.625300e+04
9.833300e+01	3.640400e+04
9.838400e+01	3.640100e+04
9.843300e+01	3.621200e+04
9.848400e+01	3.685200e+04
9.853400e+01	3.701200e+04
9.858400e+01	3.699100e+04
9.863400e+01	3.687800e+04
9.868400e+01	3.748200e+04
9.873500e+01	3.712600e+04
9.878500e+01	3.732900e+04
9.883500e+01	3.699600e+04
9.888500e+01	3.711500e+04
9.893400e+01	3.750400e+04
9.898400e+01	3.710500e+04
9.903500e+01	3.692600e+04
9.908500e+01	3.689500e+04
9.913500e+01	3.713000e+04
9.918500e+01	3.628300e+04
9.923500e+01	3.603700e+04
9.928500e+01	3.627000e+04
9.933500e+01	3.665100e+04
9.938600e+01	3.662900e+04
9.943600e+01	3.698600e+04
9.948600e+01	3.665900e+04
9.953600e+01	3.729900e+04
9.958600e+01	3.687800e+04
9.963700e+01	3.699400e+04
9.968600e+01	3.693200e+04
9.973600e+01	3.734800e+04
9.978700e+01	3.744400e+04
9.983600e+01	3.708000e+04
9.988700e+01	3.692700e+04
9.993700e+01	3.701200e+04
9.998700e+01	3.752100e+04
1.000370e+02	3.764300e+04
1.000870e+02	3.730100e+04
1.001380e+02	3.746300e+04
1.001870e+02	3.607100e+04
1.002370e+02	3.587300e+04
1.002870e+02	3.640000e+04
1.003370e+02	3.606600e+04
1.003870e+02	3.673200e+04
1.004380e+02	3.642300e+04
1.004870e+02	3.686000e+04
1.005370e+02	3.663000e+04
1.005880e+02	3.701300e+04
1.006380e+02	3.695400e+04
1.006880e+02	3.667200e+04
1.007380e+02	3.700800e+04
1.007880e+02	3.669500e+04
1.008390e+02	3.726500e+04
1.008880e+02	3.746500e+04
1.009390e+02	3.720400e+04
1.009890e+02	3.718000e+04
1.010390e+02	3.709300e+04
1.010880e+02	3.737900e+04
1.011390e+02	3.751800e+04
1.011890e+02	3.591200e+04
1.012390e+02	3.621800e+04
1.012890e+02	3.571700e+04
1.013390e+02	3.659300e+04
1.013900e+02	3.621400e+04
1.014390e+02	3.646300e+04
1.014900e+02	3.674300e+04
1.015400e+02	3.674000e+04
1.015890e+02	3.684300e+04
1.016390e+02	3.703100e+04
1.016900e+02	3.710100e+04
1.017400e+02	3.712800e+04
1.017900e+02	3.728300e+04
1.018400e+02	3.681100e+04
1.018900e+02	3.718100e+04
1.019400e+02	3.689500e+04
1.019910e+02	3.753900e+04
1.020410e+02	3.671200e+04
1.020910e+02	3.734200e+04
1.021410e+02	3.667100e+04
1.021910e+02	3.635600e+04
1.022410e+02	3.594400e+04
1.022910e+02	3.624600e+04
1.023410e+02	3.650600e+04
1.023910e+02	3.665900e+04
1.024410e+02	3.658700e+04
1.024920e+02	3.715300e+04
1.025420e+02	3.710500e+04
1.025910e+02	3.713000e+04
1.026410e+02	3.655300e+04
1.026920e+02	3.654200e+04
1.027420e+02	3.741100e+04
1.027920e+02	3.712700e+04
1.028420e+02	3.775100e+04
1.028920e+02	3.668100e+04
1.029420e+02	3.754200e+04
1.029920e+02	3.703000e+04
1.030430e+02	3.743400e+04
1.030920e+02	3.736300e+04
1.031430e+02	3.730500e+04
1.031930e+02	3.599500e+04
1.032440e+02	3.596900e+04
1.032930e+02	3.603300e+04
1.033430e+02	3.647800e+04
1.033930e+02	3.647800e+04
1.034440e+02	3.669000e+04
1.034940e+02	3.668900e+04
1.035440e+02	3.645800e+04
1.035940e+02	3.710800e+04
1.036440e+02	3.694200e+04
1.036940e+02	3.741700e+04
1.037440e+02	3.714000e+04
1.037940e+02	3.700300e+04
1.038440e+02	3.707100e+04
1.038940e+02	3.688800e+04
1.039440e+02	3.746500e+04
1.039940e+02	3.715900e+04
1.040450e+02	3.737500e+04
1.040940e+02	3.690700e+04
1.041450e+02	3.734800e+04
1.041940e+02	3.586900e+04
1.042440e+02	3.648000e+04
1.042940e+02	3.643400e+04
1.043450e+02	3.671500e+04
1.043950e+02	3.654600e+04
1.044450e+02	3.675000e+04
1.044950e+02	3.619900e+04
1.045450e+02	3.756600e+04
1.045950e+02	3.655600e+04
1.046450e+02	3.731100e+04
1.046950e+02	3.706200e+04
1.047450e+02	3.685900e+04
1.047960e+02	3.730800e+04
1.048460e+02	3.686700e+04
1.048960e+02	3.740000e+04
1.049460e+02	3.727500e+04
1.049960e+02	3.700700e+04
1.050460e+02	3.697500e+04
1.050960e+02	3.718100e+04
1.051460e+02	3.718400e+04
1.051970e+02	3.600900e+04
1.052460e+02	3.593800e+04
1.052960e+02	3.633600e+04
1.053480e+02	3.618500e+04
1.053960e+02	3.671900e+04
1.054460e+02	3.636200e+04
1.054970e+02	3.693800e+04
1.055470e+02	3.688300e+04
1.055980e+02	3.685100e+04
1.056470e+02	3.682000e+04
1.056970e+02	3.701600e+04
1.057480e+02	3.691500e+04
1.057980e+02	3.704600e+04
1.058480e+02	3.679600e+04
1.058980e+02	3.703100e+04
1.059480e+02	3.734900e+04
1.059980e+02	3.706800e+04
1.060480e+02	3.730200e+04
1.060970e+02	3.669000e+04
1.061490e+02	3.745000e+04
1.061990e+02	3.510800e+04
1.062480e+02	3.591300e+04
1.062980e+02	3.592000e+04
1.063490e+02	3.640100e+04
1.063990e+02	3.631300e+04
1.064480e+02	3.658000e+04
1.064990e+02	3.640300e+04
1.065490e+02	3.691100e+04
1.065990e+02	3.684100e+04
1.066490e+02	3.703100e+04
1.066990e+02	3.685000e+04
1.067490e+02	3.725400e+04
1.067990e+02	3.713200e+04
1.068490e+02	3.704400e+04
1.069000e+02	3.665300e+04
1.069500e+02	3.685600e+04
1.069990e+02	3.735600e+04
1.070500e+02	3.712300e+04
1.071000e+02	3.764200e+04
1.071500e+02	3.698500e+04
1.072000e+02	3.606500e+04
1.072500e+02	3.599400e+04
1.073000e+02	3.650600e+04
1.073510e+02	3.662500e+04
1.074000e+02	3.629300e+04
1.074500e+02	3.631900e+04
1.075010e+02	3.631900e+04
1.075510e+02	3.668700e+04
1.076010e+02	3.691100e+04
1.076510e+02	3.703100e+04
1.077010e+02	3.704900e+04
1.077510e+02	3.715600e+04
1.078010e+02	3.667000e+04
1.078520e+02	3.729800e+04
1.079020e+02	3.703400e+04
1.079520e+02	3.739900e+04
1.080020e+02	3.665100e+04
1.080520e+02	3.719500e+04
1.081020e+02	3.711700e+04
1.081520e+02	3.756400e+04
1.082020e+02	3.600400e+04
1.082530e+02	3.638800e+04
1.083020e+02	3.613600e+04
1.083520e+02	3.608500e+04
1.084020e+02	3.677900e+04
1.084520e+02	3.677100e+04
1.085030e+02	3.717300e+04
1.085530e+02	3.683500e+04
1.086020e+02	3.689500e+04
1.086530e+02	3.660400e+04
1.087020e+02	3.732100e+04
1.087530e+02	3.690900e+04
1.088030e+02	3.729300e+04
1.088540e+02	3.703200e+04
1.089030e+02	3.745700e+04
1.089540e+02	3.698000e+04
1.090040e+02	3.760200e+04
1.090540e+02	3.700800e+04
1.091360e+02	3.778700e+04
1.091540e+02	3.749800e+04
1.092040e+02	3.545200e+04
1.092540e+02	3.638900e+04
1.093040e+02	3.623300e+04
1.093550e+02	3.686700e+04
1.094050e+02	3.654200e+04
1.094550e+02	3.690900e+04
1.095040e+02	3.644100e+04
1.095550e+02	3.700000e+04
1.096050e+02	3.711200e+04
1.096550e+02	3.727600e+04
1.097050e+02	3.698100e+04
1.097550e+02	3.728100e+04
1.098040e+02	3.664700e+04
1.098560e+02	3.718200e+04
1.099050e+02	3.700400e+04
1.099560e+02	3.786500e+04
1.100050e+02	3.710100e+04
1.100550e+02	3.698600e+04
1.101050e+02	3.753700e+04
1.101560e+02	3.730000e+04
1.102060e+02	3.626700e+04
1.102560e+02	3.618500e+04
1.103060e+02	3.665800e+04
1.103560e+02	3.647700e+04
1.104060e+02	3.666700e+04
1.104570e+02	3.669100e+04
1.105070e+02	3.698600e+04
1.105570e+02	3.686700e+04
1.106070e+02	3.712000e+04
1.106570e+02	3.686800e+04
1.107070e+02	3.740200e+04
1.107570e+02	3.707500e+04
1.108070e+02	3.775000e+04
1.108560e+02	3.726000e+04
1.109070e+02	3.743400e+04
1.109570e+02	3.728000e+04
1.110070e+02	3.708000e+04
1.110570e+02	3.750500e+04
1.111070e+02	3.738500e+04
1.111580e+02	3.720000e+04
1.112080e+02	3.609600e+04
1.112580e+02	3.652200e+04
1.113080e+02	3.638700e+04
1.113580e+02	3.689200e+04
1.114080e+02	3.669100e+04
1.114580e+02	3.718300e+04
1.115080e+02	3.673000e+04
1.115590e+02	3.752600e+04
1.116080e+02	3.678400e+04
1.116590e+02	3.750800e+04
1.117080e+02	3.703300e+04
1.117580e+02	3.728100e+04
1.118080e+02	3.722900e+04
1.118590e+02	3.713500e+04
1.119090e+02	3.766900e+04
1.119600e+02	3.729400e+04
1.120090e+02	3.741900e+04
1.120590e+02	3.703700e+04
1.121090e+02	3.763200e+04
1.121590e+02	3.690600e+04
1.122090e+02	3.653200e+04
1.122600e+02	3.591600e+04
1.123100e+02	3.685900e+04
1.123600e+02	3.657200e+04
1.124100e+02	3.728200e+04
1.124610e+02	3.685500e+04
1.125100e+02	3.715500e+04
1.125600e+02	3.698800e+04
1.126100e+02	3.707400e+04
1.126600e+02	3.701600e+04
1.127110e+02	3.751100e+04
1.127610e+02	3.756400e+04
1.128110e+02	3.710400e+04
1.128610e+02	3.775100e+04
1.129100e+02	3.722800e+04
1.129610e+02	3.784500e+04
1.130110e+02	3.740000e+04
1.130610e+02	3.815900e+04
1.131110e+02	3.712900e+04
1.131620e+02	3.699600e+04
1.132110e+02	3.603800e+04
1.132610e+02	3.675700e+04
1.133110e+02	3.676200e+04
1.133620e+02	3.685100e+04
1.134120e+02	3.652200e+04
1.134620e+02	3.644900e+04
1.135120e+02	3.708200e+04
1.135620e+02	3.719000e+04
1.136120e+02	3.759300e+04
1.136620e+02	3.708500e+04
1.137120e+02	3.740900e+04
1.137620e+02	3.712500e+04
1.138120e+02	3.740900e+04
1.138630e+02	3.731900e+04
1.139130e+02	3.787400e+04
1.139630e+02	3.740600e+04
1.140130e+02	3.745400e+04
1.140630e+02	3.728700e+04
1.141130e+02	3.764800e+04
1.141630e+02	3.715700e+04
1.142130e+02	3.648900e+04
1.142630e+02	3.653200e+04
1.143130e+02	3.678800e+04
1.143630e+02	3.692800e+04
1.144140e+02	3.703700e+04
1.144640e+02	3.732100e+04
1.145140e+02	3.712100e+04
1.145640e+02	3.725800e+04
1.146130e+02	3.694500e+04
1.146650e+02	3.751800e+04
1.147140e+02	3.698800e+04
1.147640e+02	3.786600e+04
1.148140e+02	3.731500e+04
1.148650e+02	3.771400e+04
1.149150e+02	3.724000e+04
1.149650e+02	3.800400e+04
1.150150e+02	3.771800e+04
1.150650e+02	3.790600e+04
1.151150e+02	3.740400e+04
1.151650e+02	3.727300e+04
1.152150e+02	3.599000e+04
1.152650e+02	3.685600e+04
1.153150e+02	3.678800e+04
1.153660e+02	3.685900e+04
1.154160e+02	3.723000e+04
1.154660e+02	3.687900e+04
1.155160e+02	3.768200e+04
1.155650e+02	3.709100e+04
1.156160e+02	3.763300e+04
1.156660e+02	3.727300e+04
1.157160e+02	3.756600e+04
1.157660e+02	3.724000e+04
1.158160e+02	3.797700e+04
1.158660e+02	3.725900e+04
1.159160e+02	3.768300e+04
1.159660e+02	3.718200e+04
1.160170e+02	3.784100e+04
1.160670e+02	3.753000e+04
1.161170e+02	3.800800e+04
1.161680e+02	3.749800e+04
1.162170e+02	3.642900e+04
1.162670e+02	3.654900e+04
1.163170e+02	3.662800e+04
1.163680e+02	3.739700e+04
1.164170e+02	3.679200e+04
1.164680e+02	3.772800e+04
1.165180e+02	3.703500e+04
1.165670e+02	3.768300e+04
1.166180e+02	3.697400e+04
1.166680e+02	3.760900e+04
1.167180e+02	3.746200e+04
1.167680e+02	3.772400e+04
1.168190e+02	3.776900e+04
1.168680e+02	3.796800e+04
1.169180e+02	3.761900e+04
1.169680e+02	3.784600e+04
1.170190e+02	3.741500e+04
1.170680e+02	3.772200e+04
1.171190e+02	3.775300e+04
1.171690e+02	3.751500e+04
1.172200e+02	3.680100e+04
1.172690e+02	3.667200e+04
1.173190e+02	3.741800e+04
1.173690e+02	3.651300e+04
1.174190e+02	3.754600e+04
1.174700e+02	3.693200e+04
1.175200e+02	3.776000e+04
1.175700e+02	3.757800e+04
1.176200e+02	3.755500e+04
1.176700e+02	3.713300e+04
1.177190e+02	3.762400e+04
1.177700e+02	3.736300e+04
1.178200e+02	3.827100e+04
1.178700e+02	3.759000e+04
1.179200e+02	3.780900e+04
1.179710e+02	3.802000e+04
1.180200e+02	3.760100e+04
1.180710e+02	3.799000e+04
1.181200e+02	3.782200e+04
1.181710e+02	3.751200e+04
1.182210e+02	3.595900e+04
1.182710e+02	3.656700e+04
1.183210e+02	3.663300e+04
1.183710e+02	3.727800e+04
1.184210e+02	3.715600e+04
1.184710e+02	3.741300e+04
1.185210e+02	3.715900e+04
1.185710e+02	3.739100e+04
1.186220e+02	3.719600e+04
1.186720e+02	3.768200e+04
1.187220e+02	3.764500e+04
1.187710e+02	3.735200e+04
1.188220e+02	3.743500e+04
1.188720e+02	3.752800e+04
1.189220e+02	3.743600e+04
1.189720e+02	3.755100e+04
1.190220e+02	3.826000e+04
1.190720e+02	3.757200e+04
1.191220e+02	3.792100e+04
1.191720e+02	3.704200e+04
1.192230e+02	3.683500e+04
1.192730e+02	3.689100e+04
1.193230e+02	3.722000e+04
1.193730e+02	3.675700e+04
1.194230e+02	3.688200e+04
1.194720e+02	3.718200e+04
1.195230e+02	3.729200e+04
1.195730e+02	3.775700e+04
1.196240e+02	3.719400e+04
1.196740e+02	3.765200e+04
1.197240e+02	3.725800e+04
1.197740e+02	3.796800e+04
1.198230e+02	3.786800e+04
1.198740e+02	3.800400e+04
1.199240e+02	3.755400e+04
1.199740e+02	3.764700e+04
1.200240e+02	3.729400e+04
1.200750e+02	3.807200e+04
1.201240e+02	3.791100e+04
1.201750e+02	3.742300e+04
1.202250e+02	3.630400e+04
1.202740e+02	3.659400e+04
1.203250e+02	3.679700e+04
1.203750e+02	3.732100e+04
1.204250e+02	3.744000e+04
1.204750e+02	3.700300e+04
1.205260e+02	3.717600e+04
1.205750e+02	3.691200e+04
1.206250e+02	3.737100e+04
1.206760e+02	3.748100e+04
1.207250e+02	3.799600e+04
1.207750e+02	3.720100e+04
1.208260e+02	3.767500e+04
1.208750e+02	3.759200e+04
1.209260e+02	3.808800e+04
1.209760e+02	3.798500e+04
1.210260e+02	3.772100e+04
1.210760e+02	3.745600e+04
1.211260e+02	3.764700e+04
1.211760e+02	3.701400e+04
1.212260e+02	3.655000e+04
1.212770e+02	3.696300e+04
1.213270e+02	3.705700e+04
1.213770e+02	3.701700e+04
1.214270e+02	3.707900e+04
1.214760e+02	3.761200e+04
1.215270e+02	3.733100e+04
1.215770e+02	3.794300e+04
1.216270e+02	3.717100e+04
1.216770e+02	3.780500e+04
1.217270e+02	3.831000e+04
1.217770e+02	3.747700e+04
1.218270e+02	3.760600e+04
1.218780e+02	3.750100e+04
1.219280e+02	3.749400e+04
1.219780e+02	3.781800e+04
1.220280e+02	3.799400e+04
1.220780e+02	3.809400e+04
1.221280e+02	3.753700e+04
1.221780e+02	3.705400e+04
1.222280e+02	3.651000e+04
1.222790e+02	3.660000e+04
1.223280e+02	3.734100e+04
1.223790e+02	3.662900e+04
1.224280e+02	3.786600e+04
1.224790e+02	3.676000e+04
1.225290e+02	3.735900e+04
1.225790e+02	3.752300e+04
1.226290e+02	3.770800e+04
1.226790e+02	3.769900e+04
1.227300e+02	3.778600e+04
1.227790e+02	3.737900e+04
1.228300e+02	3.777400e+04
1.228800e+02	3.747100e+04
1.229300e+02	3.788000e+04
1.229790e+02	3.731800e+04
1.230300e+02	3.801800e+04
1.230800e+02	3.752000e+04
1.231300e+02	3.783600e+04
1.231800e+02	3.688300e+04
1.232300e+02	3.670300e+04
1.232800e+02	3.723400e+04
1.233300e+02	3.671800e+04
1.233800e+02	3.718600e+04
1.234310e+02	3.738300e+04
1.234810e+02	3.765800e+04
1.235310e+02	3.728500e+04
1.235810e+02	3.711200e+04
1.236310e+02	3.726900e+04
1.236810e+02	3.745400e+04
1.237310e+02	3.747300e+04
1.237820e+02	3.783000e+04
1.238310e+02	3.739200e+04
1.238810e+02	3.767800e+04
1.239320e+02	3.744300e+04
1.239820e+02	3.764600e+04
1.240320e+02	3.817100e+04
1.240820e+02	3.795700e+04
1.241320e+02	3.808200e+04
1.241820e+02	3.644300e+04
1.242320e+02	3.646100e+04
1.242820e+02	3.677000e+04
1.243320e+02	3.735100e+04
1.243820e+02	3.691400e+04
1.244330e+02	3.729900e+04
1.244830e+02	3.712800e+04
1.245330e+02	3.750900e+04
1.245820e+02	3.767200e+04
1.246320e+02	3.738900e+04
1.246830e+02	3.785700e+04
1.247330e+02	3.773500e+04
1.247830e+02	3.731800e+04
1.248330e+02	3.781400e+04
1.248840e+02	3.774900e+04
1.249330e+02	3.775700e+04
1.249830e+02	3.790600e+04
1.250330e+02	3.751200e+04
1.250840e+02	3.761100e+04
1.251340e+02	3.776300e+04
1.251830e+02	3.718200e+04
1.252340e+02	3.633200e+04
1.252840e+02	3.676400e+04
1.253340e+02	3.681000e+04
1.253840e+02	3.706000e+04
1.254350e+02	3.722900e+04
1.254840e+02	3.730700e+04
1.255350e+02	3.741300e+04
1.255850e+02	3.726200e+04
1.256360e+02	3.746400e+04
1.256840e+02	3.783500e+04
1.257350e+02	3.780200e+04
1.257850e+02	3.791700e+04
1.258350e+02	3.754200e+04
1.258850e+02	3.752300e+04
1.259350e+02	3.764100e+04
1.259850e+02	3.749000e+04
1.260360e+02	3.824100e+04
1.260860e+02	3.762000e+04
1.261360e+02	3.821800e+04
1.261850e+02	3.658200e+04
1.262360e+02	3.691500e+04
1.262880e+02	3.687800e+04
1.263360e+02	3.696100e+04
1.263860e+02	3.707800e+04
1.264360e+02	3.718600e+04
1.264870e+02	3.735800e+04
1.265360e+02	3.700500e+04
1.265860e+02	3.760400e+04
1.266360e+02	3.726100e+04
1.266860e+02	3.763300e+04
1.267360e+02	3.740600e+04
1.267870e+02	3.748400e+04
1.268370e+02	3.755800e+04
1.268870e+02	3.802200e+04
1.269370e+02	3.735800e+04
1.269870e+02	3.785300e+04
1.270370e+02	3.744500e+04
1.270880e+02	3.822900e+04
1.271370e+02	3.790800e+04
1.271870e+02	3.667300e+04
1.272380e+02	3.629300e+04
1.272870e+02	3.680000e+04
1.273380e+02	3.701700e+04
1.273880e+02	3.718000e+04
1.274380e+02	3.762500e+04
1.274880e+02	3.762100e+04
1.275380e+02	3.752700e+04
1.275880e+02	3.741000e+04
1.276380e+02	3.748400e+04
1.276880e+02	3.735400e+04
1.277380e+02	3.776800e+04
1.277890e+02	3.749900e+04
1.278390e+02	3.767100e+04
1.278880e+02	3.763800e+04
1.279390e+02	3.765400e+04
1.279890e+02	3.822300e+04
1.280400e+02	3.830600e+04
1.280900e+02	3.805300e+04
1.281390e+02	3.760300e+04
1.281890e+02	3.676000e+04
1.282400e+02	3.683800e+04
1.282890e+02	3.710300e+04
1.283400e+02	3.703800e+04
1.283890e+02	3.679600e+04
1.284390e+02	3.758000e+04
1.284900e+02	3.718900e+04
1.285400e+02	3.729000e+04
1.285900e+02	3.781400e+04
1.286410e+02	3.734600e+04
1.286910e+02	3.744200e+04
1.287410e+02	3.757400e+04
1.287910e+02	3.763000e+04
1.288410e+02	3.778000e+04
1.288910e+02	3.797800e+04
1.289410e+02	3.785400e+04
1.289910e+02	3.741700e+04
1.290410e+02	3.743300e+04
1.290900e+02	3.807300e+04
1.291420e+02	3.799800e+04
1.291910e+02	3.710100e+04
1.292410e+02	3.657500e+04
1.292920e+02	3.665100e+04
1.293410e+02	3.714800e+04
1.293920e+02	3.708000e+04
1.294410e+02	3.777700e+04
1.294910e+02	3.742300e+04
1.295420e+02	3.751100e+04
1.295920e+02	3.747200e+04
1.296430e+02	3.735400e+04
1.296920e+02	3.778200e+04
1.297420e+02	3.778400e+04
1.297920e+02	3.776800e+04
1.298430e+02	3.781700e+04
1.298930e+02	3.754000e+04
1.299430e+02	3.776900e+04
1.299930e+02	3.780700e+04
1.300430e+02	3.804500e+04
1.300930e+02	3.792800e+04
1.301430e+02	3.757700e+04
1.301930e+02	3.656500e+04
1.302440e+02	3.661700e+04
1.302940e+02	3.698200e+04
1.303440e+02	3.704500e+04
1.303940e+02	3.706200e+04
1.304440e+02	3.721700e+04
1.304930e+02	3.686600e+04
1.305440e+02	3.754600e+04
1.305940e+02	3.727400e+04
1.306440e+02	3.767500e+04
1.306940e+02	3.741900e+04
1.307440e+02	3.748700e+04
1.307940e+02	3.728200e+04
1.308440e+02	3.786000e+04
