0.000000e+00	3.172800e+04
4.900000e-02	3.211800e+04
9.900000e-02	3.201800e+04
1.490000e-01	3.200800e+04
2.000000e-01	3.177200e+04
2.500000e-01	3.226600e+04
3.010000e-01	3.200000e+04
3.500000e-01	3.235900e+04
4.010000e-01	3.181300e+04
4.510000e-01	3.194000e+04
5.010000e-01	3.215100e+04
5.510000e-01	3.184200e+04
6.000000e-01	3.183600e+04
6.510000e-01	3.198700e+04
7.010000e-01	3.212000e+04
7.510000e-01	3.184300e+04
8.010000e-01	3.224000e+04
8.510000e-01	3.193300e+04
9.010000e-01	3.201200e+04
9.510000e-01	3.198600e+04
1.002000e+00	3.190000e+04
1.052000e+00	3.158800e+04
1.102000e+00	3.223700e+04
1.152000e+00	3.158000e+04
1.201000e+00	3.175300e+04
1.252000e+00	3.180300e+04
1.303000e+00	3.182100e+04
1.352000e+00	3.191500e+04
1.402000e+00	3.214900e+04
1.452000e+00	3.164200e+04
1.503000e+00	3.210300e+04
1.552000e+00	3.192900e+04
1.603000e+00	3.178400e+04
1.653000e+00	3.213300e+04
1.703000e+00	3.184300e+04
1.753000e+00	3.186000e+04
1.803000e+00	3.169800e+04
1.853000e+00	3.160100e+04
1.904000e+00	3.195000e+04
1.953000e+00	3.215600e+04
2.004000e+00	3.203500e+04
2.054000e+00	3.188600e+04
2.103000e+00	3.183900e+04
2.154000e+00	3.182600e+04
2.204000e+00	3.207700e+04
2.254000e+00	3.199700e+04
2.304000e+00	3.193100e+04
2.354000e+00	3.166700e+04
2.404000e+00	3.173200e+04
2.454000e+00	3.194900e+04
2.504000e+00	3.188800e+04
2.554000e+00	3.125400e+04
2.604000e+00	3.079600e+04
2.654000e+00	3.043000e+04
2.705000e+00	3.079000e+04
2.755000e+00	3.072100e+04
2.805000e+00	3.096900e+04
2.855000e+00	3.171500e+04
2.905000e+00	3.089800e+04
2.955000e+00	3.098200e+04
3.005000e+00	3.114300e+04
3.055000e+00	3.140500e+04
3.105000e+00	3.203900e+04
3.156000e+00	3.154600e+04
3.206000e+00	3.151000e+04
3.256000e+00	3.168600e+04
3.305000e+00	3.116800e+04
3.356000e+00	3.192800e+04
3.406000e+00	3.137700e+04
3.456000e+00	3.189700e+04
3.507000e+00	3.144800e+04
3.556000e+00	3.096700e+04
3.607000e+00	3.018100e+04
3.656000e+00	3.039200e+04
3.707000e+00	3.079600e+04
3.757000e+00	3.048000e+04
3.807000e+00	3.092800e+04
3.857000e+00	3.059000e+04
3.907000e+00	3.107000e+04
3.957000e+00	3.090200e+04
4.007000e+00	3.125600e+04
4.057000e+00	3.110100e+04
4.108000e+00	3.120200e+04
4.158000e+00	3.091300e+04
4.208000e+00	3.125700e+04
4.258000e+00	3.110700e+04
4.307000e+00	3.171700e+04
4.357000e+00	3.121100e+04
4.408000e+00	3.120800e+04
4.458000e+00	3.112200e+04
4.508000e+00	3.129400e+04
4.558000e+00	3.098300e+04
4.608000e+00	3.021500e+04
4.658000e+00	3.045200e+04
4.708000e+00	3.022900e+04
4.759000e+00	3.036800e+04
4.808000e+00	3.079700e+04
4.859000e+00	3.081700e+04
4.909000e+00	3.072800e+04
4.959000e+00	3.097400e+04
5.009000e+00	3.082400e+04
5.059000e+00	3.109000e+04
5.109000e+00	3.084200e+04
5.159000e+00	3.112900e+04
5.209000e+00	3.098700e+04
5.260000e+00	3.129700e+04
5.309000e+00	3.085900e+04
5.359000e+00	3.119300e+04
5.410000e+00	3.074600e+04
5.460000e+00	3.092400e+04
5.510000e+00	3.101300e+04
5.560000e+00	3.040800e+04
5.610000e+00	2.989800e+04
5.660000e+00	3.028800e+04
5.711000e+00	3.018000e+04
5.760000e+00	3.032700e+04
5.811000e+00	3.036600e+04
5.861000e+00	2.997200e+04
5.911000e+00	3.072400e+04
5.961000e+00	3.027600e+04
6.011000e+00	3.085900e+04
6.061000e+00	3.037700e+04
6.111000e+00	3.075800e+04
6.161000e+00	3.058900e+04
6.211000e+00	3.084900e+04
6.261000e+00	3.083500e+04
6.312000e+00	3.075400e+04
6.362000e+00	3.091000e+04
6.412000e+00	3.093300e+04
6.462000e+00	3.107000e+04
6.512000e+00	3.087800e+04
6.562000e+00	2.988400e+04
6.612000e+00	2.949100e+04
6.662000e+00	2.952000e+04
6.713000e+00	2.969900e+04
6.762000e+00	2.991200e+04
6.812000e+00	2.988600e+04
6.862000e+00	3.038500e+04
6.912000e+00	3.005400e+04
6.962000e+00	3.039500e+04
7.013000e+00	3.044500e+04
7.063000e+00	3.042100e+04
7.113000e+00	3.054600e+04
7.163000e+00	3.024600e+04
7.213000e+00	3.019500e+04
7.263000e+00	3.032000e+04
7.314000e+00	3.017300e+04
7.363000e+00	3.059500e+04
7.414000e+00	3.049800e+04
7.463000e+00	3.048000e+04
7.513000e+00	3.070500e+04
7.563000e+00	2.919500e+04
7.613000e+00	2.970000e+04
7.664000e+00	2.933400e+04
7.714000e+00	2.976200e+04
7.764000e+00	2.916600e+04
7.815000e+00	2.970500e+04
7.864000e+00	2.982600e+04
7.914000e+00	3.021900e+04
7.965000e+00	3.019400e+04
8.015000e+00	2.997500e+04
8.065000e+00	3.011000e+04
8.115000e+00	3.020000e+04
8.165000e+00	3.025300e+04
8.215000e+00	3.019400e+04
8.265000e+00	3.050100e+04
8.315000e+00	3.025000e+04
8.365000e+00	3.009400e+04
8.415000e+00	3.020300e+04
8.465000e+00	3.056500e+04
8.516000e+00	3.034700e+04
8.566000e+00	2.948900e+04
8.616000e+00	2.891600e+04
8.666000e+00	2.947300e+04
8.716000e+00	2.908800e+04
8.766000e+00	2.972800e+04
8.816000e+00	2.937900e+04
8.866000e+00	2.990700e+04
8.917000e+00	2.918200e+04
8.967000e+00	2.980900e+04
9.017000e+00	2.980300e+04
9.067000e+00	2.989500e+04
9.117000e+00	3.012400e+04
9.166000e+00	2.965900e+04
9.217000e+00	3.008100e+04
9.267000e+00	2.967900e+04
9.317000e+00	3.024900e+04
9.367000e+00	2.980700e+04
9.417000e+00	3.021500e+04
9.467000e+00	2.987900e+04
9.517000e+00	3.031000e+04
9.568000e+00	2.884300e+04
9.618000e+00	2.911100e+04
9.668000e+00	2.894300e+04
9.718000e+00	2.905000e+04
9.768000e+00	2.920600e+04
9.818000e+00	2.961400e+04
9.868000e+00	2.951800e+04
9.918000e+00	2.936900e+04
9.968000e+00	2.965600e+04
1.001800e+01	2.956200e+04
1.006900e+01	2.988900e+04
1.011800e+01	2.949800e+04
1.016900e+01	2.966200e+04
1.021900e+01	2.945200e+04
1.026900e+01	2.989500e+04
1.031900e+01	2.947900e+04
1.036900e+01	2.970300e+04
1.042000e+01	2.999800e+04
1.046900e+01	3.003800e+04
1.052000e+01	2.987500e+04
1.056900e+01	2.894000e+04
1.062000e+01	2.871900e+04
1.066900e+01	2.866800e+04
1.072000e+01	2.901800e+04
1.076900e+01	2.893300e+04
1.082000e+01	2.925900e+04
1.087000e+01	2.904100e+04
1.092000e+01	2.954300e+04
1.097000e+01	2.930100e+04
1.102100e+01	2.978600e+04
1.107000e+01	2.958100e+04
1.112100e+01	2.967200e+04
1.117000e+01	2.924400e+04
1.122000e+01	2.974500e+04
1.127100e+01	2.948600e+04
1.132100e+01	2.954900e+04
1.137100e+01	2.934700e+04
1.142300e+01	2.964800e+04
1.147100e+01	2.959400e+04
1.152100e+01	2.957900e+04
1.157200e+01	2.907000e+04
1.162200e+01	2.851200e+04
1.167100e+01	2.889900e+04
1.172200e+01	2.852600e+04
1.177100e+01	2.926900e+04
1.182100e+01	2.889200e+04
1.187100e+01	2.934900e+04
1.192200e+01	2.898000e+04
1.197200e+01	2.892100e+04
1.202200e+01	2.896100e+04
1.207200e+01	2.928600e+04
1.212200e+01	2.933000e+04
1.217200e+01	2.952000e+04
1.222300e+01	2.945200e+04
1.227300e+01	2.938600e+04
1.232300e+01	2.930500e+04
1.237300e+01	2.956500e+04
1.242300e+01	2.981000e+04
1.247300e+01	2.959500e+04
1.252300e+01	2.965600e+04
1.257300e+01	2.812700e+04
1.262300e+01	2.855500e+04
1.267300e+01	2.859700e+04
1.272400e+01	2.882100e+04
1.277300e+01	2.876700e+04
1.282300e+01	2.902400e+04
1.287400e+01	2.865500e+04
1.292400e+01	2.906800e+04
1.297400e+01	2.920700e+04
1.302500e+01	2.938500e+04
1.307400e+01	2.916600e+04
1.312400e+01	2.894000e+04
1.317400e+01	2.908900e+04
1.322400e+01	2.944900e+04
1.327400e+01	2.940800e+04
1.332500e+01	2.917000e+04
1.337400e+01	2.938300e+04
1.342500e+01	2.913900e+04
1.347500e+01	2.947300e+04
1.352500e+01	2.926500e+04
1.357500e+01	2.860200e+04
1.362500e+01	2.800200e+04
1.367500e+01	2.861100e+04
1.372500e+01	2.813400e+04
1.377500e+01	2.875300e+04
1.382600e+01	2.878300e+04
1.387500e+01	2.911000e+04
1.392500e+01	2.882000e+04
1.397600e+01	2.886400e+04
1.402600e+01	2.895000e+04
1.407600e+01	2.920100e+04
1.412600e+01	2.919400e+04
1.417600e+01	2.879500e+04
1.422600e+01	2.921200e+04
1.427600e+01	2.904700e+04
1.432600e+01	2.933100e+04
1.437600e+01	2.892500e+04
1.442700e+01	2.935700e+04
1.447700e+01	2.893600e+04
1.452700e+01	2.925800e+04
1.457700e+01	2.811700e+04
1.462700e+01	2.861500e+04
1.467700e+01	2.829500e+04
1.472700e+01	2.845900e+04
1.477700e+01	2.829800e+04
1.482700e+01	2.828700e+04
1.487700e+01	2.876400e+04
1.492800e+01	2.857100e+04
1.497700e+01	2.899200e+04
1.502800e+01	2.881600e+04
1.507800e+01	2.896400e+04
1.512800e+01	2.893200e+04
1.517800e+01	2.894200e+04
1.522800e+01	2.919600e+04
1.527800e+01	2.901500e+04
1.532900e+01	2.909100e+04
1.537900e+01	2.941900e+04
1.542900e+01	2.878400e+04
1.547800e+01	2.943400e+04
1.552900e+01	2.906100e+04
1.557800e+01	2.829000e+04
1.562800e+01	2.807600e+04
1.567900e+01	2.824800e+04
1.572900e+01	2.829300e+04
1.577900e+01	2.854500e+04
1.583000e+01	2.880300e+04
1.587900e+01	2.849000e+04
1.593000e+01	2.855400e+04
1.597900e+01	2.872000e+04
1.602900e+01	2.901700e+04
1.608000e+01	2.895400e+04
1.613000e+01	2.886600e+04
1.618000e+01	2.861100e+04
1.623000e+01	2.903000e+04
1.628000e+01	2.869900e+04
1.633000e+01	2.925400e+04
1.638000e+01	2.909700e+04
1.643100e+01	2.918200e+04
1.648100e+01	2.890900e+04
1.653000e+01	2.909000e+04
1.658000e+01	2.793300e+04
1.663100e+01	2.817400e+04
1.668000e+01	2.826400e+04
1.673000e+01	2.810000e+04
1.678100e+01	2.820900e+04
1.683100e+01	2.858800e+04
1.688100e+01	2.852100e+04
1.693100e+01	2.870900e+04
1.698200e+01	2.883400e+04
1.703200e+01	2.867400e+04
1.708200e+01	2.897800e+04
1.713200e+01	2.909300e+04
1.718200e+01	2.926000e+04
1.723200e+01	2.904000e+04
1.728200e+01	2.902100e+04
1.733200e+01	2.835700e+04
1.738200e+01	2.858600e+04
1.743200e+01	2.901300e+04
1.748200e+01	2.934100e+04
1.753300e+01	2.906000e+04
1.758200e+01	2.769000e+04
1.763300e+01	2.795300e+04
1.768300e+01	2.809600e+04
1.773300e+01	2.831500e+04
1.778200e+01	2.845200e+04
1.783300e+01	2.866300e+04
1.788300e+01	2.832200e+04
1.793300e+01	2.838600e+04
1.798300e+01	2.837500e+04
1.803300e+01	2.866000e+04
1.808400e+01	2.885700e+04
1.813300e+01	2.863800e+04
1.818400e+01	2.858800e+04
1.823400e+01	2.860600e+04
1.828300e+01	2.887500e+04
1.833400e+01	2.871100e+04
1.838400e+01	2.884900e+04
1.843400e+01	2.869600e+04
1.848400e+01	2.869600e+04
1.853500e+01	2.833800e+04
1.858500e+01	2.769700e+04
1.863400e+01	2.784100e+04
1.868500e+01	2.848800e+04
1.873400e+01	2.774700e+04
1.878400e+01	2.830300e+04
1.883500e+01	2.803100e+04
1.888500e+01	2.874400e+04
1.893500e+01	2.839400e+04
1.898500e+01	2.844700e+04
1.903500e+01	2.849100e+04
1.908500e+01	2.862100e+04
1.913500e+01	2.851800e+04
1.918500e+01	2.873500e+04
1.923500e+01	2.901200e+04
1.928500e+01	2.869400e+04
1.933600e+01	2.863400e+04
1.938600e+01	2.870400e+04
1.943600e+01	2.890200e+04
1.948600e+01	2.862600e+04
1.953600e+01	2.867100e+04
1.958600e+01	2.744900e+04
1.963600e+01	2.797800e+04
1.968600e+01	2.768500e+04
1.973600e+01	2.792600e+04
1.978700e+01	2.810700e+04
1.983700e+01	2.827300e+04
1.988700e+01	2.796700e+04
1.993700e+01	2.824500e+04
1.998700e+01	2.896000e+04
2.003700e+01	2.850700e+04
2.008700e+01	2.877100e+04
2.013700e+01	2.825300e+04
2.018800e+01	2.858700e+04
2.023700e+01	2.862800e+04
2.028700e+01	2.868200e+04
2.033700e+01	2.839700e+04
2.038800e+01	2.891800e+04
2.043800e+01	2.857400e+04
2.048800e+01	2.879600e+04
2.053800e+01	2.845900e+04
2.058800e+01	2.766600e+04
2.063800e+01	2.782000e+04
2.068800e+01	2.756600e+04
2.073800e+01	2.790900e+04
2.078800e+01	2.804000e+04
2.083800e+01	2.847900e+04
2.088900e+01	2.831700e+04
2.093800e+01	2.784400e+04
2.098800e+01	2.790300e+04
2.103900e+01	2.818100e+04
2.108900e+01	2.843000e+04
2.114000e+01	2.849100e+04
2.118900e+01	2.845200e+04
2.124000e+01	2.857200e+04
2.133900e+01	2.817700e+04
2.136500e+01	2.871900e+04
2.139900e+01	2.845600e+04
2.144000e+01	2.872500e+04
2.149000e+01	2.867700e+04
2.154000e+01	2.838800e+04
2.159100e+01	2.749400e+04
2.164100e+01	2.743100e+04
2.169000e+01	2.800300e+04
2.174000e+01	2.794900e+04
2.179000e+01	2.814900e+04
2.184000e+01	2.804600e+04
2.189100e+01	2.820400e+04
2.194100e+01	2.817300e+04
2.199100e+01	2.844900e+04
2.204100e+01	2.806700e+04
2.209000e+01	2.865900e+04
2.214100e+01	2.810700e+04
2.219100e+01	2.873300e+04
2.224100e+01	2.825100e+04
2.229100e+01	2.864600e+04
2.234200e+01	2.847700e+04
2.239200e+01	2.867200e+04
2.244100e+01	2.884000e+04
2.249200e+01	2.835500e+04
2.254200e+01	2.867100e+04
2.259200e+01	2.723800e+04
2.264200e+01	2.782300e+04
2.269200e+01	2.768900e+04
2.274200e+01	2.793700e+04
2.279200e+01	2.782500e+04
2.284200e+01	2.833200e+04
2.289300e+01	2.775400e+04
2.294200e+01	2.866900e+04
2.299300e+01	2.784200e+04
2.304300e+01	2.879300e+04
2.309300e+01	2.810200e+04
2.314300e+01	2.833600e+04
2.319300e+01	2.832100e+04
2.324300e+01	2.823700e+04
2.329300e+01	2.849900e+04
2.334300e+01	2.827100e+04
2.339300e+01	2.883800e+04
2.344300e+01	2.867400e+04
2.349400e+01	2.840200e+04
2.354400e+01	2.783500e+04
2.359400e+01	2.773000e+04
2.364300e+01	2.752600e+04
2.369400e+01	2.822800e+04
2.374400e+01	2.742100e+04
2.379400e+01	2.823000e+04
2.384400e+01	2.758800e+04
2.389400e+01	2.807700e+04
2.394400e+01	2.811400e+04
2.399400e+01	2.846900e+04
2.404400e+01	2.837800e+04
2.409400e+01	2.832400e+04
2.414500e+01	2.809700e+04
2.419400e+01	2.824100e+04
2.424500e+01	2.855600e+04
2.429400e+01	2.867200e+04
2.434500e+01	2.845000e+04
2.439500e+01	2.823700e+04
2.444600e+01	2.854900e+04
2.449500e+01	2.803500e+04
2.454500e+01	2.825200e+04
2.459500e+01	2.718800e+04
2.464500e+01	2.777700e+04
2.469500e+01	2.760900e+04
2.474600e+01	2.776600e+04
2.479700e+01	2.799000e+04
2.484600e+01	2.806800e+04
2.489600e+01	2.811700e+04
2.494700e+01	2.811600e+04
2.499600e+01	2.768500e+04
2.504700e+01	2.830600e+04
2.509700e+01	2.815100e+04
2.514700e+01	2.820400e+04
2.519700e+01	2.855400e+04
2.524700e+01	2.811200e+04
2.529700e+01	2.836300e+04
2.534700e+01	2.792700e+04
2.539700e+01	2.841400e+04
2.544700e+01	2.820000e+04
2.549800e+01	2.852200e+04
2.554800e+01	2.765700e+04
2.559800e+01	2.747500e+04
2.564800e+01	2.753000e+04
2.569700e+01	2.759500e+04
2.574800e+01	2.739600e+04
2.579800e+01	2.776500e+04
2.584800e+01	2.767100e+04
2.589800e+01	2.814300e+04
2.594800e+01	2.795900e+04
2.599800e+01	2.823200e+04
2.604900e+01	2.791000e+04
2.609900e+01	2.821700e+04
2.614800e+01	2.830900e+04
2.619800e+01	2.820500e+04
2.624800e+01	2.840900e+04
2.629800e+01	2.807900e+04
2.634900e+01	2.828600e+04
2.639900e+01	2.822800e+04
2.644900e+01	2.864800e+04
2.650000e+01	2.835800e+04
2.655000e+01	2.795600e+04
2.659900e+01	2.736800e+04
2.665000e+01	2.752800e+04
2.669900e+01	2.734600e+04
2.674900e+01	2.778700e+04
2.680000e+01	2.799800e+04
2.684900e+01	2.776100e+04
2.689900e+01	2.778400e+04
2.695000e+01	2.740600e+04
2.700000e+01	2.810700e+04
2.705000e+01	2.794400e+04
2.710100e+01	2.835900e+04
2.715000e+01	2.789500e+04
2.720000e+01	2.826800e+04
2.725100e+01	2.791700e+04
2.730100e+01	2.816900e+04
2.735100e+01	2.834300e+04
2.740100e+01	2.843000e+04
2.745100e+01	2.795600e+04
2.750100e+01	2.827000e+04
2.755100e+01	2.756000e+04
2.760100e+01	2.738100e+04
2.765200e+01	2.760200e+04
2.770100e+01	2.752400e+04
2.775100e+01	2.753500e+04
2.780200e+01	2.741700e+04
2.785200e+01	2.829700e+04
2.790200e+01	2.770300e+04
2.795100e+01	2.806700e+04
2.800200e+01	2.768500e+04
2.805200e+01	2.811300e+04
2.810200e+01	2.806300e+04
2.815200e+01	2.801100e+04
2.820200e+01	2.826000e+04
2.825200e+01	2.824700e+04
2.830200e+01	2.792800e+04
2.835300e+01	2.836100e+04
2.840300e+01	2.790300e+04
2.845300e+01	2.836900e+04
2.850300e+01	2.839100e+04
2.855300e+01	2.752700e+04
2.860300e+01	2.726600e+04
2.865300e+01	2.709300e+04
2.870300e+01	2.778700e+04
2.875300e+01	2.741600e+04
2.880400e+01	2.809600e+04
2.885300e+01	2.780200e+04
2.890300e+01	2.779900e+04
2.895300e+01	2.786200e+04
2.900400e+01	2.785900e+04
2.905400e+01	2.790100e+04
2.910300e+01	2.824200e+04
2.915400e+01	2.802800e+04
2.920400e+01	2.821800e+04
2.925500e+01	2.819800e+04
2.930400e+01	2.816300e+04
2.935400e+01	2.813600e+04
2.940400e+01	2.811200e+04
2.945400e+01	2.845100e+04
2.950500e+01	2.830000e+04
2.955500e+01	2.801600e+04
2.960500e+01	2.734200e+04
2.965500e+01	2.755400e+04
2.970500e+01	2.764400e+04
2.975500e+01	2.777600e+04
2.980600e+01	2.776200e+04
2.985600e+01	2.817900e+04
2.990600e+01	2.761700e+04
2.995500e+01	2.817000e+04
3.000600e+01	2.777100e+04
3.005600e+01	2.826700e+04
3.010600e+01	2.813500e+04
3.015600e+01	2.821900e+04
3.020600e+01	2.849500e+04
3.025600e+01	2.822600e+04
3.030600e+01	2.829300e+04
3.035600e+01	2.818800e+04
3.040600e+01	2.841600e+04
3.045600e+01	2.850400e+04
3.050700e+01	2.825300e+04
3.055700e+01	2.730900e+04
3.060700e+01	2.747100e+04
3.065700e+01	2.740300e+04
3.070700e+01	2.782200e+04
3.075700e+01	2.753800e+04
3.080700e+01	2.802500e+04
3.085800e+01	2.772000e+04
3.090800e+01	2.815900e+04
3.095800e+01	2.804000e+04
3.100800e+01	2.819500e+04
3.105800e+01	2.831400e+04
3.110800e+01	2.811000e+04
3.115800e+01	2.815200e+04
3.120800e+01	2.792800e+04
3.125800e+01	2.842000e+04
3.130800e+01	2.848300e+04
3.135900e+01	2.837900e+04
3.140800e+01	2.811200e+04
3.145800e+01	2.844300e+04
3.150800e+01	2.835900e+04
3.155900e+01	2.812500e+04
3.160900e+01	2.723500e+04
3.165900e+01	2.774400e+04
3.170900e+01	2.724900e+04
3.175900e+01	2.752000e+04
3.180900e+01	2.777900e+04
3.185900e+01	2.808200e+04
3.190900e+01	2.806000e+04
3.195900e+01	2.799900e+04
3.200900e+01	2.799100e+04
3.205900e+01	2.795200e+04
3.211000e+01	2.842900e+04
3.216000e+01	2.861000e+04
3.221000e+01	2.843200e+04
3.226000e+01	2.829300e+04
3.231000e+01	2.804300e+04
3.236000e+01	2.818200e+04
3.241100e+01	2.868700e+04
3.246000e+01	2.841600e+04
3.251100e+01	2.867500e+04
3.256000e+01	2.772700e+04
3.261000e+01	2.726500e+04
3.266100e+01	2.786200e+04
3.271100e+01	2.785100e+04
3.276100e+01	2.795100e+04
3.281100e+01	2.779000e+04
3.286100e+01	2.786100e+04
3.291200e+01	2.766500e+04
3.296100e+01	2.785900e+04
3.301100e+01	2.826700e+04
3.306100e+01	2.815800e+04
3.311200e+01	2.805000e+04
3.316100e+01	2.857700e+04
3.321200e+01	2.818900e+04
3.326200e+01	2.871500e+04
3.331200e+01	2.839800e+04
3.336200e+01	2.850300e+04
3.341200e+01	2.850100e+04
3.346200e+01	2.811400e+04
3.351200e+01	2.833200e+04
3.356300e+01	2.800700e+04
3.361200e+01	2.762700e+04
3.366200e+01	2.754200e+04
3.371200e+01	2.754300e+04
3.376200e+01	2.797300e+04
3.381300e+01	2.816600e+04
3.386300e+01	2.803400e+04
3.391300e+01	2.803100e+04
3.396300e+01	2.799000e+04
3.401300e+01	2.840900e+04
3.406400e+01	2.820100e+04
3.411300e+01	2.829100e+04
3.416400e+01	2.784500e+04
3.421400e+01	2.842900e+04
3.426400e+01	2.821300e+04
3.431400e+01	2.846500e+04
3.436400e+01	2.863100e+04
3.441400e+01	2.824200e+04
3.446400e+01	2.856600e+04
3.451400e+01	2.831800e+04
3.456400e+01	2.785200e+04
3.461400e+01	2.784100e+04
3.466500e+01	2.786800e+04
3.471500e+01	2.771000e+04
3.476400e+01	2.765200e+04
3.481500e+01	2.769200e+04
3.486500e+01	2.821500e+04
3.491500e+01	2.823800e+04
3.496500e+01	2.853100e+04
3.501400e+01	2.818600e+04
3.506600e+01	2.819900e+04
3.511500e+01	2.813500e+04
3.516500e+01	2.847200e+04
3.521600e+01	2.845700e+04
3.526500e+01	2.877300e+04
3.531500e+01	2.804800e+04
3.536500e+01	2.826400e+04
3.541600e+01	2.797000e+04
3.546600e+01	2.859800e+04
3.551600e+01	2.864700e+04
3.556600e+01	2.786300e+04
3.561600e+01	2.756000e+04
3.566700e+01	2.753900e+04
3.571700e+01	2.776900e+04
3.576700e+01	2.799500e+04
3.581600e+01	2.835100e+04
3.586700e+01	2.813400e+04
3.591700e+01	2.795400e+04
3.596700e+01	2.816900e+04
3.601700e+01	2.799700e+04
3.606800e+01	2.811400e+04
3.611700e+01	2.856200e+04
3.616800e+01	2.827100e+04
3.621700e+01	2.835200e+04
3.626800e+01	2.814900e+04
3.631800e+01	2.827500e+04
3.636800e+01	2.878500e+04
3.641700e+01	2.816200e+04
3.646800e+01	2.861600e+04
3.651700e+01	2.823000e+04
3.656800e+01	2.773500e+04
3.661800e+01	2.747000e+04
3.666800e+01	2.785600e+04
3.671900e+01	2.764000e+04
3.676900e+01	2.809400e+04
3.681800e+01	2.778300e+04
3.686900e+01	2.814800e+04
3.691800e+01	2.825200e+04
3.696900e+01	2.817000e+04
3.701900e+01	2.830200e+04
3.706800e+01	2.817900e+04
3.711900e+01	2.805900e+04
3.716900e+01	2.823100e+04
3.721900e+01	2.890500e+04
3.726900e+01	2.815300e+04
3.731900e+01	2.875800e+04
3.736900e+01	2.780600e+04
3.741900e+01	2.864000e+04
3.746900e+01	2.830900e+04
3.752000e+01	2.877800e+04
3.756900e+01	2.770000e+04
3.762000e+01	2.762200e+04
3.767000e+01	2.752200e+04
3.772000e+01	2.779400e+04
3.777100e+01	2.807700e+04
3.782000e+01	2.807600e+04
3.787000e+01	2.813300e+04
3.792000e+01	2.811600e+04
3.797100e+01	2.815900e+04
3.802000e+01	2.807500e+04
3.807100e+01	2.886900e+04
3.812100e+01	2.816800e+04
3.817100e+01	2.862500e+04
3.822100e+01	2.801600e+04
3.827200e+01	2.866700e+04
3.832100e+01	2.823700e+04
3.837100e+01	2.879700e+04
3.842200e+01	2.865100e+04
3.847100e+01	2.853400e+04
3.852100e+01	2.862400e+04
3.857100e+01	2.780900e+04
3.862200e+01	2.768400e+04
3.867200e+01	2.810200e+04
3.872200e+01	2.793000e+04
3.877200e+01	2.770300e+04
3.882200e+01	2.813800e+04
3.887200e+01	2.776100e+04
3.892200e+01	2.869100e+04
3.897200e+01	2.767000e+04
3.902200e+01	2.863100e+04
3.907200e+01	2.817600e+04
3.912300e+01	2.894500e+04
3.917300e+01	2.839200e+04
3.922300e+01	2.871200e+04
3.927300e+01	2.825000e+04
3.932400e+01	2.855200e+04
3.937300e+01	2.841800e+04
3.942300e+01	2.880000e+04
3.947300e+01	2.838200e+04
3.952400e+01	2.858400e+04
3.957400e+01	2.768400e+04
3.962300e+01	2.757200e+04
3.967400e+01	2.798400e+04
3.972400e+01	2.790600e+04
3.977400e+01	2.848500e+04
3.982400e+01	2.780100e+04
3.987400e+01	2.798500e+04
3.992400e+01	2.807900e+04
3.997400e+01	2.837600e+04
4.002500e+01	2.829000e+04
4.007500e+01	2.837700e+04
4.012500e+01	2.798800e+04
4.017500e+01	2.825200e+04
4.022500e+01	2.830800e+04
4.027500e+01	2.840800e+04
4.032500e+01	2.873700e+04
4.037500e+01	2.862300e+04
4.042500e+01	2.838500e+04
4.047500e+01	2.818600e+04
4.052500e+01	2.879800e+04
4.057600e+01	2.775500e+04
4.062500e+01	2.790500e+04
4.067500e+01	2.753800e+04
4.072600e+01	2.767400e+04
4.077600e+01	2.768700e+04
4.082600e+01	2.829400e+04
4.087600e+01	2.821600e+04
4.092600e+01	2.829200e+04
4.097600e+01	2.812600e+04
4.102600e+01	2.809000e+04
4.107600e+01	2.837200e+04
4.112700e+01	2.835400e+04
4.117600e+01	2.839300e+04
4.122600e+01	2.853600e+04
4.127700e+01	2.843800e+04
4.132700e+01	2.791700e+04
4.137700e+01	2.851000e+04
4.142700e+01	2.848700e+04
4.147700e+01	2.867800e+04
4.152700e+01	2.842200e+04
4.157800e+01	2.755500e+04
4.162800e+01	2.747000e+04
4.167800e+01	2.770100e+04
4.172800e+01	2.785000e+04
4.177800e+01	2.814000e+04
4.182800e+01	2.795100e+04
4.187800e+01	2.824300e+04
4.192800e+01	2.806200e+04
4.197900e+01	2.831200e+04
4.202800e+01	2.853500e+04
4.207800e+01	2.835200e+04
4.212900e+01	2.851800e+04
4.217900e+01	2.811600e+04
4.222800e+01	2.883500e+04
4.227800e+01	2.846300e+04
4.232800e+01	2.880000e+04
4.237800e+01	2.842900e+04
4.242900e+01	2.842700e+04
4.247900e+01	2.819400e+04
4.252900e+01	2.858100e+04
4.257900e+01	2.758400e+04
4.262900e+01	2.793300e+04
4.267900e+01	2.755100e+04
4.273000e+01	2.809100e+04
4.277900e+01	2.776200e+04
4.283000e+01	2.833800e+04
4.288000e+01	2.800800e+04
4.293000e+01	2.820300e+04
4.298000e+01	2.838300e+04
4.303000e+01	2.817800e+04
4.308000e+01	2.820800e+04
4.313000e+01	2.815200e+04
4.318000e+01	2.865000e+04
4.323000e+01	2.866400e+04
4.328100e+01	2.846800e+04
4.333000e+01	2.862200e+04
4.338000e+01	2.882800e+04
4.343100e+01	2.863600e+04
4.348100e+01	2.864500e+04
4.353100e+01	2.836900e+04
4.358100e+01	2.792000e+04
4.363100e+01	2.760600e+04
4.368100e+01	2.770200e+04
4.373100e+01	2.772200e+04
4.378100e+01	2.811700e+04
4.383100e+01	2.795200e+04
4.388200e+01	2.822600e+04
4.393200e+01	2.834000e+04
4.398200e+01	2.829000e+04
4.403200e+01	2.827700e+04
4.408200e+01	2.819700e+04
4.413200e+01	2.862800e+04
4.418200e+01	2.851200e+04
4.423200e+01	2.863800e+04
4.428200e+01	2.806600e+04
4.433300e+01	2.836900e+04
4.438300e+01	2.827800e+04
4.443300e+01	2.890700e+04
4.448300e+01	2.867100e+04
4.453300e+01	2.862300e+04
4.458300e+01	2.766100e+04
4.463300e+01	2.760500e+04
4.468400e+01	2.781700e+04
4.473300e+01	2.804800e+04
4.478400e+01	2.803800e+04
4.483300e+01	2.831300e+04
4.488300e+01	2.802500e+04
4.493300e+01	2.791000e+04
4.498400e+01	2.817400e+04
4.503300e+01	2.813800e+04
4.508400e+01	2.885000e+04
4.513400e+01	2.833800e+04
4.518400e+01	2.876700e+04
4.523400e+01	2.822500e+04
4.528500e+01	2.893200e+04
4.533500e+01	2.860500e+04
4.538500e+01	2.893100e+04
4.543500e+01	2.830700e+04
4.548500e+01	2.868100e+04
4.553500e+01	2.817800e+04
4.558500e+01	2.761400e+04
4.563500e+01	2.802200e+04
4.568500e+01	2.810700e+04
4.573500e+01	2.808600e+04
4.578600e+01	2.791800e+04
4.583500e+01	2.814100e+04
4.588500e+01	2.809200e+04
4.593500e+01	2.862600e+04
4.598600e+01	2.839000e+04
4.603600e+01	2.841400e+04
4.608600e+01	2.802000e+04
4.613600e+01	2.803900e+04
4.618600e+01	2.857700e+04
4.623600e+01	2.851300e+04
4.628600e+01	2.865300e+04
4.633700e+01	2.854900e+04
4.638700e+01	2.834100e+04
4.643600e+01	2.848100e+04
4.648600e+01	2.862800e+04
4.653600e+01	2.880900e+04
4.658700e+01	2.764500e+04
4.663700e+01	2.746900e+04
4.668700e+01	2.752900e+04
4.673700e+01	2.766100e+04
4.678700e+01	2.836100e+04
4.683700e+01	2.804500e+04
4.688700e+01	2.836000e+04
4.693700e+01	2.812100e+04
4.698700e+01	2.834300e+04
4.703800e+01	2.837300e+04
4.708700e+01	2.832200e+04
4.713800e+01	2.847100e+04
4.718800e+01	2.899900e+04
4.723800e+01	2.837300e+04
4.728800e+01	2.817400e+04
4.733800e+01	2.827600e+04
4.738800e+01	2.844600e+04
4.743800e+01	2.843800e+04
4.748800e+01	2.821800e+04
4.753800e+01	2.843900e+04
4.758900e+01	2.738400e+04
4.763900e+01	2.791800e+04
4.768900e+01	2.746200e+04
4.773900e+01	2.781200e+04
4.778900e+01	2.787900e+04
4.783900e+01	2.808600e+04
4.789000e+01	2.784700e+04
4.794000e+01	2.822600e+04
4.799000e+01	2.814000e+04
4.803900e+01	2.813400e+04
4.809000e+01	2.832300e+04
4.813900e+01	2.840900e+04
4.819000e+01	2.854600e+04
4.823900e+01	2.843700e+04
4.829000e+01	2.823800e+04
4.834000e+01	2.834200e+04
4.839000e+01	2.882500e+04
4.844000e+01	2.833800e+04
4.849100e+01	2.851600e+04
4.854100e+01	2.791700e+04
4.859000e+01	2.750900e+04
4.864000e+01	2.741500e+04
4.869000e+01	2.772900e+04
4.874000e+01	2.777000e+04
4.879100e+01	2.787700e+04
4.884100e+01	2.794200e+04
4.889100e+01	2.796000e+04
4.894100e+01	2.779600e+04
4.899100e+01	2.838900e+04
4.904100e+01	2.812200e+04
4.909100e+01	2.805400e+04
4.914100e+01	2.821500e+04
4.919200e+01	2.811600e+04
4.924200e+01	2.841300e+04
4.929100e+01	2.806400e+04
4.934200e+01	2.868800e+04
4.939200e+01	2.802700e+04
4.944200e+01	2.844700e+04
4.949300e+01	2.820100e+04
4.954300e+01	2.813900e+04
4.959300e+01	2.764600e+04
4.964300e+01	2.734200e+04
4.969200e+01	2.740100e+04
4.974300e+01	2.769500e+04
4.979200e+01	2.786200e+04
4.984300e+01	2.811300e+04
4.989400e+01	2.808800e+04
4.994300e+01	2.823600e+04
4.999300e+01	2.806500e+04
5.004300e+01	2.789800e+04
5.009300e+01	2.829500e+04
5.014400e+01	2.833300e+04
5.019400e+01	2.882200e+04
5.024400e+01	2.790500e+04
5.029400e+01	2.829200e+04
5.034400e+01	2.843800e+04
5.039400e+01	2.872000e+04
5.044400e+01	2.858200e+04
5.049400e+01	2.844600e+04
5.054400e+01	2.807900e+04
5.059400e+01	2.741700e+04
5.064400e+01	2.762400e+04
5.069500e+01	2.781200e+04
5.074400e+01	2.825300e+04
5.079500e+01	2.785400e+04
5.084500e+01	2.803400e+04
5.089500e+01	2.764700e+04
5.094500e+01	2.819500e+04
5.099500e+01	2.807800e+04
5.104500e+01	2.859300e+04
5.109500e+01	2.807500e+04
5.114600e+01	2.824900e+04
5.119500e+01	2.823000e+04
5.124500e+01	2.842800e+04
5.129600e+01	2.842500e+04
5.134600e+01	2.846200e+04
5.139500e+01	2.829900e+04
5.144600e+01	2.834000e+04
5.149600e+01	2.822600e+04
5.154700e+01	2.820300e+04
5.159600e+01	2.778000e+04
5.164600e+01	2.746300e+04
5.169600e+01	2.783500e+04
5.174700e+01	2.774100e+04
5.179700e+01	2.829100e+04
5.184700e+01	2.788200e+04
5.189700e+01	2.818700e+04
5.194700e+01	2.811600e+04
5.199700e+01	2.805400e+04
5.204700e+01	2.805000e+04
5.209700e+01	2.828500e+04
5.214700e+01	2.811500e+04
5.219800e+01	2.824300e+04
5.224700e+01	2.827000e+04
5.229700e+01	2.834800e+04
5.234700e+01	2.849700e+04
5.239800e+01	2.822600e+04
5.244700e+01	2.870100e+04
5.249700e+01	2.827300e+04
5.254800e+01	2.784600e+04
5.259800e+01	2.756200e+04
5.264800e+01	2.768800e+04
5.269800e+01	2.753600e+04
5.274800e+01	2.823100e+04
5.279900e+01	2.775800e+04
5.284800e+01	2.831200e+04
5.289800e+01	2.811000e+04
5.294900e+01	2.807900e+04
5.299900e+01	2.811600e+04
5.304800e+01	2.822600e+04
5.309900e+01	2.826000e+04
5.314900e+01	2.824100e+04
5.319900e+01	2.837000e+04
5.324900e+01	2.844100e+04
5.329900e+01	2.830900e+04
5.334900e+01	2.854600e+04
5.339900e+01	2.835000e+04
5.344900e+01	2.819600e+04
5.350000e+01	2.865400e+04
5.355000e+01	2.827300e+04
5.360000e+01	2.800500e+04
5.365000e+01	2.733400e+04
5.370000e+01	2.767900e+04
5.375000e+01	2.758900e+04
5.380100e+01	2.812500e+04
5.385100e+01	2.806300e+04
5.390100e+01	2.816600e+04
5.395000e+01	2.808600e+04
5.400000e+01	2.799200e+04
5.405100e+01	2.818200e+04
5.410100e+01	2.833300e+04
5.415100e+01	2.835800e+04
5.420100e+01	2.835200e+04
5.425100e+01	2.798800e+04
5.430100e+01	2.815000e+04
5.435100e+01	2.849300e+04
5.440100e+01	2.834200e+04
5.445100e+01	2.848400e+04
5.450200e+01	2.785900e+04
5.455200e+01	2.820200e+04
5.460200e+01	2.716400e+04
5.465200e+01	2.783700e+04
5.470200e+01	2.740900e+04
5.475200e+01	2.835700e+04
5.480200e+01	2.781100e+04
5.485200e+01	2.793500e+04
5.490200e+01	2.816100e+04
5.495200e+01	2.812300e+04
5.500200e+01	2.831400e+04
5.505200e+01	2.826500e+04
5.510200e+01	2.783500e+04
5.515300e+01	2.826100e+04
5.520300e+01	2.836900e+04
5.525200e+01	2.836400e+04
5.530300e+01	2.845100e+04
5.535300e+01	2.817400e+04
5.540300e+01	2.879300e+04
5.545300e+01	2.822000e+04
5.550400e+01	2.884900e+04
5.555300e+01	2.796700e+04
5.560400e+01	2.733100e+04
5.565400e+01	2.748900e+04
5.570400e+01	2.725900e+04
5.575300e+01	2.782900e+04
5.580400e+01	2.793700e+04
5.585400e+01	2.795500e+04
5.590400e+01	2.806400e+04
5.595400e+01	2.805800e+04
5.600400e+01	2.829400e+04
5.605400e+01	2.855900e+04
5.610500e+01	2.828600e+04
5.615500e+01	2.827900e+04
5.620400e+01	2.786800e+04
5.625500e+01	2.828500e+04
5.630500e+01	2.806300e+04
5.635500e+01	2.852700e+04
5.640500e+01	2.841200e+04
5.645500e+01	2.834800e+04
5.650500e+01	2.844200e+04
5.655500e+01	2.783400e+04
5.660500e+01	2.744000e+04
5.665500e+01	2.754500e+04
5.670500e+01	2.793100e+04
5.675600e+01	2.782200e+04
5.680500e+01	2.809300e+04
5.685600e+01	2.764100e+04
5.690600e+01	2.801500e+04
5.695600e+01	2.784500e+04
5.700600e+01	2.810000e+04
5.705700e+01	2.801900e+04
5.710600e+01	2.838900e+04
5.715700e+01	2.852800e+04
5.720700e+01	2.843800e+04
5.725600e+01	2.819900e+04
5.730700e+01	2.826000e+04
5.735700e+01	2.875900e+04
5.740700e+01	2.869200e+04
5.745700e+01	2.854700e+04
5.750700e+01	2.794000e+04
5.755700e+01	2.801100e+04
5.760700e+01	2.723900e+04
5.765700e+01	2.768900e+04
5.770700e+01	2.766700e+04
5.775700e+01	2.828800e+04
5.780800e+01	2.789100e+04
5.785800e+01	2.797300e+04
5.790900e+01	2.790000e+04
5.795800e+01	2.826800e+04
5.800900e+01	2.846400e+04
5.805800e+01	2.843200e+04
5.810800e+01	2.804800e+04
5.815900e+01	2.801400e+04
5.820800e+01	2.825200e+04
5.825800e+01	2.827100e+04
5.830800e+01	2.842300e+04
5.835800e+01	2.840700e+04
5.840800e+01	2.835000e+04
5.845800e+01	2.805800e+04
5.850900e+01	2.851600e+04
5.855900e+01	2.779300e+04
5.860900e+01	2.782800e+04
5.865900e+01	2.750900e+04
5.871000e+01	2.767600e+04
5.875900e+01	2.763700e+04
5.881000e+01	2.785400e+04
5.885900e+01	2.807900e+04
5.890900e+01	2.811000e+04
5.896000e+01	2.822900e+04
5.901000e+01	2.809300e+04
5.906000e+01	2.854100e+04
5.911100e+01	2.841700e+04
5.916100e+01	2.863100e+04
5.921100e+01	2.839800e+04
5.926100e+01	2.851500e+04
5.931000e+01	2.780400e+04
5.936100e+01	2.858200e+04
5.941100e+01	2.833800e+04
5.946000e+01	2.895400e+04
5.951100e+01	2.821300e+04
5.956100e+01	2.788800e+04
5.961100e+01	2.709900e+04
5.966100e+01	2.770800e+04
5.971100e+01	2.799100e+04
5.976200e+01	2.782000e+04
5.981200e+01	2.800400e+04
5.986100e+01	2.770100e+04
5.991100e+01	2.803600e+04
5.996200e+01	2.829300e+04
6.001200e+01	2.838300e+04
6.006200e+01	2.839700e+04
6.011200e+01	2.824400e+04
6.016200e+01	2.835600e+04
6.021200e+01	2.840400e+04
6.026200e+01	2.823500e+04
6.031200e+01	2.879700e+04
6.036200e+01	2.826500e+04
6.041300e+01	2.881600e+04
6.046200e+01	2.794300e+04
6.051300e+01	2.842700e+04
6.056300e+01	2.801900e+04
6.061300e+01	2.772300e+04
6.066300e+01	2.766900e+04
6.071300e+01	2.778400e+04
6.076300e+01	2.778100e+04
6.081300e+01	2.794800e+04
6.086300e+01	2.810000e+04
6.091300e+01	2.826000e+04
6.096300e+01	2.824500e+04
6.101300e+01	2.813400e+04
6.106300e+01	2.800100e+04
6.111400e+01	2.824600e+04
6.116400e+01	2.827800e+04
6.121400e+01	2.848800e+04
6.126400e+01	2.852500e+04
6.131400e+01	2.827200e+04
6.136400e+01	2.859400e+04
6.141400e+01	2.843200e+04
6.146500e+01	2.830400e+04
6.151500e+01	2.816500e+04
6.156500e+01	2.773700e+04
6.161500e+01	2.744700e+04
6.166500e+01	2.749600e+04
6.171500e+01	2.768500e+04
6.176500e+01	2.769200e+04
6.181500e+01	2.800800e+04
6.186500e+01	2.786800e+04
6.191600e+01	2.814400e+04
6.196500e+01	2.811100e+04
6.201500e+01	2.843200e+04
6.206600e+01	2.812700e+04
6.211600e+01	2.824700e+04
6.216600e+01	2.814300e+04
6.221600e+01	2.862300e+04
6.226600e+01	2.794000e+04
6.231700e+01	2.850600e+04
6.236600e+01	2.836100e+04
6.241700e+01	2.825700e+04
6.246600e+01	2.848300e+04
6.251600e+01	2.849500e+04
6.256600e+01	2.768300e+04
6.261800e+01	2.778400e+04
6.266600e+01	2.782600e+04
6.271700e+01	2.779900e+04
6.276700e+01	2.797100e+04
6.281800e+01	2.800100e+04
6.286700e+01	2.770900e+04
6.291700e+01	2.794200e+04
6.296700e+01	2.846100e+04
6.301700e+01	2.816400e+04
6.306800e+01	2.821900e+04
6.311800e+01	2.834500e+04
6.316800e+01	2.872200e+04
6.321800e+01	2.830600e+04
6.326800e+01	2.826000e+04
6.331900e+01	2.851500e+04
6.336800e+01	2.835600e+04
6.341900e+01	2.858500e+04
6.346900e+01	2.809700e+04
6.351900e+01	2.851200e+04
6.356800e+01	2.736900e+04
6.361800e+01	2.782000e+04
6.366800e+01	2.764700e+04
6.371900e+01	2.818100e+04
6.376900e+01	2.778700e+04
6.381900e+01	2.782300e+04
6.386800e+01	2.768100e+04
6.392000e+01	2.834200e+04
6.396900e+01	2.805900e+04
6.401900e+01	2.824900e+04
6.406900e+01	2.792900e+04
6.412000e+01	2.819400e+04
6.417000e+01	2.825700e+04
6.422000e+01	2.825900e+04
6.427000e+01	2.856100e+04
6.432000e+01	2.816700e+04
6.437000e+01	2.852400e+04
6.442000e+01	2.827100e+04
6.447000e+01	2.848300e+04
6.452000e+01	2.848700e+04
6.457000e+01	2.775100e+04
6.462000e+01	2.724500e+04
6.467000e+01	2.735000e+04
6.472000e+01	2.755200e+04
6.477100e+01	2.814900e+04
6.482100e+01	2.789700e+04
6.487100e+01	2.816800e+04
6.492100e+01	2.809000e+04
6.497100e+01	2.788300e+04
6.502100e+01	2.838800e+04
6.507200e+01	2.829100e+04
6.512200e+01	2.859900e+04
6.517200e+01	2.820800e+04
6.522200e+01	2.829600e+04
6.527200e+01	2.780200e+04
6.532200e+01	2.811000e+04
6.537200e+01	2.836400e+04
6.542200e+01	2.861400e+04
6.547200e+01	2.836000e+04
6.552300e+01	2.859600e+04
6.557200e+01	2.730100e+04
6.562300e+01	2.769500e+04
6.567200e+01	2.772500e+04
6.572300e+01	2.782300e+04
6.577300e+01	2.770400e+04
6.582200e+01	2.784400e+04
6.587200e+01	2.780500e+04
6.592300e+01	2.809100e+04
6.597300e+01	2.807800e+04
6.602300e+01	2.808500e+04
6.607300e+01	2.804900e+04
6.612300e+01	2.800400e+04
6.617300e+01	2.871600e+04
6.622300e+01	2.842600e+04
6.627300e+01	2.891000e+04
6.632400e+01	2.778900e+04
6.637400e+01	2.846600e+04
6.642400e+01	2.809000e+04
6.647400e+01	2.849300e+04
6.652400e+01	2.851900e+04
6.657400e+01	2.746900e+04
6.662400e+01	2.733200e+04
6.667400e+01	2.725200e+04
6.672500e+01	2.772200e+04
6.677400e+01	2.776400e+04
6.682500e+01	2.812200e+04
6.687500e+01	2.796000e+04
6.692500e+01	2.800400e+04
6.697500e+01	2.786800e+04
6.702500e+01	2.855100e+04
6.707500e+01	2.778300e+04
6.712500e+01	2.845300e+04
6.717600e+01	2.773400e+04
6.722600e+01	2.834000e+04
6.727500e+01	2.795200e+04
6.732600e+01	2.866700e+04
6.737500e+01	2.844100e+04
6.742500e+01	2.834200e+04
6.747700e+01	2.837600e+04
6.752600e+01	2.791000e+04
6.757600e+01	2.766300e+04
6.762600e+01	2.747600e+04
6.767700e+01	2.757000e+04
6.772600e+01	2.759800e+04
6.777600e+01	2.763100e+04
6.782600e+01	2.753900e+04
6.787600e+01	2.788300e+04
6.792600e+01	2.792500e+04
6.797700e+01	2.834100e+04
6.802700e+01	2.798700e+04
6.807700e+01	2.821700e+04
6.812600e+01	2.793100e+04
6.817700e+01	2.845800e+04
6.822700e+01	2.850100e+04
6.827700e+01	2.812500e+04
6.832800e+01	2.822500e+04
6.837800e+01	2.816700e+04
6.842800e+01	2.837700e+04
6.847700e+01	2.808400e+04
6.852800e+01	2.848800e+04
6.857800e+01	2.758500e+04
6.862800e+01	2.762900e+04
6.867800e+01	2.728600e+04
6.872800e+01	2.776800e+04
6.877800e+01	2.794700e+04
6.882800e+01	2.796700e+04
6.887900e+01	2.772200e+04
6.892800e+01	2.799900e+04
6.897800e+01	2.799400e+04
6.902900e+01	2.853000e+04
6.907900e+01	2.805400e+04
6.912900e+01	2.822600e+04
6.917900e+01	2.810200e+04
6.922900e+01	2.812300e+04
6.927900e+01	2.846200e+04
6.933000e+01	2.826400e+04
6.938000e+01	2.858700e+04
6.942900e+01	2.809700e+04
6.948000e+01	2.805400e+04
6.953000e+01	2.831900e+04
6.957900e+01	2.765400e+04
6.963000e+01	2.757900e+04
6.968100e+01	2.756500e+04
6.973000e+01	2.765500e+04
6.978000e+01	2.787200e+04
6.983000e+01	2.775100e+04
6.988000e+01	2.822800e+04
6.993000e+01	2.778900e+04
6.998000e+01	2.805300e+04
7.003100e+01	2.781500e+04
7.008100e+01	2.790700e+04
7.013100e+01	2.779400e+04
7.018100e+01	2.824400e+04
7.023100e+01	2.806200e+04
7.028100e+01	2.807800e+04
7.033200e+01	2.801200e+04
7.038100e+01	2.824800e+04
7.043200e+01	2.819900e+04
7.048100e+01	2.840200e+04
7.053200e+01	2.818300e+04
7.058100e+01	2.696500e+04
7.063100e+01	2.715600e+04
7.068200e+01	2.729300e+04
7.073200e+01	2.773800e+04
7.078200e+01	2.744200e+04
7.083200e+01	2.766500e+04
7.088200e+01	2.768400e+04
7.093200e+01	2.794200e+04
7.098200e+01	2.810800e+04
7.103300e+01	2.791000e+04
7.108300e+01	2.815300e+04
7.113300e+01	2.777300e+04
7.118300e+01	2.805200e+04
7.123300e+01	2.776300e+04
7.128300e+01	2.799700e+04
7.133300e+01	2.811700e+04
7.138300e+01	2.823800e+04
7.143300e+01	2.808400e+04
7.148400e+01	2.798200e+04
7.153400e+01	2.807600e+04
7.158400e+01	2.734900e+04
7.163300e+01	2.725500e+04
7.168400e+01	2.727800e+04
7.173400e+01	2.739000e+04
7.178400e+01	2.742900e+04
7.183400e+01	2.758600e+04
7.188500e+01	2.768300e+04
7.193400e+01	2.790100e+04
7.198400e+01	2.782100e+04
7.203400e+01	2.777800e+04
7.208500e+01	2.765100e+04
7.213500e+01	2.816100e+04
7.218400e+01	2.815000e+04
7.223500e+01	2.800100e+04
7.228500e+01	2.780700e+04
7.233500e+01	2.782400e+04
7.238500e+01	2.776300e+04
7.243500e+01	2.807400e+04
7.248500e+01	2.783300e+04
7.253500e+01	2.807800e+04
7.258500e+01	2.672800e+04
7.263500e+01	2.710200e+04
7.268600e+01	2.746500e+04
7.273600e+01	2.729600e+04
7.278600e+01	2.793800e+04
7.283600e+01	2.728200e+04
7.288600e+01	2.777200e+04
7.293600e+01	2.734500e+04
7.298600e+01	2.775200e+04
7.303600e+01	2.775300e+04
7.308700e+01	2.772700e+04
7.313600e+01	2.774800e+04
7.318700e+01	2.811800e+04
7.323700e+01	2.797800e+04
7.328700e+01	2.850500e+04
7.333700e+01	2.780200e+04
7.338700e+01	2.806700e+04
7.343700e+01	2.766600e+04
7.348600e+01	2.825000e+04
7.353700e+01	2.816200e+04
7.358700e+01	2.699700e+04
7.363700e+01	2.719500e+04
7.368700e+01	2.672800e+04
7.373800e+01	2.767600e+04
7.378700e+01	2.714900e+04
7.383800e+01	2.804300e+04
7.388700e+01	2.760700e+04
7.393800e+01	2.795600e+04
7.398800e+01	2.759800e+04
7.403800e+01	2.782700e+04
7.408800e+01	2.782100e+04
7.413800e+01	2.809600e+04
7.418800e+01	2.798200e+04
7.423900e+01	2.766200e+04
7.428900e+01	2.753900e+04
7.433900e+01	2.790600e+04
7.438900e+01	2.790500e+04
7.443900e+01	2.814900e+04
7.448900e+01	2.840500e+04
7.453900e+01	2.747800e+04
7.458900e+01	2.703400e+04
7.463900e+01	2.693600e+04
7.469000e+01	2.758500e+04
7.474000e+01	2.747300e+04
7.478900e+01	2.750800e+04
7.483900e+01	2.711000e+04
7.489000e+01	2.725600e+04
7.494000e+01	2.780900e+04
7.499000e+01	2.779500e+04
7.504000e+01	2.771900e+04
7.509000e+01	2.763900e+04
7.514000e+01	2.757200e+04
7.519000e+01	2.778200e+04
7.524100e+01	2.799600e+04
7.529000e+01	2.822100e+04
7.534100e+01	2.806400e+04
7.539100e+01	2.756400e+04
7.544100e+01	2.775000e+04
7.549100e+01	2.759200e+04
7.554000e+01	2.768700e+04
7.559100e+01	2.724300e+04
7.564100e+01	2.729700e+04
7.569100e+01	2.709900e+04
7.574200e+01	2.712400e+04
7.579100e+01	2.734100e+04
7.584100e+01	2.778900e+04
7.589200e+01	2.726400e+04
7.594200e+01	2.757100e+04
7.599100e+01	2.735000e+04
7.604200e+01	2.742000e+04
7.609200e+01	2.776100e+04
7.614200e+01	2.774100e+04
7.619200e+01	2.798100e+04
7.624200e+01	2.738500e+04
7.629200e+01	2.774100e+04
7.634200e+01	2.766200e+04
7.639300e+01	2.794800e+04
7.644300e+01	2.803500e+04
7.649200e+01	2.788900e+04
7.654300e+01	2.745900e+04
7.659300e+01	2.731200e+04
7.664300e+01	2.663500e+04
7.669200e+01	2.739600e+04
7.674300e+01	2.718800e+04
7.679300e+01	2.747700e+04
7.684300e+01	2.737200e+04
7.689300e+01	2.748900e+04
7.694400e+01	2.782100e+04
7.699400e+01	2.756600e+04
7.704400e+01	2.784200e+04
7.709300e+01	2.735400e+04
7.714400e+01	2.780700e+04
7.719300e+01	2.755600e+04
7.724400e+01	2.815100e+04
7.729400e+01	2.761600e+04
7.734500e+01	2.802800e+04
7.739500e+01	2.771400e+04
7.744400e+01	2.802300e+04
7.749400e+01	2.765100e+04
7.754400e+01	2.771700e+04
7.759400e+01	2.670800e+04
7.764400e+01	2.725900e+04
7.769500e+01	2.710000e+04
7.774500e+01	2.732100e+04
7.779500e+01	2.737800e+04
7.784500e+01	2.711100e+04
7.789600e+01	2.769100e+04
7.794500e+01	2.740000e+04
7.799500e+01	2.768400e+04
7.804600e+01	2.734700e+04
7.809500e+01	2.789900e+04
7.814600e+01	2.752500e+04
7.819600e+01	2.769600e+04
7.824600e+01	2.746900e+04
7.829600e+01	2.798800e+04
7.834600e+01	2.784500e+04
7.839600e+01	2.779300e+04
7.844600e+01	2.752500e+04
7.849600e+01	2.770800e+04
7.854700e+01	2.726000e+04
7.859700e+01	2.708300e+04
7.864700e+01	2.690800e+04
7.869700e+01	2.715200e+04
7.874600e+01	2.720200e+04
7.879700e+01	2.708400e+04
7.884700e+01	2.730400e+04
7.889600e+01	2.729500e+04
7.894700e+01	2.743900e+04
7.899700e+01	2.756800e+04
7.904700e+01	2.740000e+04
7.909800e+01	2.750900e+04
7.914800e+01	2.768600e+04
7.919800e+01	2.749600e+04
7.924800e+01	2.793600e+04
7.929800e+01	2.772100e+04
7.934800e+01	2.788000e+04
7.939800e+01	2.756600e+04
7.944800e+01	2.800900e+04
7.949900e+01	2.786200e+04
7.954900e+01	2.736200e+04
7.959800e+01	2.670100e+04
7.964900e+01	2.674800e+04
7.969900e+01	2.694000e+04
7.974900e+01	2.739400e+04
7.979800e+01	2.734200e+04
7.984800e+01	2.748400e+04
7.989800e+01	2.746200e+04
7.995000e+01	2.711200e+04
8.000000e+01	2.767500e+04
8.005000e+01	2.750200e+04
8.009900e+01	2.790600e+04
8.015000e+01	2.745100e+04
8.019900e+01	2.740400e+04
8.025000e+01	2.751900e+04
8.029900e+01	2.763100e+04
8.035000e+01	2.774600e+04
8.040000e+01	2.781600e+04
8.045000e+01	2.749700e+04
8.050000e+01	2.798900e+04
8.055100e+01	2.723900e+04
8.060100e+01	2.710100e+04
8.065000e+01	2.738200e+04
8.070000e+01	2.675200e+04
8.075100e+01	2.732800e+04
8.080100e+01	2.695800e+04
8.085100e+01	2.744100e+04
8.090100e+01	2.737400e+04
8.095100e+01	2.731000e+04
8.100100e+01	2.726500e+04
8.105100e+01	2.752100e+04
8.110100e+01	2.757700e+04
8.115100e+01	2.773000e+04
8.120100e+01	2.763400e+04
8.125100e+01	2.793200e+04
8.130200e+01	2.780600e+04
8.135200e+01	2.759200e+04
8.140200e+01	2.768700e+04
8.145200e+01	2.767500e+04
8.150200e+01	2.812300e+04
8.155200e+01	2.693200e+04
8.160200e+01	2.692400e+04
8.165200e+01	2.675700e+04
8.170200e+01	2.720400e+04
8.175300e+01	2.707600e+04
8.180200e+01	2.753600e+04
8.185400e+01	2.734200e+04
8.190200e+01	2.722300e+04
8.195300e+01	2.757800e+04
8.200300e+01	2.740900e+04
8.205300e+01	2.735000e+04
8.210300e+01	2.749700e+04
8.215300e+01	2.762400e+04
8.220300e+01	2.784300e+04
8.225400e+01	2.767900e+04
8.230400e+01	2.776200e+04
8.235400e+01	2.796400e+04
8.240400e+01	2.769800e+04
8.245400e+01	2.786600e+04
8.250400e+01	2.767300e+04
8.255400e+01	2.763500e+04
8.260400e+01	2.689100e+04
8.265400e+01	2.681300e+04
8.270500e+01	2.698300e+04
8.275400e+01	2.681100e+04
8.280500e+01	2.718400e+04
8.285500e+01	2.739100e+04
8.290500e+01	2.746200e+04
8.295400e+01	2.722600e+04
8.300500e+01	2.742600e+04
8.305500e+01	2.737100e+04
8.310500e+01	2.763900e+04
8.315500e+01	2.750900e+04
8.320500e+01	2.765400e+04
8.325500e+01	2.714100e+04
8.330500e+01	2.735600e+04
8.335600e+01	2.743400e+04
8.340600e+01	2.796900e+04
8.345500e+01	2.776100e+04
8.350600e+01	2.763400e+04
8.355600e+01	2.709200e+04
8.360600e+01	2.686400e+04
8.365700e+01	2.665600e+04
8.370700e+01	2.715300e+04
8.375700e+01	2.713400e+04
8.380700e+01	2.731300e+04
8.385700e+01	2.710200e+04
8.390600e+01	2.719100e+04
8.395700e+01	2.749900e+04
8.400600e+01	2.738000e+04
8.405700e+01	2.789100e+04
8.410700e+01	2.719800e+04
8.415700e+01	2.767600e+04
8.420700e+01	2.721400e+04
8.425800e+01	2.784200e+04
8.430700e+01	2.772100e+04
8.435700e+01	2.767500e+04
8.440700e+01	2.732500e+04
8.445800e+01	2.732000e+04
8.450800e+01	2.775300e+04
8.455800e+01	2.744800e+04
8.460800e+01	2.687300e+04
8.465800e+01	2.695400e+04
8.470800e+01	2.692300e+04
8.475900e+01	2.700600e+04
8.480800e+01	2.732500e+04
8.485900e+01	2.721700e+04
8.490800e+01	2.780900e+04
8.495800e+01	2.693000e+04
8.500900e+01	2.734700e+04
8.505800e+01	2.702700e+04
8.510800e+01	2.774200e+04
8.515900e+01	2.762700e+04
8.520900e+01	2.737800e+04
8.525900e+01	2.757200e+04
8.530900e+01	2.783600e+04
8.535900e+01	2.754300e+04
8.540900e+01	2.769500e+04
8.546000e+01	2.763400e+04
8.551000e+01	2.754600e+04
8.556000e+01	2.714700e+04
8.561000e+01	2.626000e+04
8.566000e+01	2.659500e+04
8.571000e+01	2.691500e+04
8.576000e+01	2.731600e+04
8.580900e+01	2.691000e+04
8.586000e+01	2.706500e+04
8.591000e+01	2.711900e+04
8.596000e+01	2.730600e+04
8.601100e+01	2.736400e+04
8.606100e+01	2.743100e+04
8.611100e+01	2.749100e+04
8.616100e+01	2.726100e+04
8.621000e+01	2.723400e+04
8.626200e+01	2.748500e+04
8.631100e+01	2.760300e+04
8.636100e+01	2.738600e+04
8.641100e+01	2.791500e+04
8.646100e+01	2.759400e+04
8.651100e+01	2.790300e+04
8.656200e+01	2.708100e+04
8.661100e+01	2.688600e+04
8.666200e+01	2.662000e+04
8.671200e+01	2.701100e+04
8.676200e+01	2.681200e+04
8.681300e+01	2.697800e+04
8.686200e+01	2.723900e+04
8.691200e+01	2.730600e+04
8.696200e+01	2.722000e+04
8.701200e+01	2.733000e+04
8.706300e+01	2.738600e+04
8.711300e+01	2.738500e+04
8.716300e+01	2.782100e+04
8.721300e+01	2.714400e+04
8.726300e+01	2.751900e+04
8.731200e+01	2.729600e+04
8.736300e+01	2.756300e+04
8.741300e+01	2.739600e+04
8.746300e+01	2.761900e+04
8.751300e+01	2.732000e+04
8.756400e+01	2.670700e+04
8.761400e+01	2.663300e+04
8.766400e+01	2.697500e+04
8.771400e+01	2.691000e+04
8.776400e+01	2.708200e+04
8.781300e+01	2.705400e+04
8.786400e+01	2.708100e+04
8.791400e+01	2.737400e+04
8.796500e+01	2.772300e+04
8.801400e+01	2.711800e+04
8.806400e+01	2.704000e+04
8.811500e+01	2.757600e+04
8.816400e+01	2.721100e+04
8.821400e+01	2.766300e+04
8.826400e+01	2.726200e+04
8.831500e+01	2.782000e+04
8.836500e+01	2.725200e+04
8.841500e+01	2.716900e+04
8.846500e+01	2.751900e+04
8.851500e+01	2.788500e+04
8.856500e+01	2.689600e+04
8.861600e+01	2.663300e+04
8.866600e+01	2.641200e+04
8.871500e+01	2.704800e+04
8.876600e+01	2.681200e+04
8.881600e+01	2.704600e+04
8.886600e+01	2.706100e+04
8.891600e+01	2.702900e+04
8.896600e+01	2.712900e+04
8.901600e+01	2.714200e+04
8.906600e+01	2.758900e+04
8.911700e+01	2.736600e+04
8.916700e+01	2.746600e+04
8.921700e+01	2.682900e+04
8.926700e+01	2.732100e+04
8.931700e+01	2.753900e+04
8.936700e+01	2.773100e+04
8.941700e+01	2.754800e+04
8.946700e+01	2.760600e+04
8.951700e+01	2.729600e+04
8.956700e+01	2.713200e+04
8.961700e+01	2.645400e+04
8.966800e+01	2.709800e+04
8.971700e+01	2.684700e+04
8.976800e+01	2.690300e+04
8.981700e+01	2.706300e+04
8.986800e+01	2.716000e+04
8.991800e+01	2.738400e+04
8.996800e+01	2.736600e+04
9.001800e+01	2.709200e+04
9.006900e+01	2.727500e+04
9.011800e+01	2.726500e+04
9.016800e+01	2.749400e+04
9.021900e+01	2.752700e+04
9.026800e+01	2.728100e+04
9.031900e+01	2.730800e+04
9.036800e+01	2.723400e+04
9.041900e+01	2.740100e+04
9.046900e+01	2.740300e+04
9.052700e+01	2.771700e+04
9.056900e+01	2.673200e+04
9.061900e+01	2.633400e+04
9.066900e+01	2.654300e+04
9.071900e+01	2.688600e+04
9.077000e+01	2.700400e+04
9.081900e+01	2.708200e+04
9.087000e+01	2.744100e+04
9.092000e+01	2.699300e+04
9.097000e+01	2.725000e+04
9.102000e+01	2.720600e+04
9.107000e+01	2.769900e+04
9.112000e+01	2.723100e+04
9.117000e+01	2.733300e+04
9.122000e+01	2.731900e+04
9.127100e+01	2.741000e+04
9.132000e+01	2.760500e+04
9.137100e+01	2.759400e+04
9.142100e+01	2.736600e+04
9.149900e+01	2.756300e+04
9.165100e+01	2.757800e+04
9.166300e+01	2.673000e+04
9.167200e+01	2.664100e+04
9.172200e+01	2.704100e+04
9.177200e+01	2.669200e+04
9.182300e+01	2.685500e+04
9.187200e+01	2.711600e+04
9.192200e+01	2.731300e+04
9.197100e+01	2.690900e+04
9.202200e+01	2.733200e+04
9.207200e+01	2.707800e+04
9.212200e+01	2.755500e+04
9.217200e+01	2.735600e+04
9.222200e+01	2.714300e+04
9.227200e+01	2.726600e+04
9.232300e+01	2.732200e+04
9.237200e+01	2.745100e+04
9.242200e+01	2.738800e+04
9.247300e+01	2.778900e+04
9.252300e+01	2.734700e+04
9.257300e+01	2.699700e+04
9.262200e+01	2.660100e+04
9.267400e+01	2.686100e+04
9.272300e+01	2.685900e+04
9.277300e+01	2.722400e+04
9.282300e+01	2.672100e+04
9.287300e+01	2.684000e+04
9.292300e+01	2.687600e+04
9.297300e+01	2.719900e+04
9.302400e+01	2.747800e+04
9.307400e+01	2.742100e+04
9.312400e+01	2.741500e+04
9.317400e+01	2.710700e+04
9.322400e+01	2.745200e+04
9.327400e+01	2.719100e+04
9.332400e+01	2.779600e+04
9.337500e+01	2.722200e+04
9.342400e+01	2.736300e+04
9.347500e+01	2.714500e+04
9.354300e+01	2.736100e+04
9.359300e+01	2.651000e+04
9.362400e+01	2.678900e+04
9.367500e+01	2.664800e+04
9.372400e+01	2.674100e+04
9.377500e+01	2.670300e+04
9.382400e+01	2.687100e+04
9.387500e+01	2.731500e+04
9.392500e+01	2.693400e+04
9.397500e+01	2.696000e+04
9.402600e+01	2.682200e+04
9.407500e+01	2.742900e+04
9.412600e+01	2.703100e+04
9.417600e+01	2.760500e+04
9.422600e+01	2.738600e+04
9.430400e+01	2.735700e+04
9.432600e+01	2.705600e+04
9.437600e+01	2.734400e+04
9.442600e+01	2.761400e+04
9.447600e+01	2.777800e+04
9.452600e+01	2.735100e+04
9.457600e+01	2.645900e+04
9.462700e+01	2.621500e+04
9.467700e+01	2.674600e+04
9.472700e+01	2.685500e+04
9.477700e+01	2.700400e+04
9.482700e+01	2.694000e+04
9.487800e+01	2.677900e+04
9.492700e+01	2.724600e+04
9.497700e+01	2.713000e+04
9.502700e+01	2.732600e+04
9.507800e+01	2.711700e+04
9.512800e+01	2.718200e+04
9.517800e+01	2.677900e+04
9.522800e+01	2.697900e+04
9.527800e+01	2.721100e+04
9.532800e+01	2.757700e+04
9.537800e+01	2.708900e+04
9.542800e+01	2.717800e+04
9.547800e+01	2.725300e+04
9.552800e+01	2.725600e+04
9.557900e+01	2.699800e+04
9.562900e+01	2.639700e+04
9.567900e+01	2.685500e+04
9.572800e+01	2.659700e+04
9.577900e+01	2.689300e+04
9.582900e+01	2.638100e+04
9.587900e+01	2.702900e+04
9.592900e+01	2.701200e+04
9.597900e+01	2.708500e+04
9.602900e+01	2.688000e+04
9.608000e+01	2.720800e+04
9.613000e+01	2.724400e+04
9.617900e+01	2.744500e+04
9.623000e+01	2.704700e+04
9.628000e+01	2.714800e+04
9.632900e+01	2.719100e+04
9.638000e+01	2.720400e+04
9.643000e+01	2.733900e+04
9.648100e+01	2.696700e+04
9.653000e+01	2.733000e+04
9.658000e+01	2.638600e+04
9.663100e+01	2.651500e+04
9.668100e+01	2.678000e+04
9.673100e+01	2.699900e+04
9.678100e+01	2.684400e+04
9.683000e+01	2.681300e+04
9.688100e+01	2.673900e+04
9.693100e+01	2.697500e+04
9.698100e+01	2.726500e+04
9.703100e+01	2.703900e+04
9.708100e+01	2.694300e+04
9.713100e+01	2.683300e+04
9.718100e+01	2.685100e+04
9.723200e+01	2.727300e+04
9.728200e+01	2.725100e+04
9.733200e+01	2.719600e+04
9.738200e+01	2.715000e+04
9.743200e+01	2.711800e+04
9.748100e+01	2.728700e+04
9.753200e+01	2.722200e+04
9.758200e+01	2.661500e+04
9.763200e+01	2.636300e+04
9.768200e+01	2.633600e+04
9.773200e+01	2.648000e+04
9.778300e+01	2.670700e+04
9.783300e+01	2.693400e+04
9.788300e+01	2.698500e+04
9.793300e+01	2.670200e+04
9.798300e+01	2.679700e+04
9.803200e+01	2.695900e+04
9.808300e+01	2.740000e+04
9.813300e+01	2.725600e+04
9.818300e+01	2.703400e+04
9.823300e+01	2.700900e+04
9.828400e+01	2.692800e+04
9.833400e+01	2.711700e+04
9.838400e+01	2.677000e+04
9.843400e+01	2.745800e+04
9.848400e+01	2.710500e+04
9.853400e+01	2.721600e+04
9.858400e+01	2.608900e+04
9.863400e+01	2.622200e+04
9.868400e+01	2.663600e+04
9.873500e+01	2.681100e+04
9.878500e+01	2.645200e+04
9.883500e+01	2.650100e+04
9.888500e+01	2.697200e+04
9.893400e+01	2.712100e+04
9.898500e+01	2.709700e+04
9.903500e+01	2.706200e+04
9.908500e+01	2.694400e+04
9.913500e+01	2.705000e+04
9.918500e+01	2.693800e+04
9.923500e+01	2.705300e+04
9.928600e+01	2.733400e+04
9.933500e+01	2.708600e+04
9.938600e+01	2.717700e+04
9.943600e+01	2.705800e+04
9.948600e+01	2.737900e+04
9.953500e+01	2.736400e+04
9.958600e+01	2.632800e+04
9.963600e+01	2.629200e+04
9.968600e+01	2.629300e+04
9.973600e+01	2.649000e+04
9.978600e+01	2.673300e+04
9.983600e+01	2.675700e+04
9.988600e+01	2.666700e+04
9.993600e+01	2.689800e+04
9.998700e+01	2.651400e+04
1.000360e+02	2.668100e+04
1.000870e+02	2.671500e+04
1.001370e+02	2.763700e+04
1.001870e+02	2.680000e+04
1.002370e+02	2.738900e+04
1.002870e+02	2.695900e+04
1.003370e+02	2.729700e+04
1.003870e+02	2.697900e+04
1.004370e+02	2.715800e+04
1.004870e+02	2.707700e+04
1.005370e+02	2.706200e+04
1.005880e+02	2.608500e+04
1.006370e+02	2.648200e+04
1.006880e+02	2.651400e+04
1.007380e+02	2.666200e+04
1.007880e+02	2.655300e+04
1.008380e+02	2.679500e+04
1.008890e+02	2.687500e+04
1.009380e+02	2.679700e+04
1.009880e+02	2.712700e+04
1.010380e+02	2.671100e+04
1.010890e+02	2.725100e+04
1.011390e+02	2.674000e+04
1.011890e+02	2.703900e+04
1.012390e+02	2.710700e+04
1.012890e+02	2.705600e+04
1.013400e+02	2.709400e+04
1.013890e+02	2.682900e+04
1.014390e+02	2.725500e+04
1.014900e+02	2.741500e+04
1.015390e+02	2.724200e+04
1.015900e+02	2.645400e+04
1.016400e+02	2.638700e+04
1.016900e+02	2.632400e+04
1.017400e+02	2.680300e+04
1.017900e+02	2.647300e+04
1.018400e+02	2.716000e+04
1.018900e+02	2.670000e+04
1.019400e+02	2.675700e+04
1.019910e+02	2.676500e+04
1.020410e+02	2.713200e+04
1.020910e+02	2.698000e+04
1.021400e+02	2.729300e+04
1.021900e+02	2.683800e+04
1.022410e+02	2.706300e+04
1.022910e+02	2.708400e+04
1.023410e+02	2.708300e+04
1.023910e+02	2.696900e+04
1.024420e+02	2.707800e+04
1.024920e+02	2.728900e+04
1.025410e+02	2.684300e+04
1.025910e+02	2.639400e+04
1.026410e+02	2.618100e+04
1.026910e+02	2.692800e+04
1.027420e+02	2.630900e+04
1.027920e+02	2.663500e+04
1.028420e+02	2.650800e+04
1.028920e+02	2.718700e+04
1.029420e+02	2.696800e+04
1.029930e+02	2.671100e+04
1.030420e+02	2.679700e+04
1.030920e+02	2.668400e+04
1.031420e+02	2.727800e+04
1.031930e+02	2.725200e+04
1.032430e+02	2.706700e+04
1.032930e+02	2.687400e+04
1.033430e+02	2.692500e+04
1.033930e+02	2.689100e+04
1.034430e+02	2.749900e+04
1.034930e+02	2.702300e+04
1.035440e+02	2.741300e+04
1.035930e+02	2.578800e+04
1.036430e+02	2.626700e+04
1.036930e+02	2.614800e+04
1.037430e+02	2.688000e+04
1.037930e+02	2.655300e+04
1.038440e+02	2.673500e+04
1.038940e+02	2.667200e+04
1.039440e+02	2.690100e+04
1.039940e+02	2.711100e+04
1.040440e+02	2.715800e+04
1.040940e+02	2.721200e+04
1.041440e+02	2.713600e+04
1.041940e+02	2.706900e+04
1.042440e+02	2.692800e+04
1.042950e+02	2.752100e+04
1.043450e+02	2.705100e+04
1.043940e+02	2.728600e+04
1.044450e+02	2.701200e+04
1.044950e+02	2.729400e+04
1.045450e+02	2.684500e+04
1.045950e+02	2.651700e+04
1.046460e+02	2.635600e+04
1.046960e+02	2.646900e+04
1.047450e+02	2.644400e+04
1.047950e+02	2.654600e+04
1.048460e+02	2.678900e+04
1.048960e+02	2.684600e+04
1.049460e+02	2.696000e+04
1.049960e+02	2.690100e+04
1.050460e+02	2.726700e+04
1.050960e+02	2.705300e+04
1.051470e+02	2.711900e+04
1.051960e+02	2.683000e+04
1.052460e+02	2.732100e+04
1.052960e+02	2.712800e+04
1.053470e+02	2.717800e+04
1.053970e+02	2.696300e+04
1.054460e+02	2.727100e+04
1.054960e+02	2.749400e+04
1.055470e+02	2.690600e+04
1.055970e+02	2.639000e+04
1.056470e+02	2.616700e+04
1.056970e+02	2.653700e+04
1.057470e+02	2.639200e+04
1.057980e+02	2.660800e+04
1.058470e+02	2.663600e+04
1.058980e+02	2.696500e+04
1.059480e+02	2.664200e+04
1.059980e+02	2.699700e+04
1.060480e+02	2.643300e+04
1.060980e+02	2.729200e+04
1.061490e+02	2.671100e+04
1.061980e+02	2.716800e+04
1.062480e+02	2.703200e+04
1.062980e+02	2.720800e+04
1.063490e+02	2.712300e+04
1.063990e+02	2.735500e+04
1.064480e+02	2.720300e+04
1.064980e+02	2.715400e+04
1.065490e+02	2.683700e+04
1.065980e+02	2.639300e+04
1.066490e+02	2.638900e+04
1.066990e+02	2.619900e+04
1.067490e+02	2.685700e+04
1.067990e+02	2.667200e+04
1.068490e+02	2.693700e+04
1.069000e+02	2.669600e+04
1.069500e+02	2.701200e+04
1.069990e+02	2.694500e+04
1.070490e+02	2.703200e+04
1.071000e+02	2.698300e+04
1.071490e+02	2.718000e+04
1.072000e+02	2.673500e+04
1.072500e+02	2.712100e+04
1.073000e+02	2.734900e+04
1.073510e+02	2.744700e+04
1.074010e+02	2.718300e+04
1.074510e+02	2.702900e+04
1.075010e+02	2.714700e+04
1.075510e+02	2.649200e+04
1.076010e+02	2.644100e+04
1.076510e+02	2.610200e+04
1.077010e+02	2.650700e+04
1.077520e+02	2.663500e+04
1.078020e+02	2.646500e+04
1.078520e+02	2.653000e+04
1.079020e+02	2.663900e+04
1.079510e+02	2.682000e+04
1.080020e+02	2.715200e+04
1.080520e+02	2.705200e+04
1.081010e+02	2.709000e+04
1.081520e+02	2.708800e+04
1.082020e+02	2.724900e+04
1.082520e+02	2.687500e+04
1.083030e+02	2.719500e+04
1.083530e+02	2.703600e+04
1.084020e+02	2.690700e+04
1.084520e+02	2.705900e+04
1.085030e+02	2.725900e+04
1.085530e+02	2.717800e+04
1.086030e+02	2.623800e+04
1.086540e+02	2.631300e+04
1.087030e+02	2.640800e+04
1.087530e+02	2.665500e+04
1.088030e+02	2.693000e+04
1.088530e+02	2.709600e+04
1.089030e+02	2.676800e+04
1.089540e+02	2.681400e+04
1.090040e+02	2.661900e+04
1.090540e+02	2.727500e+04
1.091040e+02	2.696000e+04
1.091530e+02	2.734800e+04
1.092030e+02	2.697300e+04
1.092540e+02	2.681100e+04
1.093040e+02	2.735800e+04
1.093540e+02	2.707400e+04
1.094040e+02	2.721100e+04
1.094550e+02	2.686200e+04
1.095040e+02	2.717600e+04
1.095550e+02	2.624100e+04
1.096050e+02	2.609200e+04
1.096550e+02	2.603100e+04
1.097050e+02	2.665900e+04
1.097550e+02	2.649000e+04
1.098050e+02	2.641100e+04
1.098550e+02	2.639600e+04
1.099050e+02	2.689500e+04
1.099550e+02	2.687400e+04
1.100050e+02	2.658100e+04
1.100550e+02	2.677800e+04
1.101050e+02	2.657700e+04
1.101560e+02	2.696400e+04
1.102060e+02	2.665100e+04
1.102560e+02	2.712100e+04
1.103060e+02	2.703200e+04
1.103560e+02	2.710300e+04
1.105230e+02	2.674000e+04
1.105350e+02	2.729900e+04
1.105570e+02	2.715800e+04
1.106140e+02	2.593000e+04
1.106560e+02	2.638500e+04
1.107070e+02	2.611000e+04
1.107570e+02	2.636900e+04
1.108070e+02	2.662900e+04
1.108570e+02	2.647800e+04
1.109070e+02	2.688900e+04
1.109570e+02	2.677300e+04
1.110070e+02	2.695400e+04
1.110570e+02	2.692500e+04
1.111070e+02	2.711900e+04
1.111570e+02	2.695600e+04
1.112080e+02	2.735400e+04
1.112590e+02	2.661300e+04
1.113080e+02	2.746900e+04
1.113580e+02	2.696000e+04
1.114070e+02	2.726800e+04
1.114590e+02	2.672100e+04
1.115080e+02	2.703300e+04
1.115580e+02	2.663200e+04
1.116080e+02	2.641900e+04
1.116580e+02	2.643400e+04
1.117090e+02	2.645300e+04
1.117580e+02	2.659600e+04
1.118090e+02	2.653200e+04
1.118590e+02	2.680700e+04
1.119090e+02	2.668200e+04
1.119590e+02	2.683400e+04
1.120090e+02	2.643100e+04
1.120600e+02	2.680200e+04
1.121100e+02	2.676800e+04
1.121600e+02	2.725800e+04
1.122100e+02	2.679000e+04
1.122600e+02	2.724500e+04
1.123100e+02	2.679000e+04
1.123590e+02	2.700500e+04
1.124100e+02	2.674000e+04
1.124600e+02	2.709000e+04
1.125100e+02	2.738400e+04
1.125600e+02	2.638000e+04
1.126100e+02	2.603300e+04
1.126610e+02	2.605000e+04
1.127110e+02	2.625000e+04
1.127610e+02	2.648100e+04
1.128110e+02	2.665800e+04
1.128610e+02	2.641800e+04
1.129100e+02	2.664600e+04
1.129610e+02	2.667000e+04
1.130110e+02	2.711900e+04
1.130650e+02	2.670200e+04
1.131120e+02	2.671300e+04
1.131620e+02	2.659000e+04
1.132110e+02	2.673500e+04
1.132610e+02	2.673400e+04
1.133110e+02	2.722500e+04
1.133620e+02	2.685400e+04
1.134120e+02	2.716600e+04
1.134620e+02	2.700000e+04
1.135120e+02	2.674600e+04
1.135620e+02	2.678900e+04
1.136120e+02	2.570500e+04
1.136630e+02	2.626600e+04
1.137120e+02	2.605500e+04
1.137630e+02	2.634500e+04
1.138130e+02	2.627000e+04
1.138620e+02	2.665400e+04
1.139130e+02	2.653300e+04
1.139630e+02	2.678000e+04
1.140120e+02	2.661100e+04
1.140630e+02	2.663900e+04
1.141130e+02	2.649600e+04
1.141630e+02	2.710300e+04
1.142130e+02	2.668100e+04
1.142630e+02	2.705200e+04
1.143140e+02	2.671000e+04
1.143630e+02	2.669500e+04
1.144130e+02	2.678800e+04
1.144640e+02	2.658200e+04
1.145140e+02	2.702000e+04
1.145640e+02	2.620900e+04
1.146140e+02	2.633100e+04
1.146640e+02	2.572100e+04
1.147140e+02	2.637800e+04
1.147640e+02	2.628300e+04
1.148140e+02	2.642000e+04
1.148640e+02	2.640100e+04
1.149150e+02	2.628200e+04
1.149650e+02	2.642900e+04
1.150140e+02	2.670800e+04
1.150640e+02	2.661800e+04
1.151140e+02	2.665600e+04
1.151650e+02	2.669300e+04
1.152150e+02	2.679300e+04
1.152650e+02	2.690800e+04
1.153150e+02	2.671100e+04
1.153660e+02	2.679400e+04
1.154150e+02	2.669200e+04
1.154660e+02	2.686000e+04
1.155160e+02	2.675100e+04
1.155660e+02	2.640600e+04
1.156160e+02	2.579000e+04
1.156660e+02	2.615800e+04
1.157160e+02	2.598100e+04
1.157660e+02	2.627500e+04
1.158160e+02	2.625000e+04
1.158670e+02	2.657900e+04
1.159170e+02	2.643800e+04
1.159670e+02	2.664200e+04
1.160170e+02	2.648500e+04
1.160660e+02	2.653300e+04
1.161160e+02	2.670000e+04
1.161670e+02	2.648900e+04
1.162160e+02	2.644400e+04
1.162670e+02	2.669400e+04
1.163170e+02	2.675300e+04
1.163670e+02	2.685100e+04
1.164180e+02	2.674000e+04
1.164680e+02	2.681300e+04
1.165180e+02	2.682800e+04
1.165680e+02	2.618200e+04
1.166180e+02	2.605100e+04
1.166680e+02	2.595500e+04
1.167170e+02	2.643700e+04
1.167690e+02	2.596100e+04
1.168180e+02	2.601200e+04
1.168680e+02	2.642000e+04
1.169180e+02	2.612200e+04
1.169680e+02	2.693600e+04
1.170190e+02	2.687000e+04
1.170690e+02	2.699500e+04
1.171190e+02	2.674200e+04
1.171680e+02	2.693300e+04
1.172180e+02	2.683600e+04
1.172690e+02	2.702900e+04
1.173190e+02	2.690300e+04
1.173690e+02	2.678500e+04
1.174190e+02	2.660300e+04
1.174690e+02	2.670500e+04
1.175190e+02	2.691400e+04
1.175700e+02	2.635700e+04
1.176200e+02	2.601100e+04
1.176700e+02	2.610500e+04
1.177200e+02	2.603100e+04
1.177700e+02	2.624700e+04
1.178200e+02	2.650400e+04
1.178700e+02	2.642800e+04
1.179200e+02	2.670100e+04
1.179710e+02	2.619100e+04
1.180200e+02	2.637000e+04
1.180700e+02	2.631400e+04
1.181210e+02	2.680000e+04
1.181710e+02	2.666200e+04
1.182210e+02	2.683300e+04
1.182710e+02	2.632200e+04
1.183200e+02	2.694600e+04
1.183710e+02	2.649700e+04
1.184210e+02	2.719000e+04
1.184710e+02	2.676400e+04
1.185210e+02	2.683000e+04
1.185710e+02	2.595800e+04
1.186210e+02	2.585000e+04
1.186710e+02	2.612100e+04
1.187210e+02	2.601400e+04
1.187710e+02	2.645700e+04
1.188210e+02	2.626600e+04
1.188720e+02	2.655100e+04
1.189220e+02	2.639100e+04
1.189720e+02	2.678300e+04
1.190220e+02	2.661700e+04
1.190720e+02	2.656000e+04
1.191220e+02	2.649200e+04
1.191730e+02	2.658600e+04
1.192230e+02	2.670400e+04
1.192720e+02	2.700700e+04
1.193230e+02	2.651200e+04
1.193730e+02	2.680700e+04
1.194230e+02	2.645700e+04
1.194730e+02	2.690500e+04
1.195230e+02	2.723200e+04
1.195730e+02	2.602500e+04
1.196230e+02	2.618800e+04
1.196730e+02	2.559900e+04
1.197230e+02	2.655900e+04
1.197730e+02	2.595400e+04
1.198240e+02	2.647300e+04
1.198740e+02	2.629900e+04
1.199240e+02	2.627700e+04
1.199740e+02	2.635800e+04
1.200240e+02	2.640000e+04
1.200740e+02	2.667200e+04
1.201240e+02	2.693400e+04
1.201750e+02	2.655400e+04
1.202250e+02	2.676300e+04
1.202740e+02	2.646600e+04
1.203250e+02	2.685000e+04
1.203750e+02	2.673600e+04
1.204250e+02	2.657300e+04
1.204750e+02	2.685800e+04
1.205250e+02	2.644000e+04
1.205750e+02	2.645200e+04
1.206250e+02	2.575400e+04
1.206750e+02	2.621600e+04
1.207250e+02	2.602500e+04
1.207750e+02	2.620900e+04
1.208250e+02	2.641600e+04
1.208750e+02	2.648400e+04
1.209260e+02	2.678100e+04
1.209760e+02	2.647700e+04
1.210260e+02	2.657300e+04
1.210760e+02	2.648400e+04
1.211260e+02	2.673300e+04
1.211760e+02	2.675700e+04
1.212260e+02	2.681600e+04
1.212760e+02	2.659100e+04
1.213270e+02	2.691100e+04
1.213770e+02	2.646200e+04
1.214260e+02	2.706500e+04
1.214770e+02	2.672600e+04
1.215270e+02	2.678700e+04
1.215770e+02	2.585900e+04
1.216270e+02	2.573700e+04
1.216770e+02	2.605900e+04
1.217270e+02	2.597700e+04
1.217770e+02	2.672200e+04
1.218270e+02	2.641200e+04
1.218770e+02	2.647300e+04
1.219270e+02	2.640200e+04
1.219780e+02	2.649800e+04
1.220280e+02	2.694300e+04
1.220780e+02	2.670100e+04
1.221280e+02	2.669700e+04
1.221780e+02	2.633000e+04
1.222290e+02	2.638300e+04
1.222790e+02	2.691500e+04
1.223280e+02	2.679700e+04
1.223780e+02	2.680700e+04
1.224290e+02	2.684700e+04
1.224780e+02	2.672200e+04
1.225290e+02	2.664000e+04
1.225790e+02	2.604100e+04
1.226280e+02	2.641100e+04
1.226790e+02	2.575900e+04
1.227290e+02	2.631300e+04
1.227800e+02	2.585300e+04
1.228300e+02	2.636000e+04
1.228800e+02	2.660100e+04
1.229290e+02	2.658900e+04
1.229790e+02	2.642100e+04
1.230290e+02	2.662200e+04
1.230790e+02	2.658300e+04
1.231300e+02	2.685000e+04
1.231800e+02	2.681100e+04
1.232300e+02	2.718400e+04
1.232800e+02	2.644600e+04
1.233300e+02	2.675800e+04
1.233800e+02	2.653800e+04
1.234300e+02	2.678000e+04
1.234810e+02	2.713000e+04
1.235300e+02	2.684200e+04
1.235810e+02	2.623400e+04
1.236310e+02	2.587800e+04
1.236810e+02	2.606400e+04
1.237310e+02	2.640000e+04
1.237810e+02	2.663800e+04
1.238320e+02	2.653200e+04
1.238810e+02	2.646100e+04
1.239320e+02	2.622300e+04
1.239810e+02	2.647400e+04
1.240320e+02	2.650000e+04
1.240820e+02	2.690100e+04
1.241310e+02	2.654500e+04
1.241820e+02	2.688600e+04
1.242310e+02	2.678800e+04
1.242820e+02	2.679100e+04
1.243320e+02	2.709400e+04
1.243820e+02	2.659600e+04
1.244320e+02	2.713000e+04
1.244830e+02	2.668300e+04
1.245330e+02	2.710500e+04
1.245830e+02	2.595800e+04
1.246330e+02	2.637500e+04
1.246830e+02	2.591800e+04
1.247330e+02	2.621500e+04
1.247830e+02	2.639000e+04
1.248330e+02	2.652500e+04
1.248840e+02	2.640300e+04
1.249330e+02	2.642600e+04
1.249830e+02	2.640600e+04
1.250330e+02	2.674700e+04
1.250830e+02	2.659500e+04
1.251330e+02	2.655700e+04
1.251840e+02	2.657600e+04
1.252330e+02	2.671800e+04
1.252840e+02	2.696700e+04
1.253340e+02	2.697300e+04
1.253840e+02	2.692200e+04
1.254340e+02	2.685300e+04
1.254840e+02	2.691800e+04
1.255340e+02	2.673300e+04
1.255850e+02	2.681700e+04
1.256340e+02	2.677700e+04
1.256850e+02	2.698800e+04
1.257350e+02	2.700400e+04
1.257840e+02	2.689500e+04
