0.000000e+00	3.376820e+05
5.000000e-02	3.373950e+05
1.000000e-01	3.379260e+05
1.490000e-01	3.355900e+05
2.000000e-01	3.372040e+05
2.500000e-01	3.369080e+05
3.010000e-01	3.385360e+05
3.500000e-01	3.375470e+05
4.000000e-01	3.373660e+05
4.500000e-01	3.369390e+05
5.010000e-01	3.382280e+05
5.500000e-01	3.369730e+05
6.010000e-01	3.384710e+05
6.510000e-01	3.395570e+05
7.010000e-01	3.380840e+05
7.510000e-01	3.379850e+05
8.010000e-01	3.413710e+05
8.510000e-01	3.403130e+05
9.010000e-01	3.387240e+05
9.510000e-01	3.406030e+05
1.002000e+00	3.373370e+05
1.052000e+00	3.386860e+05
1.102000e+00	3.377650e+05
1.152000e+00	3.386390e+05
1.202000e+00	3.389380e+05
1.251000e+00	3.397470e+05
1.301000e+00	3.380750e+05
1.352000e+00	3.379190e+05
1.402000e+00	3.384780e+05
1.452000e+00	3.401820e+05
1.502000e+00	3.392740e+05
1.552000e+00	3.385370e+05
1.602000e+00	3.393900e+05
1.653000e+00	3.396890e+05
1.703000e+00	3.395810e+05
1.752000e+00	3.392850e+05
1.803000e+00	3.394180e+05
1.853000e+00	3.391920e+05
1.903000e+00	3.394050e+05
1.980000e+00	3.386130e+05
2.004000e+00	3.408960e+05
2.053000e+00	3.396220e+05
2.103000e+00	3.402050e+05
2.154000e+00	3.388580e+05
2.204000e+00	3.401790e+05
2.254000e+00	3.405800e+05
2.304000e+00	3.401060e+05
2.354000e+00	3.396320e+05
2.404000e+00	3.386960e+05
2.453000e+00	3.465690e+05
2.504000e+00	3.458870e+05
2.554000e+00	3.454610e+05
2.604000e+00	3.446090e+05
2.654000e+00	3.444890e+05
2.705000e+00	3.421160e+05
2.755000e+00	3.420890e+05
2.805000e+00	3.418570e+05
2.855000e+00	3.419350e+05
2.905000e+00	3.408580e+05
2.956000e+00	3.412870e+05
3.005000e+00	3.389050e+05
3.055000e+00	3.403080e+05
3.106000e+00	3.398890e+05
3.156000e+00	3.406060e+05
3.205000e+00	3.391000e+05
3.255000e+00	3.391920e+05
3.306000e+00	3.395970e+05
3.356000e+00	3.393380e+05
3.406000e+00	3.398180e+05
3.456000e+00	3.457540e+05
3.506000e+00	3.459830e+05
3.556000e+00	3.433830e+05
3.607000e+00	3.424370e+05
3.656000e+00	3.417850e+05
3.706000e+00	3.421010e+05
3.756000e+00	3.411000e+05
3.806000e+00	3.398650e+05
3.857000e+00	3.403120e+05
3.907000e+00	3.386140e+05
3.957000e+00	3.394150e+05
4.007000e+00	3.379870e+05
4.057000e+00	3.383310e+05
4.107000e+00	3.372700e+05
4.157000e+00	3.378190e+05
4.207000e+00	3.367800e+05
4.257000e+00	3.383870e+05
4.307000e+00	3.372340e+05
4.357000e+00	3.377850e+05
4.407000e+00	3.357290e+05
4.458000e+00	3.443270e+05
4.507000e+00	3.418510e+05
4.558000e+00	3.429330e+05
4.608000e+00	3.410430e+05
4.658000e+00	3.408620e+05
4.709000e+00	3.401360e+05
4.758000e+00	3.385340e+05
4.809000e+00	3.394320e+05
4.858000e+00	3.393020e+05
4.909000e+00	3.379190e+05
4.959000e+00	3.375730e+05
5.009000e+00	3.370320e+05
5.059000e+00	3.375250e+05
5.109000e+00	3.368450e+05
5.159000e+00	3.364450e+05
5.209000e+00	3.364900e+05
5.259000e+00	3.358320e+05
5.309000e+00	3.373860e+05
5.359000e+00	3.365110e+05
5.410000e+00	3.379260e+05
5.460000e+00	3.433760e+05
5.510000e+00	3.421870e+05
5.560000e+00	3.415010e+05
5.610000e+00	3.410490e+05
5.660000e+00	3.406650e+05
5.710000e+00	3.385710e+05
5.761000e+00	3.390440e+05
5.810000e+00	3.371810e+05
5.860000e+00	3.372790e+05
5.911000e+00	3.373260e+05
5.961000e+00	3.376020e+05
6.011000e+00	3.361800e+05
6.061000e+00	3.367560e+05
6.111000e+00	3.359870e+05
6.161000e+00	3.373880e+05
6.212000e+00	3.366730e+05
6.261000e+00	3.372250e+05
6.312000e+00	3.358590e+05
6.362000e+00	3.359790e+05
6.411000e+00	3.364610e+05
6.461000e+00	3.429600e+05
6.511000e+00	3.426470e+05
6.562000e+00	3.400610e+05
6.612000e+00	3.389810e+05
6.662000e+00	3.384990e+05
6.712000e+00	3.388850e+05
6.762000e+00	3.368590e+05
6.812000e+00	3.386780e+05
6.862000e+00	3.356540e+05
6.912000e+00	3.370370e+05
6.962000e+00	3.355350e+05
7.012000e+00	3.366190e+05
7.062000e+00	3.359710e+05
7.112000e+00	3.353230e+05
7.162000e+00	3.354030e+05
7.213000e+00	3.353610e+05
7.263000e+00	3.359930e+05
7.313000e+00	3.364630e+05
7.363000e+00	3.352410e+05
7.413000e+00	3.369190e+05
7.463000e+00	3.408850e+05
7.513000e+00	3.411410e+05
7.563000e+00	3.401310e+05
7.614000e+00	3.391170e+05
7.664000e+00	3.398310e+05
7.714000e+00	3.369920e+05
7.765000e+00	3.375830e+05
7.814000e+00	3.363120e+05
7.864000e+00	3.372450e+05
7.914000e+00	3.361880e+05
7.964000e+00	3.354340e+05
8.014000e+00	3.386800e+05
8.064000e+00	3.362140e+05
8.114000e+00	3.352570e+05
8.165000e+00	3.348760e+05
8.214000e+00	3.352560e+05
8.264000e+00	3.345340e+05
8.315000e+00	3.346930e+05
8.366000e+00	3.332420e+05
8.415000e+00	3.362270e+05
8.465000e+00	3.406120e+05
8.515000e+00	3.409560e+05
8.565000e+00	3.380920e+05
8.616000e+00	3.381050e+05
8.665000e+00	3.371120e+05
8.715000e+00	3.378970e+05
8.766000e+00	3.353110e+05
8.815000e+00	3.355620e+05
8.866000e+00	3.355010e+05
8.917000e+00	3.347180e+05
8.967000e+00	3.339140e+05
9.016000e+00	3.343530e+05
9.066000e+00	3.345250e+05
9.116000e+00	3.342150e+05
9.167000e+00	3.335460e+05
9.217000e+00	3.335260e+05
9.267000e+00	3.342900e+05
9.317000e+00	3.332100e+05
9.367000e+00	3.338730e+05
9.418000e+00	3.341140e+05
9.467000e+00	3.412140e+05
9.517000e+00	3.378670e+05
9.568000e+00	3.388700e+05
9.617000e+00	3.367070e+05
9.668000e+00	3.362800e+05
9.718000e+00	3.357540e+05
9.768000e+00	3.345990e+05
9.817000e+00	3.344460e+05
9.868000e+00	3.350840e+05
9.918000e+00	3.343390e+05
9.968000e+00	3.339170e+05
1.001900e+01	3.321300e+05
1.006800e+01	3.332920e+05
1.011800e+01	3.343660e+05
1.016900e+01	3.330610e+05
1.021800e+01	3.336310e+05
1.026900e+01	3.317060e+05
1.031900e+01	3.331000e+05
1.036900e+01	3.329280e+05
1.041900e+01	3.346260e+05
1.046900e+01	3.396620e+05
1.051900e+01	3.381650e+05
1.056900e+01	3.372350e+05
1.061900e+01	3.357780e+05
1.067000e+01	3.351070e+05
1.071900e+01	3.342290e+05
1.077000e+01	3.343450e+05
1.082000e+01	3.339920e+05
1.087000e+01	3.333830e+05
1.092000e+01	3.330600e+05
1.097000e+01	3.328610e+05
1.102100e+01	3.317150e+05
1.107000e+01	3.336200e+05
1.112000e+01	3.317600e+05
1.117100e+01	3.326260e+05
1.122100e+01	3.311000e+05
1.127000e+01	3.330780e+05
1.132000e+01	3.322820e+05
1.137100e+01	3.310900e+05
1.142100e+01	3.333040e+05
1.147100e+01	3.383030e+05
1.152100e+01	3.373250e+05
1.157100e+01	3.360430e+05
1.162100e+01	3.350240e+05
1.167100e+01	3.346620e+05
1.172100e+01	3.340830e+05
1.177100e+01	3.318450e+05
1.182200e+01	3.332570e+05
1.187200e+01	3.324780e+05
1.192200e+01	3.331070e+05
1.197100e+01	3.308580e+05
1.202200e+01	3.324460e+05
1.207200e+01	3.309200e+05
1.212200e+01	3.315160e+05
1.217200e+01	3.306700e+05
1.222300e+01	3.308860e+05
1.227300e+01	3.310530e+05
1.232200e+01	3.308260e+05
1.237300e+01	3.301930e+05
1.242300e+01	3.320940e+05
1.247300e+01	3.375290e+05
1.252300e+01	3.359800e+05
1.257300e+01	3.347430e+05
1.262300e+01	3.330400e+05
1.267400e+01	3.347430e+05
1.272300e+01	3.317200e+05
1.277300e+01	3.322240e+05
1.282300e+01	3.310420e+05
1.287300e+01	3.315980e+05
1.292400e+01	3.304500e+05
1.297400e+01	3.302990e+05
1.302400e+01	3.290960e+05
1.307300e+01	3.301420e+05
1.312400e+01	3.299330e+05
1.317500e+01	3.302040e+05
1.322500e+01	3.297860e+05
1.327400e+01	3.300380e+05
1.332400e+01	3.296170e+05
1.337500e+01	3.281810e+05
1.342400e+01	3.317940e+05
1.347400e+01	3.366010e+05
1.352400e+01	3.353700e+05
1.357500e+01	3.332660e+05
1.362500e+01	3.327120e+05
1.367500e+01	3.315430e+05
1.372500e+01	3.319570e+05
1.377500e+01	3.305110e+05
1.382500e+01	3.311930e+05
1.387600e+01	3.298940e+05
1.392600e+01	3.292620e+05
1.397600e+01	3.288600e+05
1.402600e+01	3.286050e+05
1.407600e+01	3.288040e+05
1.412600e+01	3.277950e+05
1.417600e+01	3.287310e+05
1.422600e+01	3.274620e+05
1.427600e+01	3.290920e+05
1.432600e+01	3.277710e+05
1.437600e+01	3.281490e+05
1.442600e+01	3.304680e+05
1.447600e+01	3.351920e+05
1.452700e+01	3.334890e+05
1.457700e+01	3.328140e+05
1.462700e+01	3.309630e+05
1.467700e+01	3.311070e+05
1.472700e+01	3.296890e+05
1.477800e+01	3.291520e+05
1.482700e+01	3.300180e+05
1.487700e+01	3.284520e+05
1.492700e+01	3.296310e+05
1.497700e+01	3.265780e+05
1.502700e+01	3.285890e+05
1.507800e+01	3.272960e+05
1.512800e+01	3.293940e+05
1.517800e+01	3.268610e+05
1.522800e+01	3.280760e+05
1.527800e+01	3.263440e+05
1.532800e+01	3.277590e+05
1.537800e+01	3.264420e+05
1.542900e+01	3.297820e+05
1.547800e+01	3.343730e+05
1.552900e+01	3.326980e+05
1.557900e+01	3.316240e+05
1.562800e+01	3.299180e+05
1.567900e+01	3.308870e+05
1.572900e+01	3.284920e+05
1.577900e+01	3.293750e+05
1.583000e+01	3.271490e+05
1.587900e+01	3.278520e+05
1.592900e+01	3.261290e+05
1.597900e+01	3.281400e+05
1.603000e+01	3.259930e+05
1.608000e+01	3.283760e+05
1.613000e+01	3.258300e+05
1.618000e+01	3.263280e+05
1.623000e+01	3.258620e+05
1.628000e+01	3.282790e+05
1.633000e+01	3.266340e+05
1.638000e+01	3.261540e+05
1.643000e+01	3.293730e+05
1.648000e+01	3.331490e+05
1.653000e+01	3.310250e+05
1.661600e+01	3.302090e+05
1.663200e+01	3.291880e+05
1.668100e+01	3.276540e+05
1.673100e+01	3.276880e+05
1.678100e+01	3.255800e+05
1.683100e+01	3.265880e+05
1.688100e+01	3.264650e+05
1.693100e+01	3.267100e+05
1.698100e+01	3.238150e+05
1.703100e+01	3.254040e+05
1.708100e+01	3.249410e+05
1.713200e+01	3.251410e+05
1.718200e+01	3.247020e+05
1.723200e+01	3.240950e+05
1.728200e+01	3.244140e+05
1.733200e+01	3.239740e+05
1.738200e+01	3.243770e+05
1.743200e+01	3.275950e+05
1.748200e+01	3.337010e+05
1.753200e+01	3.324330e+05
1.758200e+01	3.291810e+05
1.763200e+01	3.282370e+05
1.768200e+01	3.275760e+05
1.773300e+01	3.260230e+05
1.778200e+01	3.267330e+05
1.783300e+01	3.246950e+05
1.788300e+01	3.252420e+05
1.793300e+01	3.245420e+05
1.798300e+01	3.250530e+05
1.803300e+01	3.225590e+05
1.808300e+01	3.240500e+05
1.813300e+01	3.237760e+05
1.818300e+01	3.234650e+05
1.823400e+01	3.240010e+05
1.828400e+01	3.228920e+05
1.833300e+01	3.237690e+05
1.838400e+01	3.227250e+05
1.843400e+01	3.280520e+05
1.848400e+01	3.299710e+05
1.853400e+01	3.299110e+05
1.858500e+01	3.271760e+05
1.863500e+01	3.262110e+05
1.868400e+01	3.259230e+05
1.873400e+01	3.263600e+05
1.878500e+01	3.242200e+05
1.883400e+01	3.254380e+05
1.888400e+01	3.229950e+05
1.893500e+01	3.233760e+05
1.898500e+01	3.223340e+05
1.903500e+01	3.218920e+05
1.908500e+01	3.234850e+05
1.913500e+01	3.225650e+05
1.918500e+01	3.228640e+05
1.923500e+01	3.217080e+05
1.928600e+01	3.217200e+05
1.933600e+01	3.220800e+05
1.938700e+01	3.221190e+05
1.943500e+01	3.277270e+05
1.948600e+01	3.296570e+05
1.953600e+01	3.269890e+05
1.958700e+01	3.270270e+05
1.963600e+01	3.259640e+05
1.968700e+01	3.262480e+05
1.973700e+01	3.242420e+05
1.978600e+01	3.227830e+05
1.983700e+01	3.242600e+05
1.988700e+01	3.229820e+05
1.993700e+01	3.239030e+05
1.998600e+01	3.222630e+05
2.003700e+01	3.219780e+05
2.008700e+01	3.206820e+05
2.013700e+01	3.219100e+05
2.018700e+01	3.213550e+05
2.023700e+01	3.225010e+05
2.028800e+01	3.213350e+05
2.033700e+01	3.214260e+05
2.038800e+01	3.199770e+05
2.043700e+01	3.275820e+05
2.048800e+01	3.292330e+05
2.053800e+01	3.279370e+05
2.058800e+01	3.256730e+05
2.063900e+01	3.240240e+05
2.068800e+01	3.252230e+05
2.073900e+01	3.234420e+05
2.078900e+01	3.244120e+05
2.083800e+01	3.219590e+05
2.088800e+01	3.227120e+05
2.093800e+01	3.208400e+05
2.098900e+01	3.221920e+05
2.103900e+01	3.210770e+05
2.108900e+01	3.218650e+05
2.113900e+01	3.205020e+05
2.118900e+01	3.205300e+05
2.123900e+01	3.196280e+05
2.128900e+01	3.207400e+05
2.133900e+01	3.201540e+05
2.138900e+01	3.214650e+05
2.144000e+01	3.266370e+05
2.149000e+01	3.276300e+05
2.154000e+01	3.268420e+05
2.159000e+01	3.245280e+05
2.164100e+01	3.255750e+05
2.169000e+01	3.224660e+05
2.174000e+01	3.237380e+05
2.179100e+01	3.219060e+05
2.184100e+01	3.227790e+05
2.189100e+01	3.216920e+05
2.194000e+01	3.219100e+05
2.199100e+01	3.198500e+05
2.204100e+01	3.202840e+05
2.209100e+01	3.198000e+05
2.214100e+01	3.215990e+05
2.219100e+01	3.199870e+05
2.224100e+01	3.207990e+05
2.229100e+01	3.200740e+05
2.234200e+01	3.191180e+05
2.239200e+01	3.198650e+05
2.244100e+01	3.269510e+05
2.249100e+01	3.287850e+05
2.254200e+01	3.254710e+05
2.259200e+01	3.265770e+05
2.264200e+01	3.235330e+05
2.269200e+01	3.241090e+05
2.274200e+01	3.231640e+05
2.279200e+01	3.228250e+05
2.284200e+01	3.214480e+05
2.289300e+01	3.211810e+05
2.294200e+01	3.209490e+05
2.299300e+01	3.206740e+05
2.304200e+01	3.207680e+05
2.309200e+01	3.197810e+05
2.314200e+01	3.200860e+05
2.319200e+01	3.191070e+05
2.324300e+01	3.192760e+05
2.329300e+01	3.200840e+05
2.334300e+01	3.207970e+05
2.339300e+01	3.186710e+05
2.344300e+01	3.273340e+05
2.349300e+01	3.268110e+05
2.354300e+01	3.270970e+05
2.359300e+01	3.253100e+05
2.364400e+01	3.244890e+05
2.369400e+01	3.226980e+05
2.374400e+01	3.223990e+05
2.379400e+01	3.226900e+05
2.384400e+01	3.218170e+05
2.389500e+01	3.215580e+05
2.394500e+01	3.212110e+05
2.399400e+01	3.198980e+05
2.404400e+01	3.198030e+05
2.409400e+01	3.206000e+05
2.414500e+01	3.190860e+05
2.419500e+01	3.200790e+05
2.424500e+01	3.186290e+05
2.429500e+01	3.201000e+05
2.434500e+01	3.194470e+05
2.439500e+01	3.226120e+05
2.444500e+01	3.276180e+05
2.449500e+01	3.284940e+05
2.454500e+01	3.254320e+05
2.459500e+01	3.251090e+05
2.464500e+01	3.241550e+05
2.469600e+01	3.244000e+05
2.474600e+01	3.226880e+05
2.479600e+01	3.219340e+05
2.484600e+01	3.210060e+05
2.489500e+01	3.210080e+05
2.494600e+01	3.221310e+05
2.499600e+01	3.198590e+05
2.504600e+01	3.203770e+05
2.509600e+01	3.190710e+05
2.514600e+01	3.201080e+05
2.519700e+01	3.198120e+05
2.524700e+01	3.197030e+05
2.529700e+01	3.196100e+05
2.534700e+01	3.189930e+05
2.539700e+01	3.189120e+05
2.544700e+01	3.277330e+05
2.549700e+01	3.286350e+05
2.554700e+01	3.279990e+05
2.559800e+01	3.252500e+05
2.564800e+01	3.237820e+05
2.569800e+01	3.234340e+05
2.574800e+01	3.231150e+05
2.579800e+01	3.229060e+05
2.584700e+01	3.215300e+05
2.589800e+01	3.219630e+05
2.594700e+01	3.204190e+05
2.599800e+01	3.206560e+05
2.604800e+01	3.199160e+05
2.609800e+01	3.215310e+05
2.614800e+01	3.201230e+05
2.619900e+01	3.214270e+05
2.624900e+01	3.191660e+05
2.629900e+01	3.194890e+05
2.634800e+01	3.211020e+05
2.639900e+01	3.207800e+05
2.644900e+01	3.283140e+05
2.649900e+01	3.287770e+05
2.654900e+01	3.273040e+05
2.659900e+01	3.252880e+05
2.665000e+01	3.260620e+05
2.669900e+01	3.241910e+05
2.675000e+01	3.233380e+05
2.680000e+01	3.224090e+05
2.685000e+01	3.224430e+05
2.690000e+01	3.222460e+05
2.695000e+01	3.224340e+05
2.700000e+01	3.206510e+05
2.705100e+01	3.206900e+05
2.710000e+01	3.211390e+05
2.715000e+01	3.201080e+05
2.720000e+01	3.216240e+05
2.725000e+01	3.194890e+05
2.730000e+01	3.206780e+05
2.735100e+01	3.200250e+05
2.740100e+01	3.211360e+05
2.745100e+01	3.294830e+05
2.750100e+01	3.287620e+05
2.755100e+01	3.284570e+05
2.760100e+01	3.270860e+05
2.765100e+01	3.248530e+05
2.770100e+01	3.250500e+05
2.775200e+01	3.239660e+05
2.780100e+01	3.237570e+05
2.785100e+01	3.227950e+05
2.790200e+01	3.222540e+05
2.795200e+01	3.226430e+05
2.800200e+01	3.214430e+05
2.805200e+01	3.222470e+05
2.810200e+01	3.213480e+05
2.815200e+01	3.208540e+05
2.820200e+01	3.200620e+05
2.825200e+01	3.211660e+05
2.830200e+01	3.203800e+05
2.835300e+01	3.215510e+05
2.840200e+01	3.205490e+05
2.845200e+01	3.313080e+05
2.850300e+01	3.284880e+05
2.855300e+01	3.288020e+05
2.860300e+01	3.273310e+05
2.865300e+01	3.258370e+05
2.870300e+01	3.249580e+05
2.875400e+01	3.246670e+05
2.880300e+01	3.237930e+05
2.885300e+01	3.233040e+05
2.890400e+01	3.241040e+05
2.895400e+01	3.222170e+05
2.900300e+01	3.226080e+05
2.905400e+01	3.210000e+05
2.910400e+01	3.228060e+05
2.915400e+01	3.216590e+05
2.920400e+01	3.227500e+05
2.925400e+01	3.203750e+05
2.930400e+01	3.214670e+05
2.935500e+01	3.211400e+05
2.940500e+01	3.237480e+05
2.945400e+01	3.308200e+05
2.950500e+01	3.315070e+05
2.955500e+01	3.280210e+05
2.960500e+01	3.286330e+05
2.965500e+01	3.260860e+05
2.970500e+01	3.273060e+05
2.975500e+01	3.259800e+05
2.980500e+01	3.253720e+05
2.985600e+01	3.246830e+05
2.990500e+01	3.219760e+05
2.995600e+01	3.244490e+05
3.000600e+01	3.228850e+05
3.005500e+01	3.236180e+05
3.010600e+01	3.214080e+05
3.015600e+01	3.226590e+05
3.020600e+01	3.215030e+05
3.025600e+01	3.234740e+05
3.031100e+01	3.222080e+05
3.035600e+01	3.231500e+05
3.040600e+01	3.231280e+05
3.045600e+01	3.330410e+05
3.050700e+01	3.312150e+05
3.055700e+01	3.310500e+05
3.060700e+01	3.287090e+05
3.065600e+01	3.270380e+05
3.070700e+01	3.270100e+05
3.075700e+01	3.264610e+05
3.080700e+01	3.265220e+05
3.085700e+01	3.243030e+05
3.090700e+01	3.255620e+05
3.095700e+01	3.238230e+05
3.100700e+01	3.248780e+05
3.105700e+01	3.234320e+05
3.110700e+01	3.243590e+05
3.115800e+01	3.236220e+05
3.120800e+01	3.232750e+05
3.125800e+01	3.230900e+05
3.130700e+01	3.231220e+05
3.135800e+01	3.235010e+05
3.140800e+01	3.266860e+05
3.145900e+01	3.329750e+05
3.150800e+01	3.326630e+05
3.155900e+01	3.312440e+05
3.160900e+01	3.298490e+05
3.165900e+01	3.296990e+05
3.170800e+01	3.274000e+05
3.175900e+01	3.286840e+05
3.180900e+01	3.260720e+05
3.185900e+01	3.269980e+05
3.190900e+01	3.258320e+05
3.195900e+01	3.264310e+05
3.200900e+01	3.250130e+05
3.205900e+01	3.253070e+05
3.211000e+01	3.247440e+05
3.215900e+01	3.253820e+05
3.221000e+01	3.238970e+05
3.226000e+01	3.242180e+05
3.231000e+01	3.246750e+05
3.236000e+01	3.244970e+05
3.241000e+01	3.278470e+05
3.246000e+01	3.341120e+05
3.251000e+01	3.333540e+05
3.256000e+01	3.323350e+05
3.261100e+01	3.312970e+05
3.269800e+01	3.299550e+05
3.271000e+01	3.294750e+05
3.276100e+01	3.285200e+05
3.281000e+01	3.291920e+05
3.286100e+01	3.269110e+05
3.291100e+01	3.278150e+05
3.296100e+01	3.275160e+05
3.301100e+01	3.258660e+05
3.306100e+01	3.258880e+05
3.311100e+01	3.262850e+05
3.316200e+01	3.262370e+05
3.321100e+01	3.265280e+05
3.326100e+01	3.256140e+05
3.331200e+01	3.252200e+05
3.336100e+01	3.262880e+05
3.341100e+01	3.282710e+05
3.346200e+01	3.365950e+05
3.351200e+01	3.345570e+05
3.356200e+01	3.336420e+05
3.361200e+01	3.318080e+05
3.366200e+01	3.315250e+05
3.371200e+01	3.307720e+05
3.376200e+01	3.302340e+05
3.381200e+01	3.302340e+05
3.387000e+01	3.296120e+05
3.391300e+01	3.286190e+05
3.396300e+01	3.285750e+05
3.401300e+01	3.288360e+05
3.406300e+01	3.267690e+05
3.411300e+01	3.284280e+05
3.416300e+01	3.272400e+05
3.421300e+01	3.280800e+05
3.426400e+01	3.266570e+05
3.431300e+01	3.266290e+05
3.436400e+01	3.262250e+05
3.441400e+01	3.306060e+05
3.446400e+01	3.368160e+05
3.451300e+01	3.361870e+05
3.456400e+01	3.349500e+05
3.461400e+01	3.338480e+05
3.466500e+01	3.321300e+05
3.471400e+01	3.324260e+05
3.476400e+01	3.315020e+05
3.481500e+01	3.305360e+05
3.486400e+01	3.306730e+05
3.491400e+01	3.289450e+05
3.496500e+01	3.304040e+05
3.501500e+01	3.275510e+05
3.509100e+01	3.293800e+05
3.524500e+01	3.272960e+05
3.530500e+01	3.285730e+05
3.531700e+01	3.287810e+05
3.536500e+01	3.290240e+05
3.541500e+01	3.309530e+05
3.546600e+01	3.384680e+05
3.551600e+01	3.367300e+05
3.556600e+01	3.372250e+05
3.561600e+01	3.351460e+05
3.566700e+01	3.339440e+05
3.571600e+01	3.329230e+05
3.576700e+01	3.316820e+05
3.581600e+01	3.326220e+05
3.586700e+01	3.311440e+05
3.591600e+01	3.321890e+05
3.596700e+01	3.304290e+05
3.601700e+01	3.294740e+05
3.606700e+01	3.295430e+05
3.611700e+01	3.304330e+05
3.616700e+01	3.302860e+05
3.621700e+01	3.298210e+05
3.626700e+01	3.282370e+05
3.631700e+01	3.282440e+05
3.636700e+01	3.290880e+05
3.641800e+01	3.336000e+05
3.646800e+01	3.401010e+05
3.651800e+01	3.387920e+05
3.656800e+01	3.374570e+05
3.661800e+01	3.349170e+05
3.666800e+01	3.350470e+05
3.671800e+01	3.341170e+05
3.676800e+01	3.343380e+05
3.681800e+01	3.321380e+05
3.686900e+01	3.319820e+05
3.691800e+01	3.318420e+05
3.696900e+01	3.323600e+05
3.701800e+01	3.311360e+05
3.706900e+01	3.315750e+05
3.711800e+01	3.297320e+05
3.716900e+01	3.316870e+05
3.721900e+01	3.297120e+05
3.727000e+01	3.309800e+05
3.731900e+01	3.305000e+05
3.736900e+01	3.302480e+05
3.742000e+01	3.346220e+05
3.746900e+01	3.410300e+05
3.752000e+01	3.395420e+05
3.757000e+01	3.389940e+05
3.761900e+01	3.371070e+05
3.767000e+01	3.352690e+05
3.772000e+01	3.347650e+05
3.777000e+01	3.347400e+05
3.782000e+01	3.344890e+05
3.787000e+01	3.335250e+05
3.792000e+01	3.324190e+05
3.797100e+01	3.323760e+05
3.802100e+01	3.322770e+05
3.807100e+01	3.317110e+05
3.812100e+01	3.325730e+05
3.817100e+01	3.318690e+05
3.822100e+01	3.319740e+05
3.827100e+01	3.310260e+05
3.832100e+01	3.310470e+05
3.837100e+01	3.315070e+05
3.842200e+01	3.366360e+05
3.847100e+01	3.428600e+05
3.852100e+01	3.394270e+05
3.857200e+01	3.386530e+05
3.862100e+01	3.375560e+05
3.867100e+01	3.371930e+05
3.872100e+01	3.364920e+05
3.877200e+01	3.364150e+05
3.882200e+01	3.350050e+05
3.887200e+01	3.343800e+05
3.892200e+01	3.342300e+05
3.897300e+01	3.343860e+05
3.902200e+01	3.324830e+05
3.907300e+01	3.324440e+05
3.912300e+01	3.321010e+05
3.917300e+01	3.326800e+05
3.922300e+01	3.335060e+05
3.927300e+01	3.320380e+05
3.932200e+01	3.319420e+05
3.937300e+01	3.318610e+05
3.942300e+01	3.377000e+05
3.947300e+01	3.425400e+05
3.952400e+01	3.407390e+05
3.957300e+01	3.404640e+05
3.962400e+01	3.382760e+05
3.967300e+01	3.364520e+05
3.972400e+01	3.367180e+05
3.977400e+01	3.369380e+05
3.982400e+01	3.364000e+05
3.994000e+01	3.349710e+05
3.995200e+01	3.337440e+05
3.997400e+01	3.338930e+05
4.002400e+01	3.340300e+05
4.007400e+01	3.338850e+05
4.012400e+01	3.330080e+05
4.017500e+01	3.336840e+05
4.022500e+01	3.328920e+05
4.027500e+01	3.322610e+05
4.032500e+01	3.329860e+05
4.037500e+01	3.328510e+05
4.042500e+01	3.386940e+05
4.047500e+01	3.427770e+05
4.052500e+01	3.410290e+05
4.057600e+01	3.393540e+05
4.062500e+01	3.399760e+05
4.067600e+01	3.375990e+05
4.072600e+01	3.373320e+05
4.077500e+01	3.360360e+05
4.082600e+01	3.358590e+05
4.087600e+01	3.347370e+05
4.092600e+01	3.355350e+05
4.097600e+01	3.347370e+05
4.102700e+01	3.358700e+05
4.107700e+01	3.333820e+05
4.112600e+01	3.337940e+05
4.117600e+01	3.340250e+05
4.122600e+01	3.336040e+05
4.131900e+01	3.335710e+05
4.133600e+01	3.333120e+05
4.137700e+01	3.338070e+05
4.142800e+01	3.401580e+05
4.147800e+01	3.439280e+05
4.152800e+01	3.413830e+05
4.157800e+01	3.408440e+05
4.162700e+01	3.388700e+05
4.167700e+01	3.384680e+05
4.172800e+01	3.381110e+05
4.177800e+01	3.383720e+05
4.182700e+01	3.358550e+05
4.187800e+01	3.356180e+05
4.192800e+01	3.348460e+05
4.197800e+01	3.354050e+05
4.202800e+01	3.354890e+05
4.207800e+01	3.352860e+05
4.212800e+01	3.351860e+05
4.217900e+01	3.338790e+05
4.222900e+01	3.339190e+05
4.227800e+01	3.333840e+05
4.232900e+01	3.340050e+05
4.237800e+01	3.339280e+05
4.242800e+01	3.400670e+05
4.247900e+01	3.435240e+05
4.252900e+01	3.418830e+05
4.257900e+01	3.413190e+05
4.262900e+01	3.400020e+05
4.267900e+01	3.385850e+05
4.272900e+01	3.390070e+05
4.278000e+01	3.374080e+05
4.282900e+01	3.373410e+05
4.288000e+01	3.369730e+05
4.293000e+01	3.363790e+05
4.297900e+01	3.358630e+05
4.303000e+01	3.339910e+05
4.308100e+01	3.347180e+05
4.313000e+01	3.345400e+05
4.318000e+01	3.360060e+05
4.323000e+01	3.352570e+05
4.328000e+01	3.340460e+05
4.333000e+01	3.330250e+05
4.338100e+01	3.350760e+05
4.343000e+01	3.417410e+05
4.348100e+01	3.452660e+05
4.353100e+01	3.431590e+05
4.358200e+01	3.415960e+05
4.363100e+01	3.399090e+05
4.368200e+01	3.408100e+05
4.373100e+01	3.395920e+05
4.378100e+01	3.388690e+05
4.383100e+01	3.373470e+05
4.388100e+01	3.365880e+05
4.393100e+01	3.362830e+05
4.398200e+01	3.367510e+05
4.403200e+01	3.370620e+05
4.408200e+01	3.354290e+05
4.413200e+01	3.353590e+05
4.418300e+01	3.351540e+05
4.423200e+01	3.354890e+05
4.428200e+01	3.355710e+05
4.433200e+01	3.363570e+05
4.438200e+01	3.345200e+05
4.443200e+01	3.419610e+05
4.448300e+01	3.439610e+05
4.453300e+01	3.435520e+05
4.458300e+01	3.426680e+05
4.463300e+01	3.418350e+05
4.468300e+01	3.394610e+05
4.473400e+01	3.390470e+05
4.478400e+01	3.389820e+05
4.483300e+01	3.379040e+05
4.488300e+01	3.388270e+05
4.493400e+01	3.369130e+05
4.498300e+01	3.372550e+05
4.503400e+01	3.357250e+05
4.508400e+01	3.372680e+05
4.513400e+01	3.357520e+05
4.518300e+01	3.370720e+05
4.523500e+01	3.350340e+05
4.528400e+01	3.365470e+05
4.533500e+01	3.348150e+05
4.538400e+01	3.368190e+05
4.543400e+01	3.421670e+05
4.548400e+01	3.458970e+05
4.553400e+01	3.443240e+05
4.558400e+01	3.417000e+05
4.563500e+01	3.425300e+05
4.568500e+01	3.398980e+05
4.573500e+01	3.406050e+05
4.578500e+01	3.389390e+05
4.583500e+01	3.391920e+05
4.588500e+01	3.377440e+05
4.593500e+01	3.383040e+05
4.598500e+01	3.381150e+05
4.603500e+01	3.382070e+05
4.608600e+01	3.361690e+05
4.613600e+01	3.377970e+05
4.618600e+01	3.363300e+05
4.623600e+01	3.382170e+05
4.628600e+01	3.355920e+05
4.633600e+01	3.370770e+05
4.638700e+01	3.367670e+05
4.643600e+01	3.440590e+05
4.648600e+01	3.467410e+05
4.653600e+01	3.447180e+05
4.658700e+01	3.440290e+05
4.663700e+01	3.427190e+05
4.668700e+01	3.415160e+05
4.673700e+01	3.404820e+05
4.678700e+01	3.403190e+05
4.683700e+01	3.404460e+05
4.688700e+01	3.389910e+05
4.693800e+01	3.379870e+05
4.698800e+01	3.390080e+05
4.703800e+01	3.386040e+05
4.708700e+01	3.381960e+05
4.713800e+01	3.367450e+05
4.718800e+01	3.408630e+05
4.723800e+01	3.377250e+05
4.728800e+01	3.368390e+05
4.733800e+01	3.382740e+05
4.738800e+01	3.378080e+05
4.743900e+01	3.449180e+05
4.748800e+01	3.456900e+05
4.753800e+01	3.448520e+05
4.758900e+01	3.440610e+05
4.763900e+01	3.436660e+05
4.768900e+01	3.444860e+05
4.773900e+01	3.434740e+05
4.778800e+01	3.401330e+05
4.783900e+01	3.409760e+05
4.788900e+01	3.390810e+05
4.793900e+01	3.402870e+05
4.798900e+01	3.381060e+05
4.803900e+01	3.391150e+05
4.808900e+01	3.367680e+05
4.814000e+01	3.380910e+05
4.819000e+01	3.398700e+05
4.823900e+01	3.377200e+05
4.829000e+01	3.386770e+05
4.834000e+01	3.358590e+05
4.839000e+01	3.383810e+05
4.844000e+01	3.459100e+05
4.849000e+01	3.474860e+05
4.854000e+01	3.465340e+05
4.859100e+01	3.440470e+05
4.864100e+01	3.434430e+05
4.869100e+01	3.428030e+05
4.874100e+01	3.415850e+05
4.879100e+01	3.426640e+05
4.884100e+01	3.410540e+05
4.889100e+01	3.400570e+05
4.894100e+01	3.397960e+05
4.899100e+01	3.398790e+05
4.904100e+01	3.404610e+05
4.909100e+01	3.386880e+05
4.914100e+01	3.392130e+05
4.919100e+01	3.383330e+05
4.924100e+01	3.397990e+05
4.929200e+01	3.383910e+05
4.934100e+01	3.393870e+05
4.939200e+01	3.375470e+05
4.944200e+01	3.469010e+05
4.949200e+01	3.473160e+05
4.954200e+01	3.467830e+05
4.959200e+01	3.461470e+05
4.964200e+01	3.447660e+05
4.969300e+01	3.426840e+05
4.974300e+01	3.449170e+05
4.979300e+01	3.429330e+05
4.984200e+01	3.424550e+05
4.989300e+01	3.421840e+05
4.994200e+01	3.402720e+05
4.999300e+01	3.401480e+05
5.004200e+01	3.388860e+05
5.009300e+01	3.403200e+05
5.014300e+01	3.388970e+05
5.019400e+01	3.404830e+05
5.024300e+01	3.386660e+05
5.029400e+01	3.393880e+05
5.034400e+01	3.386170e+05
5.039400e+01	3.400030e+05
5.044300e+01	3.485100e+05
5.049400e+01	3.488320e+05
5.054300e+01	3.465150e+05
5.059400e+01	3.453740e+05
5.064400e+01	3.451210e+05
5.069500e+01	3.430290e+05
5.074400e+01	3.437510e+05
5.079500e+01	3.418580e+05
5.084500e+01	3.427510e+05
5.089500e+01	3.409530e+05
5.094500e+01	3.420940e+05
5.099500e+01	3.406860e+05
5.104400e+01	3.416680e+05
5.109500e+01	3.393780e+05
5.114500e+01	3.402520e+05
5.119600e+01	3.396530e+05
5.124600e+01	3.412550e+05
5.129600e+01	3.399250e+05
5.134500e+01	3.394080e+05
5.139500e+01	3.400250e+05
5.144600e+01	3.469970e+05
5.149600e+01	3.486620e+05
5.154600e+01	3.472370e+05
5.159600e+01	3.462620e+05
5.164600e+01	3.448200e+05
5.169600e+01	3.443560e+05
5.174600e+01	3.428970e+05
5.179600e+01	3.438240e+05
5.184600e+01	3.425290e+05
5.189700e+01	3.431350e+05
5.194700e+01	3.403990e+05
5.199700e+01	3.424200e+05
5.204700e+01	3.409250e+05
5.209600e+01	3.415370e+05
5.214700e+01	3.403690e+05
5.219700e+01	3.414960e+05
5.224800e+01	3.408640e+05
5.229700e+01	3.399230e+05
5.234700e+01	3.405670e+05
5.239800e+01	3.415320e+05
5.244700e+01	3.484250e+05
5.249800e+01	3.487120e+05
5.254800e+01	3.464910e+05
5.259700e+01	3.472570e+05
5.264800e+01	3.464380e+05
5.269900e+01	3.442290e+05
5.274800e+01	3.439630e+05
5.279900e+01	3.433530e+05
5.284800e+01	3.433440e+05
5.289900e+01	3.419390e+05
5.294800e+01	3.425830e+05
5.299800e+01	3.417630e+05
5.304900e+01	3.424210e+05
5.309900e+01	3.418170e+05
5.314900e+01	3.410570e+05
5.319900e+01	3.424720e+05
5.324900e+01	3.406630e+05
5.329900e+01	3.409050e+05
5.334900e+01	3.404380e+05
5.340000e+01	3.417770e+05
5.345000e+01	3.483350e+05
5.350000e+01	3.505230e+05
5.354900e+01	3.474300e+05
5.360000e+01	3.476950e+05
5.365000e+01	3.450510e+05
5.370000e+01	3.458180e+05
5.375000e+01	3.438190e+05
5.380000e+01	3.452470e+05
5.385100e+01	3.431050e+05
5.390000e+01	3.438880e+05
5.395000e+01	3.431280e+05
5.400000e+01	3.417460e+05
5.405000e+01	3.435770e+05
5.410100e+01	3.415870e+05
5.415100e+01	3.415140e+05
5.420100e+01	3.407500e+05
5.425100e+01	3.420890e+05
5.430100e+01	3.417480e+05
5.435100e+01	3.423630e+05
5.440100e+01	3.411890e+05
5.445100e+01	3.499590e+05
5.450200e+01	3.484300e+05
5.455200e+01	3.491020e+05
5.460200e+01	3.469080e+05
5.465100e+01	3.475690e+05
5.470200e+01	3.444380e+05
5.475200e+01	3.447040e+05
5.480200e+01	3.439830e+05
5.485200e+01	3.447370e+05
5.490200e+01	3.443110e+05
5.495200e+01	3.430160e+05
5.500300e+01	3.430760e+05
5.505300e+01	3.412150e+05
5.510200e+01	3.433260e+05
5.515300e+01	3.423420e+05
5.520300e+01	3.437120e+05
5.525300e+01	3.418960e+05
5.530300e+01	3.427060e+05
5.535300e+01	3.416620e+05
5.540300e+01	3.439800e+05
5.545300e+01	3.503710e+05
5.550400e+01	3.504200e+05
5.555300e+01	3.480120e+05
5.560300e+01	3.473410e+05
5.565300e+01	3.466590e+05
5.570400e+01	3.464950e+05
5.575300e+01	3.462060e+05
5.580400e+01	3.447230e+05
5.585400e+01	3.451050e+05
5.590400e+01	3.433340e+05
5.595400e+01	3.440570e+05
5.600500e+01	3.433360e+05
5.605500e+01	3.444930e+05
5.610500e+01	3.427320e+05
5.615500e+01	3.418500e+05
5.620500e+01	3.425800e+05
5.625400e+01	3.426390e+05
5.630500e+01	3.433990e+05
5.635500e+01	3.429350e+05
5.640600e+01	3.434590e+05
5.645400e+01	3.487010e+05
5.650500e+01	3.498370e+05
5.655500e+01	3.485690e+05
5.660500e+01	3.484720e+05
5.665500e+01	3.476820e+05
5.670600e+01	3.459130e+05
5.675600e+01	3.453300e+05
5.680600e+01	3.446550e+05
5.685600e+01	3.439380e+05
5.690600e+01	3.442080e+05
5.695500e+01	3.438650e+05
5.700600e+01	3.434180e+05
5.705600e+01	3.431000e+05
5.710700e+01	3.427860e+05
5.715600e+01	3.439120e+05
5.720700e+01	3.425010e+05
5.725600e+01	3.435340e+05
5.730700e+01	3.419780e+05
5.735700e+01	3.423050e+05
5.740700e+01	3.430510e+05
5.745700e+01	3.505280e+05
5.750700e+01	3.496060e+05
5.755700e+01	3.487100e+05
5.760700e+01	3.478360e+05
5.765700e+01	3.469380e+05
5.770800e+01	3.462440e+05
5.775700e+01	3.456220e+05
5.780800e+01	3.447120e+05
5.785800e+01	3.457990e+05
5.790800e+01	3.440820e+05
5.795800e+01	3.438720e+05
5.800800e+01	3.443210e+05
5.805800e+01	3.438460e+05
5.810800e+01	3.429280e+05
5.815800e+01	3.424330e+05
5.820900e+01	3.444860e+05
5.825800e+01	3.433860e+05
5.830900e+01	3.428740e+05
5.835900e+01	3.423730e+05
5.840900e+01	3.434040e+05
5.845900e+01	3.507790e+05
5.850900e+01	3.502690e+05
5.855900e+01	3.491730e+05
5.861000e+01	3.491450e+05
5.865900e+01	3.465420e+05
5.870900e+01	3.461980e+05
5.876000e+01	3.451840e+05
5.880900e+01	3.462970e+05
5.885900e+01	3.466440e+05
5.891000e+01	3.435120e+05
5.896000e+01	3.452210e+05
5.900900e+01	3.434240e+05
5.905900e+01	3.445670e+05
5.911000e+01	3.444190e+05
5.916000e+01	3.433180e+05
5.921000e+01	3.430040e+05
5.926000e+01	3.433940e+05
5.931000e+01	3.428810e+05
5.936100e+01	3.432890e+05
5.941100e+01	3.433800e+05
5.946100e+01	3.516640e+05
5.951100e+01	3.484330e+05
5.956100e+01	3.484970e+05
5.961100e+01	3.468310e+05
5.966100e+01	3.479150e+05
5.971100e+01	3.465350e+05
5.976100e+01	3.455790e+05
5.981200e+01	3.448060e+05
5.986100e+01	3.441750e+05
5.991200e+01	3.445960e+05
5.996200e+01	3.443040e+05
6.001200e+01	3.435910e+05
6.006200e+01	3.444590e+05
6.011300e+01	3.422320e+05
6.016300e+01	3.425140e+05
6.021200e+01	3.433180e+05
6.026200e+01	3.430910e+05
6.031200e+01	3.429830e+05
6.036200e+01	3.415890e+05
6.041300e+01	3.440230e+05
6.046300e+01	3.495440e+05
6.051300e+01	3.506310e+05
6.056300e+01	3.480230e+05
6.061300e+01	3.462910e+05
6.066300e+01	3.478890e+05
6.071300e+01	3.447890e+05
6.076300e+01	3.462630e+05
6.081300e+01	3.441620e+05
6.086300e+01	3.447160e+05
6.091300e+01	3.419510e+05
6.096300e+01	3.434380e+05
6.101300e+01	3.433980e+05
6.106400e+01	3.441380e+05
6.111400e+01	3.427340e+05
6.116300e+01	3.424740e+05
6.121400e+01	3.414280e+05
6.126400e+01	3.433990e+05
6.131400e+01	3.425740e+05
6.136400e+01	3.425200e+05
6.141400e+01	3.437400e+05
6.146400e+01	3.486770e+05
6.151400e+01	3.486810e+05
6.156500e+01	3.469680e+05
6.161400e+01	3.467670e+05
6.166400e+01	3.466790e+05
6.171500e+01	3.447610e+05
6.176500e+01	3.442410e+05
6.181500e+01	3.444270e+05
6.186500e+01	3.436550e+05
6.191600e+01	3.476950e+05
6.196500e+01	3.417140e+05
6.201600e+01	3.437920e+05
6.206600e+01	3.415120e+05
6.211500e+01	3.423360e+05
6.216600e+01	3.415500e+05
6.221600e+01	3.425120e+05
6.226500e+01	3.418990e+05
6.231600e+01	3.408450e+05
6.236600e+01	3.415420e+05
6.241600e+01	3.431940e+05
6.246600e+01	3.483890e+05
6.251600e+01	3.479960e+05
6.256600e+01	3.467560e+05
6.261700e+01	3.449820e+05
6.266700e+01	3.447440e+05
6.271700e+01	3.441170e+05
6.276600e+01	3.440020e+05
6.281700e+01	3.421390e+05
6.286700e+01	3.435340e+05
6.291700e+01	3.404020e+05
6.296700e+01	3.427240e+05
6.301700e+01	3.409470e+05
6.306700e+01	3.426370e+05
6.311800e+01	3.406540e+05
6.316700e+01	3.404430e+05
6.321800e+01	3.410170e+05
6.326800e+01	3.410960e+05
6.331800e+01	3.419680e+05
6.336700e+01	3.408650e+05
6.341800e+01	3.427950e+05
6.346800e+01	3.458360e+05
6.351800e+01	3.459060e+05
6.356800e+01	3.450540e+05
6.361900e+01	3.456580e+05
6.366800e+01	3.433860e+05
6.371900e+01	3.427190e+05
6.376900e+01	3.421970e+05
6.381900e+01	3.416950e+05
6.386900e+01	3.413840e+05
6.391900e+01	3.425720e+05
6.396900e+01	3.410880e+05
6.401900e+01	3.407220e+05
6.406900e+01	3.401100e+05
6.412000e+01	3.408460e+05
6.417000e+01	3.402410e+05
6.422000e+01	3.394640e+05
6.427000e+01	3.395020e+05
6.432000e+01	3.393780e+05
6.437000e+01	3.397510e+05
6.441900e+01	3.421330e+05
6.447000e+01	3.467810e+05
6.452000e+01	3.446550e+05
6.457000e+01	3.441270e+05
6.462000e+01	3.425370e+05
6.467100e+01	3.428910e+05
6.472100e+01	3.413960e+05
6.477100e+01	3.409280e+05
6.482100e+01	3.406780e+05
6.487000e+01	3.409420e+05
6.492100e+01	3.398820e+05
6.497100e+01	3.392680e+05
6.502100e+01	3.401710e+05
6.507100e+01	3.383380e+05
6.512100e+01	3.394840e+05
6.517100e+01	3.377990e+05
6.522100e+01	3.391490e+05
6.527200e+01	3.390280e+05
6.532100e+01	3.387990e+05
6.537200e+01	3.374950e+05
6.542200e+01	3.396550e+05
6.547200e+01	3.454590e+05
6.552300e+01	3.442670e+05
6.557200e+01	3.421260e+05
6.562300e+01	3.415010e+05
6.567300e+01	3.405990e+05
6.572300e+01	3.410710e+05
6.577200e+01	3.401360e+05
6.582300e+01	3.391720e+05
6.587200e+01	3.395940e+05
6.592300e+01	3.372900e+05
6.597300e+01	3.391970e+05
6.602300e+01	3.375450e+05
6.607300e+01	3.397770e+05
6.612300e+01	3.376610e+05
6.617300e+01	3.377280e+05
6.622400e+01	3.368080e+05
6.627300e+01	3.377460e+05
6.632400e+01	3.381030e+05
6.637300e+01	3.370450e+05
6.642400e+01	3.393000e+05
6.647300e+01	3.431860e+05
6.652400e+01	3.426820e+05
6.657400e+01	3.413890e+05
6.662400e+01	3.403260e+05
6.667400e+01	3.406890e+05
6.672400e+01	3.399180e+05
6.677400e+01	3.379470e+05
6.682500e+01	3.389680e+05
6.687400e+01	3.370340e+05
6.692400e+01	3.383590e+05
6.697500e+01	3.362900e+05
6.702500e+01	3.384360e+05
6.707500e+01	3.354850e+05
6.712500e+01	3.371430e+05
6.717500e+01	3.360580e+05
6.722500e+01	3.362290e+05
6.727500e+01	3.373930e+05
6.732500e+01	3.351540e+05
6.737500e+01	3.366680e+05
6.742600e+01	3.381960e+05
6.747600e+01	3.433460e+05
6.752600e+01	3.408450e+05
6.757600e+01	3.398630e+05
6.762600e+01	3.386790e+05
6.767600e+01	3.386600e+05
6.772600e+01	3.375690e+05
6.777600e+01	3.381700e+05
6.782700e+01	3.363270e+05
6.787600e+01	3.368190e+05
6.792700e+01	3.358420e+05
6.797700e+01	3.345310e+05
6.802700e+01	3.361290e+05
6.807700e+01	3.362040e+05
6.812700e+01	3.367210e+05
6.817700e+01	3.334830e+05
6.822700e+01	3.357250e+05
6.827700e+01	3.342650e+05
6.832700e+01	3.366430e+05
6.837700e+01	3.354280e+05
6.842700e+01	3.381680e+05
6.847700e+01	3.401300e+05
6.852700e+01	3.406070e+05
6.857700e+01	3.385390e+05
6.862700e+01	3.388770e+05
6.867800e+01	3.371370e+05
6.872800e+01	3.367110e+05
6.877800e+01	3.357500e+05
6.882800e+01	3.352370e+05
6.887800e+01	3.369980e+05
6.892800e+01	3.344140e+05
6.897900e+01	3.358630e+05
6.902900e+01	3.337190e+05
6.907900e+01	3.358440e+05
6.912900e+01	3.339030e+05
6.917900e+01	3.371430e+05
6.922900e+01	3.340830e+05
6.927800e+01	3.359200e+05
6.932900e+01	3.324170e+05
6.937900e+01	3.337600e+05
6.942900e+01	3.360660e+05
6.948000e+01	3.411930e+05
6.952900e+01	3.382740e+05
6.958000e+01	3.373250e+05
6.963000e+01	3.369210e+05
6.968000e+01	3.361000e+05
6.973000e+01	3.370190e+05
6.978000e+01	3.355790e+05
6.983000e+01	3.352940e+05
6.988000e+01	3.334400e+05
6.993100e+01	3.344370e+05
6.998000e+01	3.330160e+05
7.003000e+01	3.349550e+05
7.008000e+01	3.328670e+05
7.013100e+01	3.337130e+05
7.018100e+01	3.320540e+05
7.023100e+01	3.330520e+05
7.028100e+01	3.332370e+05
7.033100e+01	3.334430e+05
7.038100e+01	3.326870e+05
7.043200e+01	3.346120e+05
7.048100e+01	3.392680e+05
7.053100e+01	3.371210e+05
7.058100e+01	3.372860e+05
7.063200e+01	3.357270e+05
7.068200e+01	3.363590e+05
7.073100e+01	3.342490e+05
7.078100e+01	3.334720e+05
7.083200e+01	3.333060e+05
7.088200e+01	3.337050e+05
7.093200e+01	3.327140e+05
7.098200e+01	3.330800e+05
7.103200e+01	3.315060e+05
7.108200e+01	3.325650e+05
7.113200e+01	3.322540e+05
7.118200e+01	3.317340e+05
7.123300e+01	3.321970e+05
7.128300e+01	3.320810e+05
7.133300e+01	3.320420e+05
7.138300e+01	3.311300e+05
7.143300e+01	3.353690e+05
7.148300e+01	3.369680e+05
7.153400e+01	3.366760e+05
7.158400e+01	3.351490e+05
7.163300e+01	3.350610e+05
7.168400e+01	3.339220e+05
7.173300e+01	3.333930e+05
7.178300e+01	3.318500e+05
7.183300e+01	3.328390e+05
7.188400e+01	3.322150e+05
7.193400e+01	3.319450e+05
7.198400e+01	3.312600e+05
7.203500e+01	3.300050e+05
7.208400e+01	3.321700e+05
7.213500e+01	3.298430e+05
7.218500e+01	3.310910e+05
7.223500e+01	3.298430e+05
7.228400e+01	3.311750e+05
7.233500e+01	3.299720e+05
7.238500e+01	3.303600e+05
7.243500e+01	3.328660e+05
7.248500e+01	3.371200e+05
7.253600e+01	3.345470e+05
7.258600e+01	3.352990e+05
7.263500e+01	3.321700e+05
7.268600e+01	3.317660e+05
7.273600e+01	3.316280e+05
7.278500e+01	3.320860e+05
7.283600e+01	3.319750e+05
7.288700e+01	3.310230e+05
7.293600e+01	3.289630e+05
7.298600e+01	3.292640e+05
7.303600e+01	3.304500e+05
7.308600e+01	3.297450e+05
7.313600e+01	3.299380e+05
7.318600e+01	3.288530e+05
7.323600e+01	3.281730e+05
7.328600e+01	3.286030e+05
7.333600e+01	3.294600e+05
7.338600e+01	3.292980e+05
7.343700e+01	3.324980e+05
7.348700e+01	3.351150e+05
7.353700e+01	3.328080e+05
7.358700e+01	3.319530e+05
7.363700e+01	3.317250e+05
7.368700e+01	3.319340e+05
7.373700e+01	3.313080e+05
7.378700e+01	3.286900e+05
7.383800e+01	3.296750e+05
7.388700e+01	3.288570e+05
7.393800e+01	3.287960e+05
7.398700e+01	3.289470e+05
7.403800e+01	3.279420e+05
7.408800e+01	3.286150e+05
7.413900e+01	3.273460e+05
7.418800e+01	3.284150e+05
7.423900e+01	3.276540e+05
7.428800e+01	3.284690e+05
7.433800e+01	3.278100e+05
7.438900e+01	3.280700e+05
7.443900e+01	3.311030e+05
7.448900e+01	3.340170e+05
7.453800e+01	3.320770e+05
7.458800e+01	3.319820e+05
7.463900e+01	3.296220e+05
7.468900e+01	3.298800e+05
7.474000e+01	3.292660e+05
7.478900e+01	3.293670e+05
7.484000e+01	3.284750e+05
7.488900e+01	3.273240e+05
7.493900e+01	3.273880e+05
7.498900e+01	3.267800e+05
7.504000e+01	3.276620e+05
7.509000e+01	3.263350e+05
7.514000e+01	3.274220e+05
7.519000e+01	3.261040e+05
7.524000e+01	3.263590e+05
7.529000e+01	3.261840e+05
7.534000e+01	3.267130e+05
7.539000e+01	3.262530e+05
7.544100e+01	3.307320e+05
7.549000e+01	3.313360e+05
7.554100e+01	3.314100e+05
7.559100e+01	3.291740e+05
7.564100e+01	3.292900e+05
7.569100e+01	3.282630e+05
7.574100e+01	3.277170e+05
7.579100e+01	3.269760e+05
7.584100e+01	3.266430e+05
7.589100e+01	3.273700e+05
7.594100e+01	3.264190e+05
7.599200e+01	3.255110e+05
7.604200e+01	3.253230e+05
7.609100e+01	3.258710e+05
7.614200e+01	3.262530e+05
7.619200e+01	3.258340e+05
7.624200e+01	3.250680e+05
7.629200e+01	3.251010e+05
7.634200e+01	3.245880e+05
7.639200e+01	3.250940e+05
7.644200e+01	3.306480e+05
7.649300e+01	3.309210e+05
7.654200e+01	3.306410e+05
7.659300e+01	3.284080e+05
7.664300e+01	3.279840e+05
7.669300e+01	3.281470e+05
7.674300e+01	3.274280e+05
7.679400e+01	3.264720e+05
7.684400e+01	3.255350e+05
7.689400e+01	3.254870e+05
7.694300e+01	3.250630e+05
7.699300e+01	3.255820e+05
7.704300e+01	3.245650e+05
7.709300e+01	3.247900e+05
7.714400e+01	3.236820e+05
7.719400e+01	3.238240e+05
7.724400e+01	3.238050e+05
7.729400e+01	3.254430e+05
7.734400e+01	3.291390e+05
7.739400e+01	3.246210e+05
7.744400e+01	3.285970e+05
7.749400e+01	3.307970e+05
7.754400e+01	3.277710e+05
7.759400e+01	3.279940e+05
7.764500e+01	3.266920e+05
7.769400e+01	3.269960e+05
7.774500e+01	3.253710e+05
7.779500e+01	3.241650e+05
7.784500e+01	3.252340e+05
7.789500e+01	3.258080e+05
7.794600e+01	3.254570e+05
7.799600e+01	3.229620e+05
7.804500e+01	3.237800e+05
7.809500e+01	3.231610e+05
7.814600e+01	3.243290e+05
7.819600e+01	3.233310e+05
7.824600e+01	3.236600e+05
7.829600e+01	3.224730e+05
7.834600e+01	3.233180e+05
7.839500e+01	3.226300e+05
7.844700e+01	3.294510e+05
7.849600e+01	3.296310e+05
7.854700e+01	3.283660e+05
7.859700e+01	3.258650e+05
7.864600e+01	3.263260e+05
7.869600e+01	3.259900e+05
7.874700e+01	3.256370e+05
7.879600e+01	3.249140e+05
7.884700e+01	3.235650e+05
7.889700e+01	3.237270e+05
7.894700e+01	3.226100e+05
7.899700e+01	3.242550e+05
7.904700e+01	3.224630e+05
7.909700e+01	3.238350e+05
7.914800e+01	3.220620e+05
7.919700e+01	3.220230e+05
7.924800e+01	3.220350e+05
7.929700e+01	3.236020e+05
7.934800e+01	3.221090e+05
7.939800e+01	3.232740e+05
7.944900e+01	3.268040e+05
7.949800e+01	3.288640e+05
7.954900e+01	3.270910e+05
7.959900e+01	3.262650e+05
7.964900e+01	3.278220e+05
7.969900e+01	3.259330e+05
7.974800e+01	3.244460e+05
7.979900e+01	3.235920e+05
7.984900e+01	3.236360e+05
7.989900e+01	3.229280e+05
7.994900e+01	3.237490e+05
7.999900e+01	3.216080e+05
8.004900e+01	3.226630e+05
8.009900e+01	3.215730e+05
8.014900e+01	3.210210e+05
8.020000e+01	3.209220e+05
8.025000e+01	3.218000e+05
8.030000e+01	3.217390e+05
8.035000e+01	3.219010e+05
8.039900e+01	3.212560e+05
8.045000e+01	3.263650e+05
8.050000e+01	3.271870e+05
8.055000e+01	3.258230e+05
8.060000e+01	3.259590e+05
8.065000e+01	3.244640e+05
8.070100e+01	3.246260e+05
8.075000e+01	3.223780e+05
8.080100e+01	3.233330e+05
8.085100e+01	3.214410e+05
8.090000e+01	3.221370e+05
8.095100e+01	3.229440e+05
8.100100e+01	3.208030e+05
8.105100e+01	3.207500e+05
8.110100e+01	3.206130e+05
8.115200e+01	3.208970e+05
8.120100e+01	3.209510e+05
8.125100e+01	3.205630e+05
8.130100e+01	3.206060e+05
8.135200e+01	3.201800e+05
8.140100e+01	3.200520e+05
8.145200e+01	3.270370e+05
8.150200e+01	3.269580e+05
8.155200e+01	3.260980e+05
8.160200e+01	3.232760e+05
8.165200e+01	3.235930e+05
8.170300e+01	3.233820e+05
8.175300e+01	3.236620e+05
8.180200e+01	3.218220e+05
8.185300e+01	3.210390e+05
8.190300e+01	3.210820e+05
8.195300e+01	3.212070e+05
8.200200e+01	3.200960e+05
8.205300e+01	3.204040e+05
8.210300e+01	3.197360e+05
8.215300e+01	3.200580e+05
8.220400e+01	3.188000e+05
8.225400e+01	3.193700e+05
8.230300e+01	3.197820e+05
8.235400e+01	3.195570e+05
8.240400e+01	3.207230e+05
8.245400e+01	3.249650e+05
8.250400e+01	3.259800e+05
8.255400e+01	3.244450e+05
8.260400e+01	3.246260e+05
8.265400e+01	3.219480e+05
8.270400e+01	3.225420e+05
8.275500e+01	3.219310e+05
8.280400e+01	3.206730e+05
8.285400e+01	3.220070e+05
8.290400e+01	3.205170e+05
8.295400e+01	3.206580e+05
8.300400e+01	3.186760e+05
8.305400e+01	3.197950e+05
8.310500e+01	3.188840e+05
8.315500e+01	3.195280e+05
8.320500e+01	3.190360e+05
8.325500e+01	3.190580e+05
8.330500e+01	3.187890e+05
8.335500e+01	3.187460e+05
8.340500e+01	3.191830e+05
8.345600e+01	3.259120e+05
8.350500e+01	3.256190e+05
8.355600e+01	3.247270e+05
8.360600e+01	3.228450e+05
8.365600e+01	3.218580e+05
8.370600e+01	3.232110e+05
8.375600e+01	3.210280e+05
8.380700e+01	3.211380e+05
8.385700e+01	3.190720e+05
8.390600e+01	3.195950e+05
8.395700e+01	3.193220e+05
8.400600e+01	3.204620e+05
8.405700e+01	3.188360e+05
8.410700e+01	3.189020e+05
8.415700e+01	3.174330e+05
8.420700e+01	3.185480e+05
8.425700e+01	3.180970e+05
8.430700e+01	3.191290e+05
8.435700e+01	3.187170e+05
8.440700e+01	3.186820e+05
8.445700e+01	3.249900e+05
8.450700e+01	3.247870e+05
8.455700e+01	3.245840e+05
8.460800e+01	3.224650e+05
8.465800e+01	3.221440e+05
8.470800e+01	3.206940e+05
8.475800e+01	3.214570e+05
8.480700e+01	3.197100e+05
8.485800e+01	3.196570e+05
8.490800e+01	3.189120e+05
8.495800e+01	3.191820e+05
8.500900e+01	3.174850e+05
8.505800e+01	3.182400e+05
8.510800e+01	3.172600e+05
8.515900e+01	3.184540e+05
8.520900e+01	3.172930e+05
8.525900e+01	3.177330e+05
8.531000e+01	3.168840e+05
8.535900e+01	3.176060e+05
8.541000e+01	3.197350e+05
8.545900e+01	3.245470e+05
8.551000e+01	3.247830e+05
8.556000e+01	3.228130e+05
8.561000e+01	3.230210e+05
8.566000e+01	3.208880e+05
8.571000e+01	3.222690e+05
8.576000e+01	3.188100e+05
8.581000e+01	3.198780e+05
8.586000e+01	3.174570e+05
8.591000e+01	3.196430e+05
8.596000e+01	3.180930e+05
8.601000e+01	3.184530e+05
8.606000e+01	3.171040e+05
8.611000e+01	3.176220e+05
8.616000e+01	3.167970e+05
8.621000e+01	3.169820e+05
8.626100e+01	3.167590e+05
8.631000e+01	3.167050e+05
8.636100e+01	3.173780e+05
8.641100e+01	3.181630e+05
8.646100e+01	3.255040e+05
8.651200e+01	3.240040e+05
8.656100e+01	3.242440e+05
8.661100e+01	3.209250e+05
8.666100e+01	3.210840e+05
8.671200e+01	3.196730e+05
8.676200e+01	3.200700e+05
8.681100e+01	3.187190e+05
8.686200e+01	3.190340e+05
8.691200e+01	3.177820e+05
8.696200e+01	3.183170e+05
8.701200e+01	3.171820e+05
8.706200e+01	3.174010e+05
8.711300e+01	3.173110e+05
8.716200e+01	3.168110e+05
8.721300e+01	3.173130e+05
8.726300e+01	3.158090e+05
8.731300e+01	3.172490e+05
8.736200e+01	3.158180e+05
8.741200e+01	3.193280e+05
8.746300e+01	3.237100e+05
8.751400e+01	3.236430e+05
8.756300e+01	3.224470e+05
8.761300e+01	3.223950e+05
8.766300e+01	3.203220e+05
8.771300e+01	3.204040e+05
8.776400e+01	3.180980e+05
8.781400e+01	3.193810e+05
8.786400e+01	3.184920e+05
8.791400e+01	3.182580e+05
8.796400e+01	3.175410e+05
8.801500e+01	3.160230e+05
8.806400e+01	3.158850e+05
8.811400e+01	3.167760e+05
8.816500e+01	3.167860e+05
8.821500e+01	3.155080e+05
8.826400e+01	3.162220e+05
8.831400e+01	3.152120e+05
8.836500e+01	3.157440e+05
8.841400e+01	3.187790e+05
8.846500e+01	3.243970e+05
8.851500e+01	3.239800e+05
8.856600e+01	3.214650e+05
8.861600e+01	3.205800e+05
8.866600e+01	3.204550e+05
8.871600e+01	3.193240e+05
8.876600e+01	3.194360e+05
8.881500e+01	3.183580e+05
8.886600e+01	3.171200e+05
8.891600e+01	3.170020e+05
8.896600e+01	3.171470e+05
8.901600e+01	3.167260e+05
8.906600e+01	3.158390e+05
8.911600e+01	3.166660e+05
8.916600e+01	3.153010e+05
8.921600e+01	3.161230e+05
8.926600e+01	3.156400e+05
8.931600e+01	3.159710e+05
8.936600e+01	3.158460e+05
8.941700e+01	3.174360e+05
8.946700e+01	3.242320e+05
8.951700e+01	3.233270e+05
8.956700e+01	3.223830e+05
8.961700e+01	3.212230e+05
8.966700e+01	3.208630e+05
8.971700e+01	3.188910e+05
8.976700e+01	3.188240e+05
8.981700e+01	3.170120e+05
8.986700e+01	3.187540e+05
8.991800e+01	3.170640e+05
8.996800e+01	3.185200e+05
9.001800e+01	3.157630e+05
9.006900e+01	3.161020e+05
9.011800e+01	3.158200e+05
9.016800e+01	3.166280e+05
9.021800e+01	3.163260e+05
9.026800e+01	3.164630e+05
9.031900e+01	3.154730e+05
9.036800e+01	3.146340e+05
9.041900e+01	3.196840e+05
9.046800e+01	3.256930e+05
9.051800e+01	3.246470e+05
9.056900e+01	3.223810e+05
9.061900e+01	3.214230e+05
9.066900e+01	3.196170e+05
9.072000e+01	3.204990e+05
9.076900e+01	3.197360e+05
9.081900e+01	3.183850e+05
9.086900e+01	3.180560e+05
9.092000e+01	3.169090e+05
9.097000e+01	3.169690e+05
9.102000e+01	3.174010e+05
9.107000e+01	3.170370e+05
9.112000e+01	3.166010e+05
9.117000e+01	3.167070e+05
9.122000e+01	3.155520e+05
9.127000e+01	3.164480e+05
9.132000e+01	3.159650e+05
9.137000e+01	3.162210e+05
9.142100e+01	3.184530e+05
9.147100e+01	3.260340e+05
9.152000e+01	3.247310e+05
9.157100e+01	3.248100e+05
9.162000e+01	3.220360e+05
9.167000e+01	3.209150e+05
9.172100e+01	3.195780e+05
9.177100e+01	3.196150e+05
9.182100e+01	3.198200e+05
9.187200e+01	3.180060e+05
9.192100e+01	3.180120e+05
9.197100e+01	3.177440e+05
9.202200e+01	3.171920e+05
9.207200e+01	3.167190e+05
9.212200e+01	3.172640e+05
9.217200e+01	3.168580e+05
9.222200e+01	3.178300e+05
9.227200e+01	3.155250e+05
9.232200e+01	3.171940e+05
9.237300e+01	3.156350e+05
9.242200e+01	3.219650e+05
9.247300e+01	3.259380e+05
9.252300e+01	3.249540e+05
9.257200e+01	3.234190e+05
9.262300e+01	3.217080e+05
9.267300e+01	3.212890e+05
9.272300e+01	3.207570e+05
9.277300e+01	3.195710e+05
9.282300e+01	3.198240e+05
9.287400e+01	3.185450e+05
9.292300e+01	3.182160e+05
9.297300e+01	3.192200e+05
9.302400e+01	3.176780e+05
9.307400e+01	3.181900e+05
9.312400e+01	3.158820e+05
9.317400e+01	3.178770e+05
9.322400e+01	3.160730e+05
9.327400e+01	3.171320e+05
9.332400e+01	3.162770e+05
9.337400e+01	3.180160e+05
9.342400e+01	3.205900e+05
9.347500e+01	3.272840e+05
9.352500e+01	3.256760e+05
9.357400e+01	3.249870e+05
9.362400e+01	3.222420e+05
9.367400e+01	3.224360e+05
9.372500e+01	3.219180e+05
9.377500e+01	3.213950e+05
9.382500e+01	3.204030e+05
9.387500e+01	3.201610e+05
9.392500e+01	3.192860e+05
9.397500e+01	3.189980e+05
9.402500e+01	3.192470e+05
9.407500e+01	3.178400e+05
9.412500e+01	3.195460e+05
9.417600e+01	3.177040e+05
9.422500e+01	3.182980e+05
9.427600e+01	3.171970e+05
9.432600e+01	3.183200e+05
9.437600e+01	3.187840e+05
9.442600e+01	3.250430e+05
9.447600e+01	3.284390e+05
9.452600e+01	3.264840e+05
9.457600e+01	3.250390e+05
9.462700e+01	3.250310e+05
9.467700e+01	3.242450e+05
9.472700e+01	3.237320e+05
9.477600e+01	3.214980e+05
9.482700e+01	3.207670e+05
9.487700e+01	3.224380e+05
9.492700e+01	3.210120e+05
9.497800e+01	3.209910e+05
9.502700e+01	3.200340e+05
9.507700e+01	3.202730e+05
9.512800e+01	3.206050e+05
9.517700e+01	3.199620e+05
9.522800e+01	3.186100e+05
9.527800e+01	3.189940e+05
9.532800e+01	3.187780e+05
9.537800e+01	3.191970e+05
9.542800e+01	3.262030e+05
9.547800e+01	3.288600e+05
9.552800e+01	3.294840e+05
9.557800e+01	3.261010e+05
9.562800e+01	3.257900e+05
9.567900e+01	3.235520e+05
9.572800e+01	3.259330e+05
9.577900e+01	3.235870e+05
9.582900e+01	3.234060e+05
9.587900e+01	3.206230e+05
9.592900e+01	3.225610e+05
9.597900e+01	3.209440e+05
9.602900e+01	3.226040e+05
9.607900e+01	3.195480e+05
9.612900e+01	3.209730e+05
9.617900e+01	3.200030e+05
9.622900e+01	3.201620e+05
9.627900e+01	3.204920e+05
9.633000e+01	3.204130e+05
9.638000e+01	3.200380e+05
9.643000e+01	3.255710e+05
9.648000e+01	3.305060e+05
9.652900e+01	3.280500e+05
9.658100e+01	3.288360e+05
9.663000e+01	3.269570e+05
9.668000e+01	3.262700e+05
9.673100e+01	3.241910e+05
9.678100e+01	3.245370e+05
9.683000e+01	3.229280e+05
9.688000e+01	3.249400e+05
9.693000e+01	3.218240e+05
9.698100e+01	3.229080e+05
9.703100e+01	3.209990e+05
9.708100e+01	3.216460e+05
9.713100e+01	3.224470e+05
9.718200e+01	3.225080e+05
9.723100e+01	3.224410e+05
9.728200e+01	3.206640e+05
9.733100e+01	3.217380e+05
9.738200e+01	3.201960e+05
9.743100e+01	3.283930e+05
9.748200e+01	3.311400e+05
9.753200e+01	3.301830e+05
9.758200e+01	3.295900e+05
9.763200e+01	3.277880e+05
9.768200e+01	3.262660e+05
9.773200e+01	3.266610e+05
9.778200e+01	3.241310e+05
9.783200e+01	3.265430e+05
9.788200e+01	3.224990e+05
9.793300e+01	3.249950e+05
9.798300e+01	3.235780e+05
9.803300e+01	3.237550e+05
9.808300e+01	3.235520e+05
9.813300e+01	3.224030e+05
9.818300e+01	3.229990e+05
9.823300e+01	3.216200e+05
9.828300e+01	3.236500e+05
9.833300e+01	3.221350e+05
9.838400e+01	3.226400e+05
9.843400e+01	3.288330e+05
9.848300e+01	3.320110e+05
9.853400e+01	3.318540e+05
9.858400e+01	3.312550e+05
9.863400e+01	3.289430e+05
9.868500e+01	3.283620e+05
9.873400e+01	3.266230e+05
9.878500e+01	3.266890e+05
9.883400e+01	3.271770e+05
9.888400e+01	3.257710e+05
9.893400e+01	3.256760e+05
9.898500e+01	3.247030e+05
9.903400e+01	3.241980e+05
9.908400e+01	3.241180e+05
9.913500e+01	3.255700e+05
9.918500e+01	3.247150e+05
9.923500e+01	3.245420e+05
9.928500e+01	3.235910e+05
9.933500e+01	3.237760e+05
9.938500e+01	3.244250e+05
9.943500e+01	3.315880e+05
9.948500e+01	3.338110e+05
9.953600e+01	3.323310e+05
9.958600e+01	3.315780e+05
9.963600e+01	3.301080e+05
9.968500e+01	3.295160e+05
9.973600e+01	3.286040e+05
9.978600e+01	3.288260e+05
9.983600e+01	3.271510e+05
9.988600e+01	3.281410e+05
9.993600e+01	3.261220e+05
9.998700e+01	3.276020e+05
1.000370e+02	3.259270e+05
1.000870e+02	3.260820e+05
1.001370e+02	3.256850e+05
1.001870e+02	3.258270e+05
1.002370e+02	3.251690e+05
1.002870e+02	3.255320e+05
1.003370e+02	3.251970e+05
1.003870e+02	3.254610e+05
1.004380e+02	3.328090e+05
1.004870e+02	3.357260e+05
1.005370e+02	3.332430e+05
1.005870e+02	3.324660e+05
1.006370e+02	3.320930e+05
1.006880e+02	3.306920e+05
1.007380e+02	3.307760e+05
1.007880e+02	3.294280e+05
1.008380e+02	3.291520e+05
1.008880e+02	3.291220e+05
1.009380e+02	3.276040e+05
1.009880e+02	3.282510e+05
1.010380e+02	3.276490e+05
1.010890e+02	3.279210e+05
1.011390e+02	3.267490e+05
1.011890e+02	3.266720e+05
1.012390e+02	3.272970e+05
1.012890e+02	3.296650e+05
1.013390e+02	3.270060e+05
1.013890e+02	3.282990e+05
1.014390e+02	3.347440e+05
1.014890e+02	3.375000e+05
1.015390e+02	3.341270e+05
1.015900e+02	3.351010e+05
1.016390e+02	3.323930e+05
1.016900e+02	3.331130e+05
1.017400e+02	3.312470e+05
1.017900e+02	3.312660e+05
1.018400e+02	3.312070e+05
1.018900e+02	3.298800e+05
1.019400e+02	3.299310e+05
1.019900e+02	3.283170e+05
1.020400e+02	3.294840e+05
1.020900e+02	3.283600e+05
1.021410e+02	3.283530e+05
1.021900e+02	3.293640e+05
1.022410e+02	3.286390e+05
1.022910e+02	3.269550e+05
1.023400e+02	3.283480e+05
1.023900e+02	3.277760e+05
1.024410e+02	3.378640e+05
1.024910e+02	3.374280e+05
1.025410e+02	3.372540e+05
1.025910e+02	3.351400e+05
1.026420e+02	3.347350e+05
1.026910e+02	3.335270e+05
1.027410e+02	3.330300e+05
1.027920e+02	3.319220e+05
1.028420e+02	3.316860e+05
1.028920e+02	3.307940e+05
1.029420e+02	3.311220e+05
1.029920e+02	3.315250e+05
1.030420e+02	3.298770e+05
1.030920e+02	3.302750e+05
1.031420e+02	3.291050e+05
1.031920e+02	3.302810e+05
1.032420e+02	3.280540e+05
1.032930e+02	3.307610e+05
1.033420e+02	3.282770e+05
1.033930e+02	3.302640e+05
1.034430e+02	3.374460e+05
1.034930e+02	3.394630e+05
1.035430e+02	3.371160e+05
1.035930e+02	3.383550e+05
1.036430e+02	3.354930e+05
1.036940e+02	3.349630e+05
1.037440e+02	3.339440e+05
1.037940e+02	3.335130e+05
1.038430e+02	3.334860e+05
1.038930e+02	3.319830e+05
1.039440e+02	3.330650e+05
1.039940e+02	3.318820e+05
1.040440e+02	3.325800e+05
1.040940e+02	3.304680e+05
1.041440e+02	3.317310e+05
1.041940e+02	3.301830e+05
1.042440e+02	3.314320e+05
1.042950e+02	3.300140e+05
1.043440e+02	3.311800e+05
1.043950e+02	3.305180e+05
1.044450e+02	3.405390e+05
1.044950e+02	3.402020e+05
1.045450e+02	3.382710e+05
1.045950e+02	3.377980e+05
1.046460e+02	3.366610e+05
1.046950e+02	3.364620e+05
1.047450e+02	3.353100e+05
1.047960e+02	3.341750e+05
1.048460e+02	3.334290e+05
1.048950e+02	3.329340e+05
1.049460e+02	3.335280e+05
1.049960e+02	3.345280e+05
1.050460e+02	3.316790e+05
1.050960e+02	3.330480e+05
1.051470e+02	3.310800e+05
1.051960e+02	3.340140e+05
1.052470e+02	3.321960e+05
1.052970e+02	3.317360e+05
1.053460e+02	3.318700e+05
1.053960e+02	3.318870e+05
1.054460e+02	3.423690e+05
1.054970e+02	3.413530e+05
1.055470e+02	3.411430e+05
1.055970e+02	3.394190e+05
1.056470e+02	3.380350e+05
1.056970e+02	3.363640e+05
1.057470e+02	3.370900e+05
1.057980e+02	3.355300e+05
1.058470e+02	3.370690e+05
1.058980e+02	3.342660e+05
1.059470e+02	3.347320e+05
1.059980e+02	3.341480e+05
1.060480e+02	3.344100e+05
1.060980e+02	3.346630e+05
1.061480e+02	3.340050e+05
1.061980e+02	3.332120e+05
1.062480e+02	3.328170e+05
1.062980e+02	3.331560e+05
1.063480e+02	3.335110e+05
1.063980e+02	3.344350e+05
1.064490e+02	3.417230e+05
1.064990e+02	3.436730e+05
1.065490e+02	3.408790e+05
1.065990e+02	3.411510e+05
1.066490e+02	3.398800e+05
1.066990e+02	3.388210e+05
1.067490e+02	3.380550e+05
1.067990e+02	3.374430e+05
1.068500e+02	3.366440e+05
1.069000e+02	3.409270e+05
1.069490e+02	3.378240e+05
1.070000e+02	3.362950e+05
1.070500e+02	3.363600e+05
1.071000e+02	3.348330e+05
1.071500e+02	3.360220e+05
1.072000e+02	3.350710e+05
1.072500e+02	3.357440e+05
1.073000e+02	3.336510e+05
1.073500e+02	3.353830e+05
1.074000e+02	3.343600e+05
1.074500e+02	3.441270e+05
1.075000e+02	3.442410e+05
1.075500e+02	3.435310e+05
1.076010e+02	3.419250e+05
1.076510e+02	3.405750e+05
1.077010e+02	3.401420e+05
1.077500e+02	3.398090e+05
1.078010e+02	3.389040e+05
1.078510e+02	3.378950e+05
1.079010e+02	3.376390e+05
1.079510e+02	3.363890e+05
1.080020e+02	3.377700e+05
1.080510e+02	3.366400e+05
1.081020e+02	3.369520e+05
1.081510e+02	3.345500e+05
1.082020e+02	3.366540e+05
1.082520e+02	3.336490e+05
1.083010e+02	3.364650e+05
1.083520e+02	3.348010e+05
1.084020e+02	3.379130e+05
1.084520e+02	3.433880e+05
1.085030e+02	3.444270e+05
1.085520e+02	3.434270e+05
1.086030e+02	3.428170e+05
1.086530e+02	3.413760e+05
1.087030e+02	3.400990e+05
1.087530e+02	3.388370e+05
1.088030e+02	3.386590e+05
1.088530e+02	3.398380e+05
1.089030e+02	3.370780e+05
1.089530e+02	3.384020e+05
1.090030e+02	3.360560e+05
1.090530e+02	3.373210e+05
1.091030e+02	3.355950e+05
1.091530e+02	3.374310e+05
1.092040e+02	3.355540e+05
1.092540e+02	3.373900e+05
1.093040e+02	3.348480e+05
1.093540e+02	3.377950e+05
1.094040e+02	3.368860e+05
1.094540e+02	3.464270e+05
1.095040e+02	3.445440e+05
1.095540e+02	3.435710e+05
1.096040e+02	3.428280e+05
1.096540e+02	3.409230e+05
1.097050e+02	3.415430e+05
1.097550e+02	3.394880e+05
1.098050e+02	3.407220e+05
1.098550e+02	3.381250e+05
1.099050e+02	3.388210e+05
1.099550e+02	3.368200e+05
1.100050e+02	3.395690e+05
1.100560e+02	3.380980e+05
1.101050e+02	3.371090e+05
1.101560e+02	3.360340e+05
1.102050e+02	3.370020e+05
1.102560e+02	3.363270e+05
1.103060e+02	3.373310e+05
1.103560e+02	3.359670e+05
1.104060e+02	3.386120e+05
1.104560e+02	3.456260e+05
1.105060e+02	3.447520e+05
1.105560e+02	3.445010e+05
1.106060e+02	3.419800e+05
1.106560e+02	3.432830e+05
1.107060e+02	3.398880e+05
1.107570e+02	3.398980e+05
1.108070e+02	3.387670e+05
1.108570e+02	3.395590e+05
1.109070e+02	3.385790e+05
1.109560e+02	3.383900e+05
1.110070e+02	3.369810e+05
1.110570e+02	3.373360e+05
1.111070e+02	3.368850e+05
1.111570e+02	3.371650e+05
1.112070e+02	3.361660e+05
1.112580e+02	3.360840e+05
1.113080e+02	3.357820e+05
1.113570e+02	3.363560e+05
1.114080e+02	3.385030e+05
1.114580e+02	3.454010e+05
1.115080e+02	3.443580e+05
1.115580e+02	3.427670e+05
1.116080e+02	3.430800e+05
1.116580e+02	3.420510e+05
1.117080e+02	3.410810e+05
1.117590e+02	3.394740e+05
1.118090e+02	3.390180e+05
1.118590e+02	3.387080e+05
1.119090e+02	3.380410e+05
1.119590e+02	3.383080e+05
1.120090e+02	3.390190e+05
1.120590e+02	3.367100e+05
1.121090e+02	3.377770e+05
1.121590e+02	3.360310e+05
1.122090e+02	3.366100e+05
1.122590e+02	3.378810e+05
1.123100e+02	3.358350e+05
1.123600e+02	3.358160e+05
1.124100e+02	3.378300e+05
1.124600e+02	3.461840e+05
1.125100e+02	3.451520e+05
1.125600e+02	3.430090e+05
1.126100e+02	3.429210e+05
1.126600e+02	3.402290e+05
1.127100e+02	3.406220e+05
1.127610e+02	3.391540e+05
1.128110e+02	3.404370e+05
1.128600e+02	3.394300e+05
1.129110e+02	3.382880e+05
1.129610e+02	3.380630e+05
1.130100e+02	3.386430e+05
1.130610e+02	3.372860e+05
1.131110e+02	3.380850e+05
1.131610e+02	3.357740e+05
1.132110e+02	3.376320e+05
1.132610e+02	3.352610e+05
1.133110e+02	3.377470e+05
1.133610e+02	3.358470e+05
1.134120e+02	3.395090e+05
1.134610e+02	3.452420e+05
1.135120e+02	3.450890e+05
1.135620e+02	3.432260e+05
1.136120e+02	3.423340e+05
1.136620e+02	3.417110e+05
1.137120e+02	3.412270e+05
1.137620e+02	3.401200e+05
1.138120e+02	3.394490e+05
1.138620e+02	3.397800e+05
1.139120e+02	3.384820e+05
1.139630e+02	3.391040e+05
1.140130e+02	3.378840e+05
1.140620e+02	3.381610e+05
1.141130e+02	3.370670e+05
1.141640e+02	3.386190e+05
1.142140e+02	3.371380e+05
1.142640e+02	3.391120e+05
1.143130e+02	3.368110e+05
1.143630e+02	3.378720e+05
1.144130e+02	3.394810e+05
1.144630e+02	3.476080e+05
1.145130e+02	3.460140e+05
1.145640e+02	3.447240e+05
1.146140e+02	3.426820e+05
1.146630e+02	3.423730e+05
1.147140e+02	3.411250e+05
1.147640e+02	3.429570e+05
1.148150e+02	3.432980e+05
1.148640e+02	3.401180e+05
1.149150e+02	3.403440e+05
1.149650e+02	3.369820e+05
1.150150e+02	3.399680e+05
1.150640e+02	3.379460e+05
1.151150e+02	3.387260e+05
1.151650e+02	3.376950e+05
1.152150e+02	3.392320e+05
1.152650e+02	3.388680e+05
1.153150e+02	3.411700e+05
1.153650e+02	3.374090e+05
1.154160e+02	3.413000e+05
1.154660e+02	3.460910e+05
1.155160e+02	3.462750e+05
1.155660e+02	3.425730e+05
1.156160e+02	3.441730e+05
1.156660e+02	3.423720e+05
1.157160e+02	3.421250e+05
1.157660e+02	3.407950e+05
1.158150e+02	3.394770e+05
1.158660e+02	3.408560e+05
1.159160e+02	3.392090e+05
1.159670e+02	3.396720e+05
1.160170e+02	3.391050e+05
1.160670e+02	3.386770e+05
1.161160e+02	3.395350e+05
1.161660e+02	3.383030e+05
1.162160e+02	3.389190e+05
1.162670e+02	3.373760e+05
1.163170e+02	3.381810e+05
1.163670e+02	3.385240e+05
1.164170e+02	3.376230e+05
1.164670e+02	3.378540e+05
1.165170e+02	3.369140e+05
1.165680e+02	3.379030e+05
1.166170e+02	3.379280e+05
1.166680e+02	3.387010e+05
1.167180e+02	3.385400e+05
1.167680e+02	3.383940e+05
1.168180e+02	3.378840e+05
1.168680e+02	3.377140e+05
1.169180e+02	3.371270e+05
1.169680e+02	3.379250e+05
1.170190e+02	3.375350e+05
1.170690e+02	3.391470e+05
1.171190e+02	3.363780e+05
1.171690e+02	3.380140e+05
1.172180e+02	3.376240e+05
1.172680e+02	3.381670e+05
1.173190e+02	3.381190e+05
1.173700e+02	3.373690e+05
1.174190e+02	3.376490e+05
1.174690e+02	3.370900e+05
1.175190e+02	3.385060e+05
1.175700e+02	3.380690e+05
1.176200e+02	3.377100e+05
1.176700e+02	3.379310e+05
1.177200e+02	3.371320e+05
1.177700e+02	3.374320e+05
1.178200e+02	3.382320e+05
1.178700e+02	3.373740e+05
1.179200e+02	3.382030e+05
1.179700e+02	3.363960e+05
1.180210e+02	3.378890e+05
1.180700e+02	3.371960e+05
1.181200e+02	3.392260e+05
1.181710e+02	3.377980e+05
