0.000000e+00	3.358320e+05
5.000000e-02	3.364970e+05
1.010000e-01	3.353390e+05
1.510000e-01	3.357540e+05
2.010000e-01	3.353730e+05
2.510000e-01	3.361130e+05
3.010000e-01	3.362580e+05
3.510000e-01	3.357080e+05
4.070000e-01	3.357410e+05
4.510000e-01	3.351820e+05
5.010000e-01	3.350340e+05
5.510000e-01	3.351030e+05
6.020000e-01	3.351100e+05
6.520000e-01	3.357390e+05
7.020000e-01	3.354950e+05
7.520000e-01	3.349810e+05
8.020000e-01	3.355760e+05
8.520000e-01	3.359110e+05
9.020000e-01	3.361110e+05
9.520000e-01	3.356180e+05
1.002000e+00	3.356840e+05
1.052000e+00	3.352100e+05
1.102000e+00	3.359550e+05
1.152000e+00	3.362540e+05
1.202000e+00	3.357740e+05
1.253000e+00	3.353990e+05
1.303000e+00	3.347420e+05
1.353000e+00	3.353410e+05
1.403000e+00	3.356290e+05
1.453000e+00	3.356720e+05
1.504000e+00	3.356280e+05
1.554000e+00	3.358500e+05
1.604000e+00	3.355860e+05
1.654000e+00	3.356950e+05
1.704000e+00	3.355200e+05
1.754000e+00	3.355850e+05
1.804000e+00	3.357440e+05
1.854000e+00	3.350490e+05
1.904000e+00	3.353540e+05
1.955000e+00	3.355340e+05
2.004000e+00	3.360000e+05
2.054000e+00	3.353850e+05
2.104000e+00	3.354720e+05
2.154000e+00	3.351390e+05
2.205000e+00	3.358270e+05
2.255000e+00	3.355950e+05
2.304000e+00	3.362620e+05
2.355000e+00	3.356150e+05
2.405000e+00	3.360720e+05
2.455000e+00	3.351430e+05
2.505000e+00	3.358090e+05
2.555000e+00	3.357080e+05
2.606000e+00	3.359990e+05
2.656000e+00	3.360930e+05
2.706000e+00	3.359000e+05
2.756000e+00	3.357420e+05
2.806000e+00	3.361500e+05
2.857000e+00	3.359410e+05
2.905000e+00	3.351630e+05
2.956000e+00	3.351820e+05
3.006000e+00	3.351580e+05
3.056000e+00	3.359020e+05
3.106000e+00	3.358320e+05
3.156000e+00	3.355940e+05
3.206000e+00	3.357510e+05
3.257000e+00	3.357030e+05
3.307000e+00	3.419210e+05
3.357000e+00	3.398190e+05
3.407000e+00	3.453070e+05
3.457000e+00	3.432260e+05
3.507000e+00	3.411760e+05
3.557000e+00	3.400790e+05
3.608000e+00	3.395680e+05
3.657000e+00	3.388690e+05
3.707000e+00	3.395880e+05
3.758000e+00	3.389360e+05
3.808000e+00	3.389970e+05
3.858000e+00	3.384840e+05
3.908000e+00	3.379080e+05
3.959000e+00	3.372890e+05
4.009000e+00	3.379400e+05
4.058000e+00	3.375070e+05
4.108000e+00	3.369020e+05
4.159000e+00	3.366310e+05
4.209000e+00	3.365120e+05
4.258000e+00	3.371810e+05
4.308000e+00	3.365130e+05
4.358000e+00	3.406470e+05
4.408000e+00	3.453430e+05
4.460000e+00	3.451110e+05
4.509000e+00	3.434590e+05
4.559000e+00	3.433710e+05
4.609000e+00	3.416270e+05
4.659000e+00	3.424070e+05
4.709000e+00	3.413200e+05
4.760000e+00	3.407760e+05
4.809000e+00	3.408810e+05
4.860000e+00	3.406220e+05
4.909000e+00	3.397700e+05
4.960000e+00	3.403450e+05
5.009000e+00	3.395830e+05
5.060000e+00	3.389430e+05
5.110000e+00	3.391630e+05
5.160000e+00	3.395940e+05
5.210000e+00	3.395120e+05
5.261000e+00	3.392210e+05
5.310000e+00	3.387270e+05
5.361000e+00	3.425230e+05
5.411000e+00	3.483390e+05
5.460000e+00	3.473260e+05
5.510000e+00	3.462750e+05
5.560000e+00	3.445730e+05
5.611000e+00	3.452240e+05
5.661000e+00	3.443960e+05
5.711000e+00	3.438540e+05
5.762000e+00	3.437940e+05
5.811000e+00	3.433760e+05
5.861000e+00	3.425830e+05
5.912000e+00	3.420910e+05
5.962000e+00	3.422630e+05
6.011000e+00	3.423590e+05
6.062000e+00	3.426300e+05
6.112000e+00	3.412360e+05
6.162000e+00	3.416250e+05
6.212000e+00	3.416390e+05
6.262000e+00	3.421450e+05
6.313000e+00	3.414150e+05
6.363000e+00	3.464950e+05
6.412000e+00	3.512900e+05
6.462000e+00	3.505160e+05
6.512000e+00	3.483460e+05
6.563000e+00	3.486340e+05
6.612000e+00	3.477590e+05
6.663000e+00	3.478430e+05
6.713000e+00	3.464010e+05
6.763000e+00	3.467690e+05
6.813000e+00	3.461300e+05
6.863000e+00	3.465230e+05
6.913000e+00	3.457910e+05
6.963000e+00	3.456700e+05
7.013000e+00	3.452070e+05
7.064000e+00	3.449840e+05
7.114000e+00	3.445630e+05
7.164000e+00	3.455560e+05
7.213000e+00	3.448940e+05
7.264000e+00	3.445900e+05
7.315000e+00	3.451730e+05
7.365000e+00	3.495790e+05
7.414000e+00	3.562150e+05
7.464000e+00	3.540700e+05
7.514000e+00	3.528890e+05
7.564000e+00	3.511910e+05
7.615000e+00	3.514700e+05
7.665000e+00	3.510600e+05
7.715000e+00	3.504330e+05
7.764000e+00	3.495590e+05
7.815000e+00	3.500060e+05
7.866000e+00	3.488850e+05
7.915000e+00	3.498090e+05
7.965000e+00	3.489470e+05
8.016000e+00	3.492830e+05
8.066000e+00	3.482880e+05
8.116000e+00	3.479810e+05
8.166000e+00	3.479250e+05
8.216000e+00	3.479580e+05
8.266000e+00	3.488510e+05
8.316000e+00	3.476920e+05
8.366000e+00	3.532830e+05
8.416000e+00	3.586800e+05
8.466000e+00	3.568780e+05
8.516000e+00	3.558390e+05
8.566000e+00	3.557890e+05
8.617000e+00	3.545430e+05
8.667000e+00	3.549750e+05
8.717000e+00	3.535120e+05
8.766000e+00	3.535000e+05
8.817000e+00	3.528160e+05
8.868000e+00	3.532820e+05
8.917000e+00	3.520800e+05
8.967000e+00	3.516060e+05
9.017000e+00	3.522660e+05
9.067000e+00	3.513590e+05
9.117000e+00	3.527310e+05
9.168000e+00	3.520290e+05
9.218000e+00	3.518660e+05
9.268000e+00	3.513170e+05
9.318000e+00	3.513990e+05
9.368000e+00	3.580190e+05
9.417000e+00	3.624100e+05
9.468000e+00	3.615330e+05
9.518000e+00	3.603330e+05
9.568000e+00	3.585890e+05
9.618000e+00	3.584390e+05
9.668000e+00	3.578670e+05
9.718000e+00	3.581260e+05
9.768000e+00	3.568930e+05
9.818000e+00	3.569240e+05
9.869000e+00	3.563560e+05
9.919000e+00	3.555210e+05
9.970000e+00	3.569190e+05
1.001900e+01	3.557000e+05
1.006900e+01	3.562610e+05
1.011900e+01	3.546690e+05
1.017000e+01	3.555630e+05
1.022000e+01	3.555280e+05
1.027000e+01	3.557250e+05
1.031900e+01	3.563760e+05
1.037000e+01	3.616120e+05
1.042000e+01	3.660310e+05
1.047000e+01	3.644240e+05
1.052000e+01	3.634620e+05
1.057100e+01	3.631570e+05
1.062000e+01	3.627970e+05
1.067000e+01	3.619380e+05
1.072000e+01	3.611080e+05
1.077000e+01	3.603920e+05
1.082000e+01	3.607760e+05
1.087000e+01	3.609660e+05
1.092000e+01	3.600670e+05
1.097100e+01	3.592250e+05
1.102100e+01	3.596630e+05
1.107100e+01	3.592880e+05
1.112100e+01	3.600220e+05
1.117100e+01	3.594400e+05
1.122100e+01	3.592510e+05
1.127200e+01	3.584000e+05
1.132200e+01	3.587430e+05
1.137200e+01	3.647490e+05
1.142200e+01	3.692110e+05
1.147200e+01	3.675240e+05
1.152100e+01	3.669180e+05
1.157200e+01	3.665670e+05
1.162200e+01	3.654090e+05
1.167300e+01	3.657810e+05
1.172200e+01	3.643440e+05
1.177200e+01	3.648160e+05
1.182300e+01	3.633750e+05
1.187300e+01	3.634690e+05
1.192300e+01	3.630510e+05
1.197300e+01	3.645200e+05
1.202300e+01	3.642880e+05
1.207300e+01	3.634700e+05
1.212300e+01	3.625920e+05
1.217400e+01	3.626970e+05
1.222400e+01	3.625240e+05
1.227300e+01	3.626710e+05
1.232400e+01	3.623540e+05
1.237400e+01	3.688930e+05
1.242300e+01	3.722510e+05
1.247400e+01	3.737980e+05
1.252400e+01	3.704270e+05
1.257500e+01	3.698350e+05
1.262400e+01	3.695150e+05
1.267400e+01	3.678270e+05
1.272400e+01	3.681370e+05
1.277500e+01	3.670050e+05
1.282500e+01	3.676180e+05
1.287500e+01	3.667600e+05
1.292400e+01	3.661020e+05
1.297500e+01	3.658810e+05
1.302500e+01	3.650020e+05
1.307500e+01	3.659850e+05
1.312500e+01	3.645250e+05
1.317500e+01	3.686990e+05
1.322500e+01	3.662780e+05
1.327500e+01	3.651600e+05
1.332500e+01	3.655110e+05
1.337600e+01	3.722710e+05
1.342600e+01	3.750080e+05
1.347600e+01	3.748710e+05
1.352600e+01	3.719510e+05
1.357600e+01	3.718110e+05
1.362600e+01	3.712670e+05
1.367700e+01	3.709730e+05
1.372600e+01	3.703610e+05
1.377700e+01	3.693950e+05
1.382600e+01	3.687310e+05
1.387700e+01	3.687900e+05
1.392700e+01	3.689100e+05
1.397700e+01	3.688200e+05
1.402700e+01	3.689740e+05
1.407700e+01	3.682960e+05
1.412700e+01	3.679070e+05
1.417700e+01	3.674730e+05
1.422700e+01	3.685270e+05
1.427800e+01	3.677600e+05
1.432700e+01	3.675900e+05
1.437800e+01	3.746810e+05
1.442700e+01	3.775110e+05
1.447800e+01	3.758950e+05
1.452800e+01	3.755730e+05
1.457800e+01	3.744890e+05
1.462800e+01	3.743980e+05
1.467800e+01	3.724930e+05
1.472700e+01	3.722160e+05
1.477800e+01	3.724310e+05
1.482800e+01	3.716710e+05
1.487900e+01	3.722530e+05
1.492900e+01	3.703340e+05
1.497800e+01	3.704670e+05
1.502800e+01	3.708810e+05
1.507800e+01	3.708450e+05
1.512900e+01	3.712190e+05
1.517900e+01	3.701660e+05
1.522800e+01	3.705960e+05
1.527900e+01	3.703150e+05
1.532900e+01	3.702250e+05
1.537900e+01	3.772510e+05
1.543000e+01	3.792790e+05
1.548000e+01	3.790850e+05
1.553000e+01	3.765410e+05
1.558000e+01	3.756940e+05
1.563000e+01	3.758690e+05
1.568000e+01	3.750750e+05
1.573000e+01	3.744160e+05
1.578000e+01	3.737810e+05
1.583000e+01	3.733590e+05
1.588100e+01	3.760530e+05
1.593000e+01	3.727600e+05
1.598000e+01	3.733540e+05
1.603100e+01	3.726280e+05
1.608000e+01	3.717270e+05
1.613100e+01	3.703770e+05
1.618100e+01	3.710050e+05
1.623100e+01	3.719340e+05
1.628000e+01	3.718700e+05
1.633000e+01	3.709910e+05
1.638100e+01	3.780290e+05
1.643100e+01	3.796750e+05
1.648100e+01	3.791230e+05
1.653200e+01	3.773680e+05
1.658100e+01	3.775510e+05
1.663100e+01	3.765020e+05
1.668100e+01	3.760330e+05
1.673200e+01	3.744950e+05
1.678200e+01	3.749600e+05
1.683200e+01	3.748190e+05
1.688200e+01	3.740360e+05
1.693200e+01	3.734020e+05
1.698300e+01	3.724640e+05
1.703200e+01	3.731710e+05
1.708200e+01	3.737350e+05
1.713200e+01	3.727860e+05
1.718200e+01	3.731270e+05
1.723200e+01	3.723430e+05
1.728300e+01	3.717290e+05
1.733300e+01	3.718460e+05
1.738300e+01	3.784080e+05
1.743300e+01	3.811920e+05
1.748300e+01	3.789770e+05
1.753300e+01	3.773510e+05
1.758400e+01	3.770990e+05
1.763400e+01	3.761590e+05
1.768300e+01	3.761140e+05
1.773300e+01	3.751460e+05
1.778400e+01	3.742580e+05
1.783400e+01	3.743410e+05
1.788400e+01	3.741060e+05
1.793400e+01	3.741060e+05
1.798300e+01	3.734880e+05
1.803400e+01	3.738390e+05
1.808500e+01	3.730170e+05
1.813500e+01	3.731460e+05
1.818500e+01	3.730690e+05
1.823500e+01	3.730930e+05
1.828500e+01	3.731130e+05
1.833500e+01	3.732980e+05
1.838500e+01	3.785430e+05
1.843500e+01	3.795980e+05
1.848500e+01	3.782790e+05
1.853500e+01	3.776820e+05
1.858600e+01	3.762940e+05
1.863600e+01	3.763560e+05
1.868600e+01	3.756330e+05
1.873500e+01	3.742310e+05
1.878500e+01	3.746380e+05
1.883600e+01	3.741170e+05
1.888600e+01	3.744680e+05
1.893600e+01	3.727260e+05
1.898700e+01	3.729500e+05
1.903600e+01	3.728890e+05
1.908600e+01	3.730160e+05
1.913600e+01	3.728600e+05
1.918600e+01	3.724620e+05
1.923600e+01	3.725080e+05
1.928700e+01	3.722620e+05
1.933600e+01	3.728330e+05
1.938600e+01	3.791960e+05
1.943700e+01	3.797150e+05
1.948700e+01	3.781440e+05
1.953700e+01	3.769140e+05
1.958800e+01	3.752380e+05
1.963800e+01	3.750890e+05
1.968800e+01	3.751810e+05
1.973700e+01	3.743520e+05
1.978700e+01	3.731980e+05
1.983800e+01	3.729340e+05
1.988700e+01	3.732630e+05
1.993700e+01	3.728040e+05
1.998800e+01	3.727180e+05
2.003800e+01	3.722090e+05
2.008800e+01	3.721230e+05
2.013800e+01	3.715110e+05
2.018800e+01	3.719410e+05
2.023800e+01	3.718570e+05
2.028800e+01	3.725350e+05
2.033800e+01	3.716120e+05
2.038900e+01	3.775750e+05
2.043800e+01	3.770550e+05
2.048900e+01	3.775940e+05
2.053900e+01	3.748030e+05
2.058900e+01	3.744960e+05
2.063900e+01	3.736380e+05
2.068900e+01	3.733880e+05
2.073900e+01	3.719960e+05
2.079000e+01	3.717740e+05
2.083900e+01	3.719950e+05
2.088900e+01	3.711380e+05
2.093900e+01	3.703790e+05
2.099000e+01	3.707170e+05
2.104000e+01	3.702200e+05
2.109000e+01	3.710420e+05
2.114000e+01	3.706250e+05
2.119000e+01	3.697430e+05
2.124000e+01	3.698400e+05
2.129100e+01	3.701480e+05
2.134000e+01	3.714940e+05
2.139000e+01	3.753250e+05
2.144000e+01	3.760850e+05
2.149100e+01	3.744130e+05
2.154000e+01	3.731450e+05
2.159100e+01	3.721710e+05
2.164100e+01	3.715720e+05
2.169100e+01	3.715320e+05
2.174100e+01	3.710380e+05
2.179100e+01	3.701700e+05
2.184100e+01	3.701690e+05
2.189100e+01	3.692280e+05
2.194100e+01	3.693610e+05
2.199200e+01	3.689440e+05
2.204200e+01	3.686830e+05
2.209200e+01	3.681140e+05
2.214200e+01	3.670610e+05
2.219200e+01	3.686180e+05
2.224200e+01	3.683270e+05
2.229300e+01	3.683630e+05
2.234200e+01	3.679600e+05
2.239200e+01	3.728710e+05
2.244300e+01	3.731840e+05
2.249200e+01	3.716240e+05
2.254300e+01	3.709510e+05
2.259200e+01	3.698970e+05
2.264300e+01	3.693450e+05
2.269300e+01	3.681090e+05
2.274300e+01	3.675690e+05
2.279300e+01	3.680000e+05
2.284300e+01	3.672610e+05
2.289300e+01	3.667890e+05
2.294300e+01	3.662160e+05
2.299400e+01	3.656610e+05
2.304400e+01	3.659040e+05
2.309400e+01	3.666950e+05
2.314400e+01	3.658780e+05
2.319400e+01	3.654780e+05
2.324400e+01	3.647410e+05
2.329400e+01	3.650370e+05
2.334400e+01	3.653610e+05
2.339400e+01	3.703700e+05
2.344400e+01	3.700190e+05
2.349400e+01	3.683160e+05
2.354400e+01	3.674870e+05
2.359500e+01	3.666000e+05
2.364400e+01	3.660580e+05
2.369400e+01	3.659950e+05
2.374400e+01	3.645530e+05
2.379500e+01	3.638720e+05
2.384500e+01	3.635730e+05
2.389500e+01	3.631730e+05
2.394500e+01	3.633350e+05
2.399500e+01	3.625600e+05
2.404500e+01	3.627780e+05
2.409600e+01	3.618820e+05
2.414600e+01	3.624100e+05
2.419600e+01	3.622980e+05
2.424500e+01	3.622770e+05
2.429600e+01	3.619900e+05
2.434600e+01	3.626990e+05
2.439600e+01	3.658770e+05
2.444600e+01	3.661860e+05
2.449600e+01	3.646030e+05
2.454700e+01	3.633420e+05
2.459600e+01	3.628920e+05
2.464600e+01	3.623020e+05
2.469600e+01	3.620610e+05
2.474600e+01	3.616660e+05
2.479700e+01	3.609650e+05
2.484700e+01	3.603270e+05
2.489700e+01	3.607840e+05
2.494800e+01	3.600160e+05
2.499700e+01	3.593720e+05
2.504700e+01	3.597550e+05
2.509700e+01	3.589730e+05
2.514700e+01	3.589120e+05
2.519800e+01	3.584680e+05
2.524800e+01	3.586790e+05
2.529800e+01	3.583190e+05
2.534800e+01	3.594020e+05
2.539800e+01	3.633790e+05
2.544700e+01	3.626570e+05
2.549800e+01	3.611890e+05
2.554800e+01	3.605400e+05
2.559800e+01	3.589700e+05
2.564800e+01	3.591340e+05
2.569800e+01	3.577160e+05
2.574900e+01	3.577520e+05
2.579900e+01	3.563300e+05
2.584900e+01	3.570510e+05
2.589900e+01	3.571990e+05
2.594900e+01	3.561410e+05
2.599900e+01	3.563550e+05
2.604900e+01	3.552660e+05
2.610000e+01	3.553700e+05
2.614900e+01	3.548800e+05
2.620000e+01	3.550040e+05
2.625000e+01	3.546600e+05
2.630000e+01	3.551890e+05
2.635000e+01	3.549480e+05
2.640000e+01	3.592620e+05
2.644900e+01	3.580040e+05
2.650000e+01	3.584300e+05
2.655000e+01	3.556960e+05
2.660100e+01	3.559100e+05
2.665100e+01	3.543880e+05
2.670100e+01	3.544330e+05
2.675000e+01	3.533710e+05
2.680100e+01	3.532090e+05
2.685000e+01	3.528110e+05
2.690100e+01	3.515930e+05
2.695000e+01	3.517320e+05
2.700100e+01	3.518970e+05
2.705100e+01	3.504960e+05
2.710100e+01	3.516540e+05
2.715100e+01	3.511490e+05
2.720100e+01	3.506040e+05
2.725100e+01	3.507770e+05
2.730200e+01	3.501090e+05
2.735100e+01	3.515950e+05
2.740100e+01	3.547510e+05
2.745100e+01	3.549990e+05
2.750200e+01	3.521650e+05
2.755200e+01	3.523280e+05
2.760300e+01	3.500500e+05
2.765200e+01	3.508300e+05
2.770300e+01	3.491430e+05
2.775300e+01	3.494870e+05
2.780200e+01	3.480530e+05
2.785300e+01	3.481410e+05
2.790300e+01	3.475380e+05
2.795300e+01	3.482450e+05
2.800300e+01	3.466520e+05
2.805300e+01	3.468250e+05
2.810300e+01	3.466840e+05
2.815300e+01	3.456750e+05
2.820300e+01	3.470110e+05
2.825300e+01	3.465080e+05
2.830300e+01	3.467680e+05
2.835300e+01	3.461580e+05
2.840300e+01	3.510610e+05
2.845300e+01	3.494420e+05
2.850400e+01	3.486770e+05
2.855300e+01	3.472790e+05
2.860400e+01	3.472050e+05
2.865400e+01	3.454870e+05
2.870400e+01	3.452410e+05
2.875500e+01	3.445700e+05
2.880400e+01	3.451570e+05
2.885400e+01	3.437540e+05
2.890500e+01	3.433550e+05
2.895400e+01	3.429210e+05
2.900500e+01	3.428380e+05
2.905500e+01	3.436980e+05
2.910500e+01	3.424440e+05
2.915500e+01	3.425650e+05
2.920500e+01	3.419830e+05
2.925500e+01	3.422760e+05
2.930500e+01	3.420340e+05
2.935500e+01	3.423370e+05
2.940600e+01	3.463340e+05
2.945500e+01	3.449900e+05
2.950500e+01	3.440490e+05
2.955500e+01	3.435290e+05
2.960600e+01	3.419770e+05
2.965600e+01	3.422230e+05
2.970600e+01	3.409050e+05
2.975600e+01	3.408610e+05
2.980600e+01	3.402570e+05
2.985600e+01	3.392400e+05
2.990600e+01	3.396300e+05
2.995600e+01	3.395200e+05
3.000600e+01	3.387690e+05
3.005700e+01	3.383230e+05
3.010700e+01	3.382680e+05
3.015700e+01	3.380050e+05
3.020600e+01	3.381790e+05
3.025700e+01	3.381910e+05
3.030700e+01	3.379180e+05
3.035700e+01	3.385680e+05
3.040700e+01	3.412820e+05
3.045700e+01	3.404820e+05
3.050800e+01	3.392590e+05
3.055800e+01	3.385490e+05
3.060800e+01	3.369610e+05
3.065800e+01	3.365260e+05
3.070800e+01	3.367340e+05
3.075800e+01	3.360470e+05
3.080800e+01	3.355550e+05
3.085800e+01	3.354470e+05
3.090800e+01	3.343530e+05
3.095800e+01	3.345690e+05
3.100800e+01	3.339360e+05
3.105800e+01	3.338670e+05
3.110800e+01	3.337920e+05
3.115900e+01	3.341170e+05
3.120900e+01	3.329030e+05
3.125900e+01	3.339100e+05
3.130900e+01	3.329410e+05
3.135900e+01	3.358120e+05
3.141000e+01	3.369070e+05
3.146000e+01	3.358420e+05
3.150900e+01	3.348000e+05
3.156000e+01	3.335890e+05
3.161000e+01	3.334350e+05
3.166000e+01	3.328490e+05
3.171000e+01	3.322050e+05
3.175900e+01	3.315980e+05
3.181100e+01	3.308560e+05
3.186000e+01	3.307040e+05
3.191000e+01	3.338410e+05
3.196000e+01	3.307030e+05
3.201100e+01	3.300750e+05
3.206000e+01	3.291580e+05
3.211000e+01	3.293080e+05
3.216000e+01	3.287030e+05
3.221100e+01	3.292360e+05
3.226100e+01	3.290800e+05
3.231100e+01	3.287880e+05
3.236100e+01	3.310110e+05
3.241100e+01	3.329590e+05
3.246100e+01	3.318520e+05
3.251100e+01	3.316170e+05
3.256200e+01	3.297220e+05
3.261200e+01	3.296070e+05
3.266200e+01	3.275460e+05
3.271200e+01	3.286440e+05
3.276200e+01	3.275650e+05
3.281200e+01	3.271080e+05
3.286200e+01	3.267500e+05
3.291100e+01	3.258980e+05
3.296200e+01	3.263750e+05
3.301200e+01	3.256150e+05
3.306200e+01	3.266390e+05
3.311300e+01	3.252900e+05
3.316300e+01	3.252730e+05
3.321200e+01	3.245170e+05
3.326200e+01	3.244220e+05
3.331300e+01	3.257070e+05
3.336300e+01	3.266230e+05
3.341300e+01	3.292690e+05
3.346300e+01	3.283500e+05
3.351300e+01	3.263070e+05
3.356300e+01	3.258650e+05
3.361300e+01	3.251950e+05
3.366300e+01	3.252020e+05
3.371300e+01	3.246690e+05
3.376300e+01	3.229260e+05
3.381400e+01	3.236830e+05
3.386400e+01	3.229070e+05
3.391400e+01	3.231630e+05
3.396400e+01	3.227650e+05
3.401400e+01	3.220440e+05
3.406400e+01	3.217330e+05
3.411400e+01	3.214190e+05
3.416400e+01	3.216260e+05
3.421500e+01	3.216970e+05
3.426500e+01	3.213040e+05
3.431500e+01	3.210300e+05
3.436400e+01	3.236820e+05
3.441500e+01	3.250780e+05
3.446500e+01	3.242470e+05
3.451500e+01	3.235860e+05
3.456500e+01	3.225740e+05
3.461500e+01	3.217140e+05
3.466600e+01	3.212310e+05
3.471600e+01	3.204760e+05
3.476500e+01	3.207930e+05
3.481600e+01	3.196340e+05
3.486600e+01	3.190770e+05
3.491600e+01	3.190200e+05
3.496600e+01	3.187950e+05
3.501600e+01	3.194900e+05
3.506600e+01	3.177720e+05
3.511600e+01	3.185820e+05
3.516600e+01	3.179500e+05
3.521600e+01	3.183780e+05
3.526700e+01	3.169630e+05
3.531600e+01	3.176760e+05
3.536600e+01	3.195090e+05
3.541700e+01	3.221300e+05
3.546700e+01	3.211960e+05
3.551700e+01	3.200570e+05
3.556700e+01	3.195220e+05
3.561700e+01	3.190150e+05
3.566700e+01	3.173790e+05
3.571700e+01	3.180910e+05
3.576700e+01	3.169500e+05
3.581700e+01	3.166980e+05
3.586800e+01	3.168640e+05
3.591800e+01	3.163100e+05
3.596800e+01	3.167190e+05
3.601800e+01	3.149580e+05
3.606800e+01	3.162330e+05
3.611800e+01	3.147210e+05
3.616800e+01	3.158490e+05
3.621800e+01	3.149830e+05
3.626800e+01	3.151600e+05
3.631800e+01	3.148610e+05
3.636800e+01	3.167580e+05
3.641900e+01	3.198670e+05
3.646900e+01	3.183390e+05
3.651900e+01	3.180040e+05
3.656900e+01	3.162900e+05
3.661900e+01	3.159450e+05
3.666800e+01	3.149410e+05
3.671900e+01	3.157350e+05
3.676900e+01	3.148020e+05
3.681900e+01	3.151730e+05
3.687000e+01	3.133020e+05
3.692000e+01	3.142140e+05
3.696900e+01	3.129890e+05
3.702000e+01	3.138240e+05
3.706900e+01	3.126790e+05
3.711900e+01	3.135350e+05
3.716900e+01	3.132550e+05
3.722000e+01	3.122140e+05
3.727000e+01	3.121910e+05
3.732000e+01	3.128760e+05
3.737000e+01	3.158930e+05
3.742000e+01	3.176430e+05
3.747000e+01	3.165210e+05
3.752000e+01	3.151520e+05
3.757000e+01	3.150010e+05
3.762100e+01	3.139220e+05
3.767100e+01	3.130980e+05
3.772100e+01	3.125270e+05
3.777100e+01	3.130320e+05
3.782200e+01	3.116500e+05
3.787100e+01	3.127160e+05
3.792200e+01	3.121870e+05
3.797200e+01	3.115850e+05
3.802200e+01	3.108400e+05
3.807100e+01	3.113370e+05
3.812200e+01	3.114260e+05
3.817200e+01	3.107450e+05
3.822200e+01	3.108630e+05
3.827200e+01	3.099860e+05
3.832200e+01	3.107010e+05
3.837300e+01	3.131570e+05
3.842300e+01	3.161130e+05
3.847200e+01	3.138930e+05
3.852300e+01	3.146470e+05
3.857300e+01	3.132410e+05
3.862300e+01	3.122810e+05
3.867300e+01	3.111530e+05
3.872300e+01	3.126640e+05
3.877300e+01	3.109710e+05
3.882300e+01	3.105470e+05
3.887300e+01	3.099310e+05
3.892300e+01	3.100350e+05
3.897400e+01	3.100170e+05
3.902400e+01	3.095090e+05
3.907400e+01	3.103650e+05
3.912300e+01	3.093320e+05
3.917400e+01	3.094660e+05
3.922300e+01	3.087630e+05
3.927400e+01	3.097530e+05
3.932400e+01	3.096500e+05
3.937400e+01	3.134080e+05
3.942500e+01	3.146700e+05
3.947500e+01	3.133150e+05
3.952400e+01	3.125470e+05
3.957500e+01	3.116950e+05
3.962500e+01	3.112990e+05
3.967500e+01	3.106170e+05
3.972500e+01	3.104020e+05
3.977400e+01	3.101620e+05
3.982500e+01	3.094500e+05
3.987500e+01	3.097850e+05
3.992500e+01	3.096480e+05
3.997500e+01	3.090660e+05
4.002500e+01	3.087900e+05
4.007500e+01	3.083090e+05
4.012500e+01	3.080320e+05
4.017600e+01	3.089310e+05
4.022500e+01	3.082040e+05
4.027500e+01	3.080280e+05
4.032600e+01	3.079590e+05
4.037600e+01	3.121550e+05
4.042600e+01	3.141340e+05
4.047600e+01	3.124800e+05
4.052600e+01	3.126720e+05
4.057600e+01	3.107800e+05
4.062700e+01	3.102160e+05
4.067600e+01	3.097880e+05
4.072600e+01	3.098770e+05
4.077600e+01	3.103950e+05
4.082600e+01	3.091270e+05
4.087700e+01	3.089870e+05
4.092700e+01	3.089530e+05
4.097700e+01	3.080520e+05
4.102800e+01	3.084390e+05
4.107800e+01	3.077470e+05
4.112800e+01	3.078990e+05
4.117800e+01	3.081700e+05
4.122800e+01	3.076080e+05
4.127800e+01	3.079550e+05
4.132800e+01	3.073310e+05
4.137800e+01	3.131590e+05
4.142800e+01	3.129690e+05
4.147700e+01	3.124010e+05
4.152800e+01	3.117210e+05
4.157800e+01	3.108750e+05
4.162800e+01	3.106190e+05
4.167900e+01	3.101150e+05
4.172800e+01	3.090880e+05
4.177800e+01	3.095230e+05
4.182900e+01	3.079670e+05
4.187900e+01	3.092630e+05
4.192900e+01	3.083670e+05
4.197900e+01	3.083740e+05
4.202900e+01	3.078580e+05
4.207900e+01	3.080290e+05
4.213000e+01	3.079850e+05
4.217900e+01	3.079460e+05
4.223000e+01	3.081900e+05
4.227900e+01	3.082510e+05
4.233000e+01	3.076850e+05
4.238000e+01	3.129160e+05
4.243000e+01	3.140440e+05
4.248000e+01	3.124710e+05
4.253100e+01	3.120080e+05
4.258000e+01	3.108490e+05
4.263000e+01	3.106320e+05
4.268000e+01	3.096700e+05
4.273100e+01	3.101410e+05
4.278000e+01	3.099930e+05
4.283100e+01	3.084960e+05
4.288000e+01	3.091240e+05
4.293100e+01	3.083450e+05
4.298100e+01	3.084820e+05
4.303100e+01	3.080910e+05
4.308100e+01	3.082640e+05
4.313100e+01	3.086010e+05
4.318200e+01	3.084890e+05
4.323100e+01	3.081460e+05
4.328100e+01	3.083230e+05
4.333200e+01	3.080330e+05
4.338200e+01	3.148520e+05
4.343200e+01	3.140750e+05
4.348200e+01	3.139880e+05
4.353100e+01	3.127460e+05
4.358200e+01	3.126030e+05
4.363300e+01	3.116700e+05
4.368200e+01	3.108550e+05
4.373200e+01	3.104110e+05
4.378200e+01	3.098180e+05
4.383200e+01	3.104660e+05
4.388300e+01	3.100070e+05
4.393300e+01	3.102290e+05
4.398300e+01	3.090070e+05
4.403300e+01	3.097950e+05
4.408300e+01	3.089560e+05
4.413300e+01	3.098580e+05
4.418400e+01	3.089240e+05
4.423400e+01	3.094540e+05
4.428300e+01	3.082750e+05
4.433300e+01	3.094060e+05
4.438400e+01	3.152520e+05
4.443400e+01	3.154790e+05
4.448400e+01	3.148740e+05
4.453400e+01	3.142750e+05
4.458400e+01	3.136960e+05
4.463400e+01	3.122600e+05
4.468400e+01	3.120850e+05
4.473400e+01	3.118720e+05
4.478400e+01	3.119900e+05
4.483400e+01	3.103780e+05
4.488500e+01	3.110940e+05
4.493400e+01	3.105710e+05
4.498400e+01	3.117150e+05
4.503400e+01	3.102670e+05
4.508500e+01	3.102430e+05
4.513500e+01	3.102740e+05
4.518400e+01	3.102990e+05
4.523600e+01	3.106500e+05
4.528500e+01	3.126250e+05
4.533500e+01	3.111030e+05
4.538500e+01	3.165210e+05
4.543500e+01	3.170730e+05
4.548500e+01	3.155060e+05
4.553600e+01	3.145410e+05
4.558600e+01	3.150660e+05
4.563600e+01	3.141370e+05
4.568600e+01	3.139790e+05
4.573600e+01	3.133270e+05
4.578600e+01	3.130710e+05
4.583600e+01	3.126770e+05
4.588600e+01	3.119660e+05
4.593700e+01	3.123740e+05
4.598600e+01	3.119790e+05
4.603600e+01	3.112280e+05
4.608600e+01	3.117760e+05
4.613600e+01	3.114200e+05
4.618700e+01	3.116750e+05
4.623800e+01	3.118130e+05
4.628700e+01	3.118000e+05
4.633700e+01	3.117810e+05
4.638700e+01	3.184510e+05
4.643700e+01	3.189400e+05
4.648700e+01	3.176780e+05
4.653800e+01	3.163780e+05
4.658700e+01	3.158980e+05
4.663700e+01	3.152800e+05
4.668700e+01	3.152550e+05
4.673800e+01	3.154950e+05
4.678800e+01	3.140880e+05
4.683800e+01	3.140040e+05
4.688800e+01	3.139900e+05
4.693800e+01	3.140280e+05
4.698800e+01	3.136330e+05
4.703800e+01	3.140780e+05
4.708800e+01	3.133320e+05
4.713900e+01	3.136210e+05
4.718800e+01	3.129920e+05
4.723900e+01	3.127330e+05
4.728900e+01	3.132610e+05
4.733900e+01	3.137090e+05
4.738900e+01	3.204970e+05
4.744000e+01	3.196780e+05
4.748900e+01	3.187400e+05
4.753900e+01	3.191570e+05
4.759000e+01	3.178650e+05
4.764000e+01	3.176430e+05
4.768900e+01	3.159120e+05
4.773900e+01	3.163850e+05
4.778900e+01	3.161070e+05
4.784000e+01	3.153850e+05
4.789000e+01	3.155700e+05
4.794000e+01	3.148370e+05
4.799000e+01	3.153980e+05
4.804000e+01	3.143470e+05
4.809000e+01	3.148070e+05
4.814100e+01	3.150300e+05
4.819000e+01	3.149520e+05
4.824100e+01	3.146300e+05
4.829000e+01	3.146950e+05
4.834100e+01	3.159170e+05
4.839100e+01	3.223960e+05
4.844100e+01	3.224000e+05
4.849100e+01	3.204590e+05
4.854100e+01	3.206200e+05
4.859100e+01	3.193020e+05
4.864200e+01	3.193800e+05
4.869200e+01	3.189920e+05
4.874100e+01	3.186650e+05
4.879100e+01	3.182840e+05
4.884200e+01	3.178520e+05
4.889200e+01	3.172580e+05
4.894200e+01	3.171020e+05
4.899200e+01	3.175100e+05
4.904200e+01	3.169040e+05
4.909200e+01	3.161030e+05
4.914200e+01	3.171310e+05
4.919300e+01	3.165390e+05
4.924300e+01	3.172590e+05
4.929200e+01	3.166550e+05
4.934300e+01	3.181020e+05
4.939300e+01	3.243720e+05
4.944400e+01	3.235880e+05
4.949300e+01	3.236830e+05
4.954300e+01	3.228990e+05
4.959300e+01	3.224190e+05
4.964300e+01	3.207870e+05
4.969400e+01	3.199410e+05
4.974400e+01	3.201430e+05
4.979400e+01	3.199900e+05
4.984400e+01	3.196580e+05
4.989400e+01	3.193420e+05
4.994400e+01	3.186610e+05
4.999400e+01	3.192820e+05
5.004400e+01	3.184130e+05
5.009400e+01	3.191190e+05
5.014500e+01	3.191690e+05
5.019400e+01	3.196650e+05
5.024400e+01	3.179810e+05
5.029400e+01	3.182520e+05
5.034500e+01	3.199340e+05
5.039500e+01	3.268440e+05
5.044400e+01	3.256880e+05
5.049400e+01	3.252260e+05
5.054500e+01	3.240170e+05
5.059500e+01	3.236400e+05
5.064600e+01	3.229390e+05
5.069500e+01	3.230220e+05
5.074500e+01	3.231390e+05
5.079600e+01	3.220200e+05
5.084600e+01	3.211720e+05
5.089600e+01	3.211460e+05
5.094600e+01	3.215670e+05
5.099500e+01	3.211520e+05
5.104600e+01	3.209470e+05
5.109600e+01	3.203840e+05
5.114600e+01	3.215600e+05
5.119600e+01	3.210740e+05
5.124600e+01	3.209840e+05
5.129600e+01	3.199330e+05
5.134700e+01	3.225140e+05
5.139600e+01	3.277490e+05
5.144700e+01	3.276200e+05
5.149700e+01	3.265470e+05
5.154700e+01	3.262840e+05
5.159700e+01	3.252640e+05
5.164700e+01	3.247910e+05
5.169700e+01	3.247740e+05
5.174700e+01	3.246060e+05
5.179700e+01	3.245830e+05
5.184800e+01	3.241540e+05
5.189800e+01	3.232430e+05
5.194800e+01	3.228480e+05
5.199800e+01	3.229990e+05
5.204800e+01	3.217860e+05
5.209800e+01	3.232280e+05
5.214800e+01	3.220730e+05
5.219800e+01	3.229730e+05
5.224800e+01	3.221510e+05
5.229800e+01	3.224850e+05
5.234800e+01	3.245100e+05
5.239900e+01	3.301530e+05
5.244800e+01	3.306240e+05
5.249900e+01	3.284530e+05
5.254900e+01	3.281920e+05
5.259900e+01	3.273670e+05
5.264800e+01	3.270450e+05
5.269900e+01	3.268930e+05
5.274900e+01	3.267770e+05
5.280000e+01	3.256330e+05
5.285000e+01	3.254240e+05
5.290000e+01	3.250210e+05
5.294900e+01	3.255870e+05
5.299900e+01	3.250800e+05
5.304900e+01	3.254720e+05
5.309900e+01	3.246200e+05
5.315000e+01	3.242460e+05
5.320000e+01	3.251980e+05
5.325000e+01	3.240690e+05
5.330000e+01	3.242360e+05
5.335000e+01	3.264700e+05
5.340000e+01	3.327590e+05
5.345000e+01	3.324360e+05
5.350100e+01	3.312370e+05
5.355000e+01	3.308500e+05
5.360000e+01	3.293420e+05
5.365100e+01	3.289380e+05
5.370100e+01	3.278460e+05
5.375100e+01	3.283090e+05
5.380100e+01	3.280690e+05
5.385100e+01	3.275880e+05
5.390100e+01	3.274300e+05
5.395100e+01	3.275510e+05
5.400100e+01	3.267750e+05
5.405100e+01	3.273830e+05
5.410200e+01	3.263040e+05
5.415200e+01	3.273480e+05
5.420200e+01	3.258220e+05
5.425200e+01	3.265490e+05
5.430200e+01	3.262860e+05
5.435200e+01	3.287610e+05
5.440200e+01	3.345000e+05
5.445300e+01	3.334290e+05
5.450300e+01	3.323540e+05
5.455200e+01	3.322980e+05
5.460200e+01	3.315890e+05
5.465300e+01	3.309860e+05
5.470300e+01	3.303090e+05
5.475300e+01	3.298470e+05
5.480300e+01	3.295090e+05
5.485300e+01	3.288590e+05
5.490300e+01	3.297480e+05
5.495300e+01	3.290760e+05
5.500300e+01	3.292450e+05
5.505300e+01	3.282380e+05
5.510400e+01	3.284690e+05
5.515400e+01	3.283290e+05
5.520400e+01	3.289900e+05
5.525400e+01	3.284520e+05
5.530300e+01	3.282750e+05
5.535400e+01	3.303190e+05
5.540400e+01	3.369990e+05
5.545400e+01	3.357260e+05
5.550400e+01	3.354300e+05
5.555400e+01	3.334390e+05
5.560500e+01	3.333470e+05
5.565500e+01	3.323700e+05
5.570400e+01	3.315460e+05
5.575400e+01	3.328130e+05
5.580500e+01	3.324180e+05
5.585500e+01	3.317790e+05
5.590600e+01	3.308350e+05
5.595500e+01	3.308710e+05
5.600500e+01	3.308250e+05
5.605600e+01	3.306130e+05
5.610500e+01	3.305530e+05
5.615600e+01	3.298110e+05
5.620600e+01	3.303400e+05
5.625600e+01	3.298210e+05
5.630500e+01	3.302930e+05
5.635600e+01	3.332100e+05
5.640600e+01	3.384640e+05
5.645600e+01	3.378840e+05
5.650600e+01	3.365790e+05
5.655600e+01	3.351610e+05
5.660600e+01	3.362990e+05
5.665600e+01	3.347690e+05
5.670700e+01	3.348100e+05
5.675700e+01	3.335020e+05
5.680700e+01	3.337510e+05
5.685700e+01	3.330640e+05
5.690800e+01	3.330540e+05
5.695700e+01	3.329480e+05
5.700700e+01	3.325070e+05
5.705700e+01	3.321270e+05
5.710800e+01	3.320970e+05
5.715800e+01	3.325840e+05
5.720700e+01	3.327160e+05
5.725700e+01	3.330520e+05
5.730800e+01	3.318840e+05
5.735800e+01	3.353900e+05
5.740800e+01	3.408240e+05
5.745900e+01	3.400560e+05
5.750800e+01	3.386600e+05
5.755900e+01	3.380390e+05
5.760800e+01	3.377170e+05
5.765800e+01	3.370280e+05
5.770800e+01	3.359600e+05
5.775800e+01	3.364820e+05
5.780800e+01	3.364570e+05
5.785900e+01	3.355200e+05
5.790900e+01	3.352730e+05
5.795900e+01	3.349740e+05
5.800900e+01	3.350940e+05
5.805900e+01	3.347260e+05
5.810900e+01	3.345130e+05
5.815900e+01	3.347220e+05
5.820900e+01	3.343000e+05
5.826000e+01	3.345840e+05
5.831000e+01	3.350440e+05
5.836000e+01	3.384380e+05
5.841000e+01	3.434080e+05
5.845900e+01	3.416860e+05
5.851000e+01	3.407600e+05
5.856000e+01	3.399600e+05
5.861000e+01	3.408220e+05
5.866000e+01	3.388850e+05
5.871000e+01	3.393190e+05
5.876000e+01	3.378690e+05
5.881000e+01	3.386320e+05
5.886100e+01	3.374110e+05
5.891000e+01	3.381250e+05
5.896100e+01	3.380090e+05
5.901100e+01	3.373040e+05
5.906100e+01	3.368610e+05
5.911100e+01	3.370680e+05
5.916100e+01	3.367220e+05
5.921100e+01	3.366250e+05
5.926100e+01	3.362460e+05
5.931100e+01	3.364230e+05
5.936200e+01	3.400110e+05
5.941200e+01	3.444140e+05
5.946200e+01	3.450700e+05
5.951200e+01	3.436220e+05
5.956200e+01	3.426930e+05
5.961200e+01	3.416950e+05
5.966200e+01	3.412730e+05
5.971200e+01	3.408840e+05
5.976200e+01	3.412640e+05
5.981200e+01	3.403600e+05
5.986200e+01	3.397680e+05
5.991200e+01	3.398430e+05
5.996300e+01	3.389300e+05
6.001300e+01	3.403890e+05
6.006300e+01	3.390580e+05
6.011300e+01	3.395040e+05
6.016300e+01	3.390310e+05
6.021300e+01	3.391060e+05
6.026300e+01	3.388890e+05
6.031300e+01	3.395190e+05
6.036300e+01	3.465270e+05
6.041300e+01	3.480410e+05
6.046300e+01	3.453050e+05
6.051300e+01	3.455140e+05
6.056400e+01	3.449320e+05
6.061400e+01	3.443380e+05
6.066400e+01	3.459830e+05
6.071400e+01	3.438190e+05
6.076400e+01	3.426370e+05
6.081400e+01	3.427440e+05
6.086500e+01	3.425390e+05
6.091400e+01	3.418210e+05
6.096600e+01	3.424950e+05
6.101400e+01	3.408730e+05
6.106500e+01	3.412910e+05
6.111500e+01	3.408600e+05
6.116500e+01	3.419810e+05
6.121400e+01	3.411330e+05
6.126500e+01	3.419310e+05
6.131500e+01	3.407290e+05
6.136600e+01	3.451890e+05
6.141500e+01	3.501230e+05
6.146500e+01	3.494080e+05
6.151500e+01	3.475300e+05
6.156600e+01	3.479060e+05
6.161600e+01	3.456330e+05
6.166600e+01	3.455950e+05
6.171600e+01	3.452650e+05
6.176600e+01	3.454790e+05
6.181500e+01	3.457370e+05
6.186600e+01	3.437720e+05
6.191600e+01	3.442110e+05
6.196600e+01	3.429610e+05
6.201700e+01	3.444980e+05
6.206600e+01	3.442140e+05
6.211700e+01	3.441730e+05
6.216700e+01	3.428670e+05
6.221700e+01	3.440860e+05
6.226700e+01	3.426800e+05
6.231800e+01	3.441270e+05
6.236700e+01	3.497320e+05
6.241700e+01	3.533820e+05
6.246800e+01	3.506440e+05
6.251700e+01	3.496720e+05
6.256700e+01	3.491760e+05
6.261700e+01	3.485420e+05
6.266800e+01	3.483050e+05
6.271700e+01	3.473890e+05
6.276800e+01	3.469450e+05
6.281800e+01	3.462070e+05
6.286800e+01	3.460510e+05
6.291700e+01	3.463140e+05
6.296900e+01	3.462020e+05
6.301900e+01	3.456870e+05
6.306800e+01	3.458580e+05
6.311800e+01	3.452200e+05
6.316900e+01	3.454310e+05
6.321900e+01	3.453880e+05
6.326900e+01	3.451970e+05
6.331900e+01	3.447780e+05
6.336900e+01	3.502350e+05
6.341900e+01	3.536900e+05
6.346900e+01	3.531910e+05
6.351900e+01	3.517300e+05
6.356900e+01	3.511810e+05
6.361900e+01	3.505720e+05
6.366900e+01	3.493590e+05
6.372000e+01	3.493970e+05
6.377000e+01	3.490150e+05
6.382000e+01	3.484760e+05
6.386900e+01	3.479150e+05
6.392000e+01	3.479620e+05
6.397000e+01	3.476530e+05
6.402000e+01	3.477700e+05
6.407000e+01	3.479010e+05
6.412000e+01	3.470520e+05
6.417100e+01	3.477780e+05
6.422100e+01	3.471830e+05
6.427000e+01	3.469970e+05
6.432000e+01	3.483110e+05
6.437000e+01	3.526740e+05
6.442100e+01	3.560070e+05
6.447200e+01	3.548950e+05
6.452100e+01	3.532430e+05
6.457100e+01	3.539690e+05
6.462200e+01	3.523710e+05
6.467200e+01	3.516900e+05
6.472200e+01	3.506230e+05
6.477200e+01	3.512850e+05
6.482200e+01	3.506380e+05
6.487100e+01	3.503940e+05
6.492200e+01	3.504730e+05
6.497200e+01	3.498780e+05
6.502200e+01	3.498470e+05
6.507200e+01	3.496870e+05
6.512300e+01	3.492080e+05
6.517300e+01	3.503340e+05
6.522200e+01	3.487630e+05
6.527300e+01	3.488880e+05
6.532200e+01	3.490750e+05
6.537300e+01	3.545910e+05
6.542300e+01	3.588520e+05
6.547300e+01	3.566230e+05
6.552200e+01	3.564880e+05
6.557300e+01	3.547140e+05
6.562300e+01	3.547440e+05
6.567400e+01	3.538380e+05
6.572400e+01	3.544310e+05
6.577300e+01	3.533450e+05
6.582300e+01	3.531800e+05
6.587400e+01	3.522130e+05
6.592400e+01	3.522610e+05
6.597400e+01	3.521830e+05
6.602400e+01	3.525790e+05
6.607400e+01	3.515650e+05
6.612400e+01	3.518240e+05
6.617400e+01	3.514680e+05
6.622400e+01	3.520050e+05
6.627400e+01	3.514430e+05
6.632500e+01	3.520830e+05
6.637500e+01	3.575510e+05
6.642500e+01	3.600180e+05
6.647500e+01	3.589860e+05
6.652500e+01	3.580900e+05
6.657500e+01	3.574560e+05
6.662500e+01	3.571060e+05
6.667500e+01	3.563890e+05
6.672500e+01	3.554610e+05
6.677600e+01	3.553900e+05
6.682500e+01	3.548980e+05
6.687600e+01	3.556530e+05
6.692600e+01	3.544850e+05
6.697600e+01	3.546300e+05
6.702500e+01	3.535920e+05
6.707600e+01	3.545810e+05
6.712600e+01	3.541230e+05
6.717600e+01	3.541220e+05
6.722500e+01	3.545740e+05
6.727600e+01	3.531850e+05
6.732700e+01	3.534070e+05
6.737600e+01	3.596860e+05
6.742600e+01	3.625440e+05
6.747700e+01	3.614670e+05
6.752700e+01	3.602010e+05
6.757700e+01	3.599640e+05
6.762700e+01	3.595900e+05
6.767700e+01	3.582880e+05
6.772700e+01	3.586860e+05
6.777700e+01	3.576560e+05
6.782700e+01	3.580080e+05
6.787700e+01	3.568160e+05
6.792800e+01	3.564430e+05
6.797700e+01	3.573450e+05
6.802800e+01	3.569690e+05
6.807800e+01	3.563630e+05
6.812800e+01	3.563240e+05
6.817800e+01	3.558760e+05
6.822700e+01	3.566080e+05
6.827800e+01	3.570870e+05
6.832800e+01	3.561090e+05
6.837800e+01	3.620320e+05
6.842900e+01	3.649540e+05
6.847900e+01	3.632300e+05
6.852900e+01	3.627540e+05
6.857800e+01	3.619930e+05
6.862900e+01	3.616670e+05
6.867900e+01	3.608450e+05
6.872900e+01	3.600920e+05
6.877900e+01	3.601100e+05
6.882900e+01	3.598980e+05
6.887900e+01	3.591140e+05
6.892900e+01	3.591420e+05
6.897900e+01	3.585590e+05
6.902900e+01	3.593450e+05
6.907900e+01	3.585130e+05
6.912900e+01	3.590980e+05
6.918000e+01	3.582040e+05
6.923000e+01	3.591550e+05
6.928000e+01	3.576350e+05
6.933000e+01	3.581270e+05
6.938000e+01	3.652760e+05
6.943000e+01	3.677620e+05
6.948100e+01	3.658370e+05
6.953100e+01	3.648650e+05
6.958100e+01	3.630780e+05
6.963100e+01	3.643810e+05
6.968100e+01	3.628260e+05
6.973100e+01	3.628020e+05
6.978100e+01	3.626150e+05
6.983200e+01	3.613030e+05
6.988200e+01	3.620840e+05
6.993200e+01	3.611780e+05
6.998100e+01	3.616850e+05
7.003100e+01	3.610530e+05
7.008200e+01	3.609640e+05
7.013100e+01	3.603020e+05
7.018200e+01	3.602610e+05
7.023200e+01	3.608230e+05
7.028200e+01	3.605060e+05
7.033200e+01	3.604880e+05
7.038200e+01	3.671940e+05
7.043200e+01	3.689970e+05
7.048200e+01	3.683110e+05
7.053200e+01	3.665190e+05
7.058300e+01	3.671360e+05
7.063300e+01	3.658920e+05
7.068300e+01	3.649060e+05
7.073300e+01	3.649770e+05
7.078300e+01	3.641360e+05
7.083300e+01	3.648870e+05
7.088300e+01	3.635690e+05
7.093300e+01	3.637680e+05
7.098300e+01	3.622810e+05
7.103300e+01	3.633840e+05
7.108300e+01	3.625640e+05
7.113300e+01	3.628660e+05
7.118300e+01	3.624700e+05
7.123300e+01	3.620260e+05
7.128400e+01	3.618040e+05
7.133400e+01	3.626550e+05
7.138400e+01	3.696560e+05
7.143400e+01	3.719560e+05
7.148500e+01	3.709670e+05
7.153400e+01	3.689510e+05
7.158500e+01	3.681330e+05
7.163400e+01	3.678810e+05
7.168400e+01	3.677110e+05
7.173500e+01	3.665540e+05
7.178500e+01	3.665890e+05
7.183500e+01	3.654870e+05
7.188500e+01	3.660760e+05
7.193400e+01	3.654950e+05
7.198500e+01	3.653050e+05
7.203500e+01	3.652880e+05
7.208600e+01	3.653080e+05
7.213600e+01	3.643580e+05
7.218600e+01	3.645110e+05
7.223500e+01	3.644360e+05
7.228600e+01	3.646150e+05
7.233500e+01	3.643480e+05
7.238600e+01	3.717240e+05
7.243600e+01	3.723680e+05
7.248700e+01	3.708190e+05
7.253600e+01	3.712220e+05
7.258700e+01	3.700690e+05
7.263600e+01	3.696220e+05
7.268700e+01	3.675290e+05
7.273700e+01	3.690040e+05
7.278600e+01	3.678110e+05
7.283700e+01	3.676340e+05
7.288700e+01	3.675060e+05
7.293700e+01	3.666420e+05
7.298700e+01	3.672360e+05
7.303700e+01	3.660660e+05
7.308700e+01	3.665280e+05
7.313800e+01	3.661140e+05
7.318700e+01	3.661110e+05
7.323700e+01	3.666410e+05
7.328800e+01	3.656290e+05
7.333800e+01	3.665090e+05
7.338800e+01	3.730720e+05
7.343700e+01	3.748870e+05
7.348800e+01	3.729580e+05
7.353800e+01	3.719660e+05
7.358900e+01	3.706080e+05
7.363800e+01	3.704210e+05
7.368800e+01	3.708350e+05
7.373800e+01	3.698020e+05
7.378800e+01	3.695080e+05
7.383800e+01	3.693610e+05
7.388900e+01	3.689500e+05
7.393800e+01	3.687490e+05
7.398900e+01	3.684680e+05
7.403900e+01	3.684310e+05
7.408900e+01	3.681370e+05
7.413900e+01	3.699590e+05
7.418900e+01	3.678820e+05
7.423900e+01	3.684870e+05
7.428900e+01	3.678740e+05
7.434000e+01	3.675620e+05
7.439000e+01	3.743600e+05
7.443900e+01	3.758910e+05
7.448900e+01	3.741530e+05
7.454000e+01	3.742950e+05
7.459000e+01	3.728810e+05
7.463900e+01	3.722920e+05
7.469100e+01	3.715570e+05
7.474000e+01	3.713510e+05
7.479000e+01	3.707510e+05
7.484000e+01	3.704370e+05
7.489000e+01	3.697530e+05
7.494100e+01	3.689560e+05
7.499000e+01	3.694740e+05
7.504100e+01	3.696610e+05
7.509100e+01	3.693690e+05
7.514100e+01	3.689600e+05
7.519100e+01	3.689500e+05
7.524100e+01	3.688440e+05
7.529200e+01	3.685740e+05
7.534100e+01	3.691360e+05
7.539100e+01	3.764320e+05
7.544200e+01	3.764770e+05
7.549200e+01	3.753990e+05
7.554200e+01	3.738150e+05
7.559200e+01	3.734860e+05
7.564100e+01	3.726330e+05
7.569200e+01	3.732310e+05
7.574200e+01	3.718330e+05
7.579300e+01	3.718910e+05
7.584200e+01	3.709830e+05
7.589300e+01	3.703410e+05
7.594200e+01	3.711560e+05
7.599300e+01	3.695070e+05
7.604300e+01	3.700500e+05
7.609300e+01	3.692150e+05
7.614300e+01	3.695440e+05
7.619300e+01	3.688900e+05
7.624300e+01	3.701870e+05
7.629300e+01	3.692900e+05
7.634300e+01	3.696100e+05
7.639300e+01	3.762340e+05
7.644400e+01	3.771870e+05
7.649400e+01	3.749270e+05
7.654400e+01	3.752270e+05
7.659400e+01	3.742770e+05
7.664400e+01	3.730880e+05
7.669400e+01	3.722700e+05
7.674400e+01	3.719480e+05
7.679500e+01	3.722640e+05
7.684400e+01	3.713840e+05
7.689500e+01	3.719740e+05
7.694500e+01	3.701110e+05
7.699500e+01	3.711940e+05
7.704500e+01	3.703610e+05
7.709500e+01	3.707380e+05
7.714400e+01	3.698510e+05
7.719500e+01	3.696750e+05
7.724500e+01	3.691180e+05
7.729500e+01	3.695260e+05
7.734500e+01	3.699380e+05
7.739500e+01	3.772760e+05
7.744500e+01	3.767930e+05
7.749500e+01	3.757100e+05
7.754600e+01	3.744870e+05
7.759600e+01	3.735050e+05
7.764500e+01	3.738490e+05
7.769600e+01	3.728810e+05
7.774500e+01	3.725490e+05
7.779600e+01	3.715800e+05
7.784600e+01	3.722310e+05
7.789700e+01	3.705950e+05
7.794700e+01	3.715730e+05
7.799700e+01	3.702560e+05
7.804600e+01	3.702420e+05
7.809600e+01	3.704230e+05
7.814700e+01	3.698700e+05
7.819700e+01	3.706150e+05
7.824700e+01	3.698720e+05
7.829700e+01	3.694650e+05
7.834700e+01	3.695380e+05
7.839700e+01	3.763480e+05
7.844800e+01	3.765370e+05
7.849800e+01	3.753270e+05
7.854800e+01	3.752730e+05
7.859700e+01	3.736730e+05
7.864800e+01	3.726280e+05
7.869700e+01	3.730330e+05
7.874800e+01	3.716050e+05
7.879800e+01	3.717850e+05
7.884800e+01	3.710730e+05
7.889900e+01	3.711860e+05
7.894800e+01	3.702180e+05
7.899900e+01	3.700640e+05
7.904900e+01	3.698850e+05
7.909900e+01	3.697250e+05
7.914900e+01	3.699770e+05
7.919900e+01	3.696270e+05
7.924900e+01	3.698670e+05
7.929900e+01	3.694420e+05
7.934900e+01	3.700060e+05
7.939900e+01	3.771140e+05
7.944900e+01	3.754810e+05
7.950000e+01	3.743710e+05
7.954900e+01	3.747900e+05
7.960000e+01	3.729520e+05
7.965000e+01	3.726220e+05
7.969900e+01	3.719710e+05
7.974900e+01	3.723190e+05
7.979900e+01	3.702850e+05
7.985000e+01	3.698700e+05
7.989900e+01	3.701600e+05
7.995000e+01	3.696880e+05
8.000000e+01	3.696450e+05
8.005000e+01	3.698410e+05
8.010000e+01	3.686790e+05
8.015000e+01	3.690500e+05
8.020100e+01	3.679310e+05
8.025100e+01	3.683020e+05
8.030100e+01	3.684180e+05
8.035000e+01	3.685680e+05
8.040100e+01	3.749270e+05
8.045100e+01	3.744610e+05
8.050100e+01	3.734990e+05
8.055100e+01	3.722140e+05
8.060100e+01	3.717070e+05
8.065100e+01	3.705060e+05
8.070100e+01	3.703970e+05
8.075100e+01	3.695200e+05
8.080200e+01	3.689220e+05
8.085100e+01	3.693320e+05
8.090200e+01	3.694550e+05
8.095200e+01	3.680620e+05
8.100200e+01	3.686130e+05
8.105200e+01	3.680650e+05
8.110200e+01	3.685590e+05
8.115200e+01	3.676000e+05
8.120300e+01	3.678320e+05
8.125200e+01	3.666840e+05
8.130200e+01	3.673910e+05
8.135300e+01	3.689540e+05
8.140300e+01	3.732990e+05
8.145300e+01	3.731850e+05
8.150300e+01	3.718110e+05
8.155300e+01	3.708810e+05
8.160300e+01	3.708270e+05
8.165300e+01	3.702190e+05
8.170300e+01	3.692170e+05
8.175400e+01	3.690370e+05
8.180400e+01	3.679050e+05
8.185400e+01	3.675830e+05
8.190400e+01	3.671710e+05
8.195400e+01	3.670890e+05
8.200300e+01	3.663990e+05
8.205300e+01	3.661050e+05
8.210400e+01	3.660650e+05
8.215400e+01	3.657770e+05
8.220500e+01	3.661490e+05
8.225400e+01	3.660040e+05
8.230500e+01	3.657060e+05
8.235400e+01	3.667430e+05
8.240500e+01	3.714690e+05
8.245400e+01	3.711610e+05
8.250400e+01	3.706310e+05
8.255500e+01	3.692170e+05
8.260500e+01	3.682720e+05
8.265500e+01	3.669810e+05
8.270500e+01	3.672350e+05
8.275500e+01	3.665150e+05
8.280600e+01	3.662820e+05
8.285500e+01	3.663340e+05
8.290500e+01	3.671160e+05
8.295600e+01	3.671990e+05
8.300600e+01	3.650160e+05
8.305500e+01	3.658220e+05
8.310600e+01	3.649920e+05
8.315600e+01	3.665600e+05
8.320600e+01	3.640010e+05
8.325600e+01	3.637370e+05
8.330600e+01	3.632170e+05
8.335600e+01	3.654440e+05
8.340700e+01	3.696060e+05
8.345600e+01	3.685350e+05
8.350600e+01	3.670180e+05
8.355700e+01	3.661060e+05
8.360700e+01	3.662450e+05
8.365700e+01	3.651860e+05
8.370700e+01	3.646870e+05
8.375700e+01	3.634410e+05
8.380800e+01	3.631850e+05
8.385700e+01	3.628840e+05
8.390800e+01	3.636330e+05
8.395800e+01	3.622150e+05
8.400800e+01	3.619300e+05
8.405700e+01	3.618940e+05
8.410800e+01	3.623570e+05
8.415800e+01	3.613620e+05
8.420800e+01	3.616730e+05
8.425800e+01	3.618210e+05
8.430800e+01	3.616790e+05
8.435800e+01	3.621390e+05
8.440800e+01	3.662660e+05
8.445900e+01	3.657430e+05
8.450900e+01	3.646660e+05
8.455900e+01	3.640290e+05
8.460900e+01	3.620180e+05
8.465900e+01	3.623920e+05
8.470900e+01	3.615600e+05
8.475900e+01	3.622520e+05
8.481000e+01	3.609190e+05
8.485900e+01	3.610780e+05
8.490900e+01	3.597870e+05
8.496000e+01	3.600160e+05
8.501000e+01	3.585630e+05
8.505900e+01	3.598850e+05
8.510900e+01	3.591930e+05
8.515900e+01	3.591710e+05
8.520900e+01	3.584540e+05
8.526000e+01	3.584220e+05
8.531000e+01	3.590460e+05
8.536000e+01	3.602180e+05
8.541000e+01	3.641580e+05
8.546000e+01	3.625070e+05
8.551000e+01	3.622510e+05
8.556100e+01	3.610040e+05
8.561100e+01	3.600570e+05
8.566100e+01	3.597190e+05
8.571100e+01	3.597490e+05
8.576100e+01	3.580340e+05
8.581100e+01	3.582000e+05
8.586100e+01	3.578650e+05
8.591100e+01	3.567670e+05
8.596100e+01	3.574070e+05
8.601100e+01	3.560750e+05
8.606100e+01	3.565150e+05
8.611100e+01	3.567640e+05
8.616200e+01	3.565980e+05
8.621200e+01	3.560970e+05
8.626200e+01	3.566610e+05
8.631300e+01	3.562010e+05
8.636200e+01	3.566240e+05
8.641200e+01	3.611690e+05
8.646200e+01	3.598200e+05
8.651200e+01	3.588660e+05
8.656200e+01	3.576640e+05
8.661200e+01	3.570180e+05
8.666200e+01	3.560950e+05
8.671300e+01	3.557420e+05
8.676300e+01	3.553570e+05
8.681300e+01	3.551970e+05
8.686200e+01	3.535820e+05
8.691300e+01	3.540870e+05
8.696300e+01	3.539150e+05
8.701300e+01	3.537560e+05
8.706300e+01	3.537800e+05
8.711300e+01	3.539580e+05
8.716300e+01	3.534160e+05
8.721400e+01	3.530420e+05
8.726400e+01	3.527080e+05
8.731400e+01	3.534220e+05
8.736300e+01	3.542500e+05
8.741400e+01	3.581270e+05
8.746400e+01	3.562890e+05
8.751400e+01	3.552150e+05
8.756400e+01	3.542860e+05
8.761500e+01	3.535600e+05
8.766400e+01	3.536390e+05
8.771400e+01	3.533910e+05
8.776500e+01	3.520030e+05
8.781500e+01	3.515030e+05
8.786400e+01	3.519630e+05
8.791500e+01	3.510930e+05
8.796500e+01	3.503210e+05
8.801500e+01	3.500070e+05
8.806500e+01	3.502220e+05
8.811500e+01	3.497550e+05
8.816500e+01	3.498460e+05
8.821600e+01	3.502350e+05
8.826600e+01	3.496510e+05
8.831600e+01	3.494140e+05
8.836600e+01	3.518730e+05
8.841600e+01	3.549960e+05
8.846600e+01	3.555900e+05
8.851600e+01	3.546820e+05
8.856600e+01	3.518730e+05
8.861600e+01	3.496250e+05
8.866600e+01	3.497830e+05
8.871700e+01	3.498250e+05
8.876700e+01	3.483480e+05
8.881700e+01	3.517530e+05
8.886700e+01	3.489940e+05
8.891700e+01	3.478910e+05
8.896700e+01	3.475820e+05
8.901700e+01	3.470850e+05
8.906700e+01	3.471270e+05
8.911700e+01	3.466480e+05
8.916800e+01	3.460840e+05
8.921800e+01	3.456190e+05
8.926700e+01	3.453380e+05
8.931700e+01	3.474670e+05
8.936700e+01	3.481720e+05
8.941700e+01	3.508880e+05
8.946800e+01	3.497680e+05
8.951800e+01	3.488270e+05
8.956800e+01	3.480950e+05
8.961900e+01	3.471630e+05
8.966800e+01	3.465300e+05
8.971800e+01	3.456530e+05
8.976800e+01	3.455180e+05
8.981800e+01	3.447720e+05
8.986900e+01	3.440150e+05
8.991900e+01	3.444040e+05
8.996800e+01	3.447320e+05
9.001900e+01	3.431900e+05
9.006900e+01	3.441440e+05
9.011900e+01	3.435400e+05
9.017000e+01	3.441830e+05
9.022000e+01	3.426580e+05
9.026900e+01	3.433410e+05
9.031900e+01	3.423920e+05
9.037000e+01	3.453270e+05
9.042000e+01	3.469600e+05
9.047000e+01	3.463820e+05
9.052000e+01	3.449340e+05
9.057000e+01	3.442970e+05
9.062000e+01	3.428060e+05
9.067000e+01	3.434580e+05
9.072000e+01	3.422340e+05
9.077000e+01	3.424750e+05
9.082000e+01	3.416990e+05
9.087000e+01	3.412070e+05
9.092100e+01	3.419750e+05
9.097100e+01	3.403710e+05
9.102100e+01	3.410820e+05
9.107000e+01	3.404410e+05
9.112100e+01	3.405870e+05
9.117100e+01	3.394420e+05
9.122100e+01	3.400890e+05
9.127200e+01	3.400150e+05
9.132200e+01	3.404180e+05
9.137100e+01	3.414650e+05
9.142200e+01	3.441870e+05
9.147100e+01	3.421490e+05
9.152100e+01	3.419360e+05
9.157200e+01	3.407290e+05
9.162200e+01	3.400770e+05
9.167200e+01	3.396290e+05
9.172200e+01	3.386600e+05
9.177200e+01	3.385170e+05
9.182300e+01	3.372750e+05
9.187200e+01	3.385710e+05
9.192200e+01	3.377170e+05
9.197200e+01	3.378790e+05
9.202200e+01	3.366950e+05
9.207300e+01	3.371230e+05
9.212300e+01	3.367570e+05
9.217300e+01	3.373520e+05
9.222300e+01	3.365670e+05
9.227200e+01	3.367460e+05
9.232400e+01	3.362810e+05
9.237300e+01	3.387660e+05
9.242300e+01	3.405070e+05
9.247300e+01	3.392950e+05
9.252300e+01	3.391730e+05
9.257300e+01	3.375810e+05
9.262400e+01	3.371620e+05
9.267300e+01	3.364260e+05
9.272300e+01	3.363840e+05
9.277400e+01	3.349400e+05
9.282400e+01	3.352160e+05
9.287400e+01	3.360110e+05
9.292400e+01	3.341810e+05
9.297400e+01	3.337950e+05
9.302400e+01	3.345480e+05
9.307400e+01	3.334290e+05
9.312500e+01	3.337430e+05
9.317500e+01	3.331320e+05
9.322500e+01	3.329250e+05
9.327500e+01	3.331970e+05
9.332500e+01	3.332220e+05
9.337500e+01	3.354610e+05
9.342500e+01	3.366360e+05
9.347500e+01	3.362730e+05
9.352600e+01	3.349590e+05
9.357600e+01	3.347260e+05
9.362500e+01	3.336110e+05
9.367500e+01	3.333010e+05
9.372500e+01	3.323850e+05
9.377600e+01	3.323520e+05
9.382600e+01	3.315450e+05
9.387600e+01	3.314870e+05
9.392600e+01	3.312230e+05
9.397600e+01	3.308010e+05
9.402600e+01	3.298680e+05
9.407600e+01	3.307260e+05
9.412600e+01	3.311420e+05
9.417600e+01	3.298770e+05
9.422600e+01	3.305400e+05
9.427600e+01	3.301490e+05
9.432700e+01	3.311320e+05
9.437700e+01	3.324390e+05
9.442700e+01	3.347680e+05
9.447700e+01	3.329340e+05
9.452800e+01	3.327550e+05
9.457700e+01	3.306850e+05
9.462700e+01	3.307230e+05
9.467800e+01	3.299740e+05
9.472700e+01	3.303140e+05
9.477800e+01	3.290650e+05
9.482800e+01	3.284830e+05
9.487800e+01	3.279190e+05
9.492800e+01	3.284130e+05
9.497800e+01	3.286290e+05
9.502800e+01	3.280600e+05
9.507800e+01	3.279870e+05
9.512800e+01	3.270950e+05
9.517800e+01	3.275380e+05
9.522800e+01	3.261550e+05
9.527900e+01	3.280540e+05
9.532900e+01	3.272890e+05
9.537900e+01	3.305230e+05
9.542900e+01	3.310980e+05
9.547900e+01	3.300740e+05
9.553000e+01	3.296320e+05
9.558000e+01	3.292450e+05
9.563000e+01	3.283530e+05
9.567900e+01	3.270080e+05
9.573000e+01	3.267570e+05
9.577900e+01	3.263070e+05
9.583000e+01	3.262510e+05
9.588000e+01	3.260980e+05
9.593000e+01	3.257840e+05
9.598000e+01	3.260070e+05
9.603000e+01	3.240330e+05
9.608000e+01	3.252480e+05
9.613000e+01	3.248230e+05
9.618100e+01	3.252570e+05
9.623100e+01	3.252370e+05
9.628000e+01	3.236500e+05
9.633100e+01	3.240290e+05
9.638100e+01	3.272860e+05
9.643100e+01	3.281990e+05
9.648000e+01	3.276980e+05
9.653100e+01	3.258700e+05
9.658000e+01	3.260510e+05
9.663100e+01	3.250730e+05
9.668100e+01	3.248710e+05
9.673100e+01	3.245410e+05
9.678200e+01	3.235490e+05
9.683200e+01	3.242560e+05
9.688200e+01	3.229660e+05
9.693100e+01	3.233060e+05
9.698300e+01	3.225700e+05
9.703200e+01	3.223540e+05
9.708200e+01	3.222540e+05
9.713300e+01	3.222680e+05
9.718200e+01	3.217840e+05
9.723200e+01	3.217240e+05
9.728200e+01	3.224850e+05
9.733300e+01	3.221540e+05
9.738300e+01	3.251700e+05
9.743200e+01	3.261610e+05
9.748300e+01	3.247940e+05
9.753300e+01	3.242670e+05
9.758300e+01	3.229240e+05
9.763300e+01	3.218650e+05
9.768300e+01	3.221140e+05
9.773400e+01	3.220930e+05
9.778400e+01	3.209640e+05
9.783400e+01	3.204560e+05
9.788300e+01	3.211640e+05
9.793300e+01	3.205180e+05
9.798400e+01	3.201210e+05
9.803400e+01	3.194450e+05
9.808400e+01	3.196710e+05
9.813400e+01	3.204740e+05
9.818400e+01	3.193640e+05
9.823400e+01	3.192210e+05
9.828400e+01	3.190240e+05
9.833400e+01	3.187720e+05
9.838400e+01	3.231260e+05
9.843500e+01	3.234430e+05
9.848400e+01	3.229130e+05
9.853500e+01	3.222810e+05
9.858400e+01	3.207450e+05
9.863500e+01	3.204540e+05
9.868500e+01	3.199820e+05
9.873500e+01	3.201070e+05
9.878600e+01	3.184420e+05
9.883500e+01	3.181590e+05
9.888500e+01	3.181270e+05
9.893600e+01	3.181420e+05
9.898500e+01	3.188270e+05
9.903600e+01	3.177880e+05
9.908600e+01	3.178330e+05
9.913600e+01	3.177900e+05
9.918500e+01	3.170530e+05
9.923600e+01	3.176650e+05
9.928600e+01	3.178530e+05
9.933700e+01	3.176060e+05
9.938600e+01	3.214240e+05
9.943700e+01	3.213880e+05
9.948600e+01	3.213900e+05
9.953700e+01	3.201780e+05
9.958700e+01	3.194470e+05
9.963700e+01	3.191910e+05
9.968700e+01	3.179420e+05
9.973700e+01	3.177820e+05
9.978700e+01	3.173410e+05
9.983700e+01	3.171300e+05
9.988700e+01	3.170000e+05
9.993700e+01	3.163660e+05
9.998700e+01	3.165640e+05
1.000380e+02	3.150970e+05
1.000880e+02	3.157730e+05
1.001370e+02	3.161570e+05
1.001890e+02	3.156500e+05
1.002380e+02	3.153560e+05
1.002880e+02	3.153420e+05
1.003380e+02	3.157240e+05
1.003890e+02	3.201190e+05
1.004390e+02	3.203810e+05
1.004890e+02	3.195560e+05
1.005390e+02	3.178010e+05
1.005880e+02	3.174380e+05
1.006380e+02	3.166570e+05
1.006880e+02	3.165350e+05
1.007380e+02	3.166600e+05
1.007890e+02	3.152290e+05
1.008390e+02	3.149540e+05
1.008890e+02	3.150020e+05
1.009390e+02	3.154000e+05
1.009890e+02	3.150410e+05
1.010400e+02	3.151080e+05
1.010900e+02	3.146810e+05
1.011400e+02	3.141460e+05
1.011900e+02	3.140760e+05
1.012400e+02	3.145970e+05
1.012900e+02	3.139860e+05
1.013400e+02	3.151450e+05
1.013900e+02	3.186110e+05
1.014400e+02	3.194480e+05
1.014900e+02	3.181170e+05
1.015400e+02	3.180930e+05
1.015900e+02	3.170550e+05
1.016400e+02	3.160300e+05
1.016900e+02	3.159630e+05
1.017410e+02	3.150860e+05
1.017910e+02	3.147890e+05
1.018410e+02	3.144130e+05
1.018920e+02	3.144060e+05
1.019410e+02	3.144070e+05
1.019910e+02	3.135380e+05
1.020410e+02	3.133450e+05
1.020910e+02	3.137520e+05
1.021410e+02	3.138390e+05
1.021920e+02	3.142920e+05
1.022420e+02	3.131050e+05
1.022920e+02	3.133700e+05
1.023420e+02	3.136260e+05
1.023910e+02	3.182700e+05
1.024420e+02	3.181400e+05
1.024930e+02	3.178810e+05
1.025420e+02	3.172990e+05
1.025930e+02	3.161690e+05
1.026430e+02	3.155230e+05
1.026930e+02	3.151960e+05
1.027420e+02	3.157390e+05
1.027920e+02	3.142710e+05
1.028420e+02	3.140800e+05
1.028930e+02	3.140220e+05
1.029430e+02	3.140460e+05
1.029930e+02	3.137910e+05
1.030440e+02	3.133760e+05
1.030930e+02	3.124330e+05
1.031440e+02	3.140010e+05
1.031940e+02	3.129100e+05
1.032430e+02	3.131490e+05
1.032930e+02	3.130650e+05
1.033440e+02	3.143560e+05
1.033940e+02	3.187570e+05
1.034440e+02	3.187870e+05
1.034940e+02	3.177060e+05
1.035440e+02	3.164280e+05
1.035950e+02	3.166300e+05
1.036440e+02	3.152760e+05
1.036950e+02	3.151820e+05
1.037450e+02	3.145780e+05
1.037950e+02	3.145640e+05
1.038450e+02	3.147810e+05
1.038950e+02	3.145080e+05
1.039450e+02	3.138740e+05
1.039950e+02	3.132190e+05
1.040450e+02	3.134590e+05
1.040950e+02	3.135930e+05
1.041460e+02	3.133100e+05
1.041960e+02	3.136540e+05
1.042450e+02	3.127660e+05
1.042950e+02	3.128630e+05
1.043460e+02	3.143330e+05
1.043950e+02	3.195770e+05
1.044460e+02	3.188780e+05
1.044960e+02	3.175520e+05
1.045460e+02	3.170040e+05
1.045970e+02	3.166650e+05
1.046460e+02	3.158640e+05
1.046970e+02	3.162780e+05
1.047470e+02	3.151830e+05
1.047970e+02	3.141050e+05
1.048470e+02	3.139430e+05
1.048970e+02	3.142250e+05
1.049470e+02	3.137670e+05
1.049970e+02	3.141450e+05
1.050470e+02	3.140230e+05
1.050970e+02	3.132780e+05
1.051470e+02	3.136870e+05
1.051970e+02	3.131630e+05
1.052470e+02	3.140940e+05
1.052980e+02	3.129500e+05
1.053480e+02	3.153670e+05
1.053980e+02	3.199350e+05
1.054470e+02	3.193950e+05
1.054980e+02	3.189820e+05
1.055480e+02	3.177280e+05
1.055980e+02	3.174200e+05
1.056480e+02	3.166890e+05
1.056980e+02	3.162210e+05
1.057480e+02	3.159950e+05
1.057990e+02	3.160530e+05
1.058490e+02	3.153710e+05
1.058980e+02	3.150630e+05
1.059490e+02	3.146390e+05
1.059990e+02	3.150020e+05
1.060490e+02	3.137700e+05
1.060980e+02	3.154780e+05
1.061490e+02	3.145760e+05
1.062000e+02	3.146790e+05
1.062490e+02	3.138700e+05
1.063000e+02	3.138810e+05
1.063490e+02	3.163850e+05
1.063990e+02	3.216390e+05
1.064500e+02	3.204680e+05
1.065000e+02	3.197100e+05
1.065500e+02	3.187500e+05
1.066000e+02	3.181160e+05
1.066500e+02	3.178370e+05
1.067000e+02	3.174150e+05
1.067500e+02	3.178220e+05
1.068000e+02	3.162160e+05
1.068500e+02	3.166970e+05
1.069000e+02	3.160320e+05
1.069510e+02	3.170290e+05
1.070000e+02	3.163370e+05
1.070510e+02	3.159340e+05
1.071000e+02	3.148670e+05
1.071510e+02	3.148700e+05
1.072010e+02	3.154040e+05
1.072510e+02	3.151650e+05
1.073020e+02	3.155960e+05
1.073520e+02	3.176100e+05
1.074020e+02	3.220280e+05
1.074510e+02	3.213920e+05
1.075010e+02	3.215320e+05
1.075510e+02	3.209530e+05
1.076010e+02	3.202330e+05
1.076520e+02	3.184020e+05
1.077020e+02	3.187410e+05
1.077520e+02	3.176600e+05
1.078020e+02	3.181920e+05
1.078520e+02	3.175320e+05
1.079020e+02	3.179610e+05
1.079520e+02	3.172250e+05
1.080020e+02	3.171040e+05
1.080520e+02	3.169300e+05
1.081020e+02	3.170550e+05
1.081530e+02	3.176530e+05
1.082020e+02	3.169090e+05
1.082530e+02	3.171460e+05
1.083030e+02	3.161980e+05
1.083530e+02	3.189590e+05
1.084030e+02	3.232620e+05
1.084540e+02	3.238550e+05
1.085030e+02	3.223540e+05
1.085530e+02	3.218680e+05
1.086030e+02	3.211660e+05
1.086540e+02	3.199960e+05
1.087040e+02	3.200850e+05
1.087540e+02	3.202820e+05
1.088040e+02	3.192260e+05
1.088540e+02	3.184250e+05
1.089040e+02	3.187530e+05
1.089540e+02	3.181540e+05
1.090040e+02	3.192540e+05
1.090540e+02	3.179700e+05
1.091050e+02	3.178950e+05
1.091540e+02	3.181910e+05
1.092040e+02	3.218800e+05
1.092550e+02	3.187300e+05
1.093050e+02	3.188220e+05
1.093550e+02	3.204540e+05
1.094060e+02	3.257320e+05
1.094550e+02	3.246030e+05
1.095050e+02	3.237800e+05
1.095550e+02	3.235560e+05
1.096060e+02	3.226120e+05
1.096560e+02	3.221910e+05
1.097050e+02	3.217020e+05
1.097560e+02	3.221970e+05
1.098050e+02	3.220680e+05
1.098560e+02	3.215370e+05
1.099070e+02	3.201950e+05
1.100050e+02	3.207140e+05
1.100390e+02	3.200250e+05
1.100740e+02	3.206790e+05
1.101150e+02	3.204150e+05
1.101570e+02	3.201720e+05
1.102090e+02	3.201730e+05
1.102570e+02	3.203890e+05
1.103070e+02	3.204240e+05
1.103580e+02	3.222450e+05
1.104070e+02	3.283430e+05
1.104580e+02	3.271560e+05
1.105080e+02	3.257620e+05
1.105570e+02	3.252390e+05
1.106070e+02	3.249950e+05
1.106570e+02	3.248730e+05
1.107070e+02	3.238670e+05
1.107580e+02	3.235250e+05
1.108070e+02	3.226120e+05
1.108580e+02	3.227230e+05
1.109080e+02	3.231200e+05
1.109580e+02	3.225160e+05
1.110080e+02	3.226340e+05
1.110580e+02	3.222410e+05
1.111080e+02	3.224110e+05
1.111590e+02	3.219150e+05
1.112090e+02	3.223690e+05
1.112580e+02	3.220470e+05
1.113090e+02	3.220250e+05
1.113590e+02	3.248440e+05
1.114090e+02	3.303000e+05
1.114590e+02	3.288720e+05
1.115090e+02	3.282580e+05
1.115600e+02	3.284010e+05
1.116100e+02	3.270300e+05
1.116600e+02	3.265020e+05
1.117100e+02	3.262110e+05
1.117600e+02	3.261960e+05
1.118100e+02	3.259620e+05
1.118600e+02	3.253150e+05
1.119100e+02	3.243370e+05
1.119600e+02	3.242410e+05
1.120100e+02	3.245070e+05
1.120600e+02	3.240860e+05
1.121110e+02	3.248510e+05
1.121600e+02	3.246510e+05
1.122110e+02	3.239950e+05
1.122600e+02	3.237250e+05
1.123110e+02	3.242410e+05
1.123600e+02	3.278200e+05
1.124110e+02	3.326490e+05
1.124620e+02	3.314760e+05
1.125110e+02	3.303510e+05
1.125610e+02	3.293640e+05
1.126110e+02	3.294950e+05
1.126610e+02	3.288270e+05
1.127110e+02	3.285410e+05
1.127620e+02	3.275390e+05
1.128120e+02	3.276900e+05
1.128610e+02	3.270640e+05
1.129110e+02	3.270030e+05
1.129610e+02	3.271730e+05
1.130120e+02	3.273180e+05
1.130620e+02	3.266250e+05
1.131120e+02	3.268500e+05
1.131620e+02	3.256950e+05
1.132120e+02	3.275650e+05
1.132620e+02	3.268080e+05
1.133130e+02	3.267590e+05
1.133630e+02	3.291090e+05
1.134130e+02	3.350230e+05
1.134630e+02	3.334350e+05
1.135130e+02	3.333320e+05
1.135630e+02	3.320690e+05
1.136130e+02	3.319260e+05
1.136630e+02	3.310690e+05
1.137130e+02	3.303920e+05
1.137640e+02	3.306420e+05
1.138140e+02	3.300190e+05
1.138640e+02	3.294580e+05
1.139140e+02	3.298020e+05
1.139640e+02	3.296290e+05
1.140140e+02	3.291870e+05
1.140640e+02	3.295590e+05
1.141130e+02	3.288640e+05
1.141650e+02	3.288150e+05
1.142140e+02	3.282430e+05
1.142640e+02	3.294160e+05
1.143140e+02	3.287420e+05
1.143650e+02	3.327590e+05
1.144150e+02	3.372100e+05
1.144640e+02	3.355090e+05
1.145150e+02	3.351120e+05
1.145650e+02	3.342300e+05
1.146150e+02	3.343290e+05
1.146660e+02	3.336220e+05
1.147160e+02	3.331200e+05
1.147660e+02	3.320400e+05
1.148150e+02	3.325150e+05
1.148650e+02	3.316480e+05
1.149160e+02	3.328240e+05
1.149660e+02	3.317300e+05
1.150160e+02	3.317400e+05
1.150660e+02	3.311820e+05
1.151160e+02	3.310450e+05
1.151660e+02	3.313410e+05
1.152160e+02	3.313150e+05
1.152660e+02	3.314530e+05
1.153160e+02	3.311440e+05
1.153670e+02	3.351130e+05
1.154160e+02	3.391750e+05
1.154660e+02	3.386950e+05
1.155170e+02	3.372290e+05
1.155670e+02	3.365920e+05
1.156170e+02	3.357910e+05
1.156680e+02	3.354720e+05
1.157170e+02	3.354000e+05
1.157670e+02	3.353090e+05
1.158170e+02	3.350660e+05
1.158670e+02	3.346170e+05
1.159170e+02	3.341480e+05
1.159670e+02	3.343890e+05
1.160180e+02	3.345020e+05
1.160680e+02	3.333220e+05
1.161170e+02	3.332790e+05
1.161680e+02	3.332590e+05
1.162180e+02	3.335800e+05
1.162680e+02	3.331140e+05
1.163180e+02	3.365550e+05
1.163690e+02	3.384830e+05
1.164190e+02	3.429710e+05
1.164680e+02	3.405480e+05
1.165190e+02	3.400620e+05
1.165680e+02	3.387710e+05
1.166190e+02	3.386270e+05
1.166690e+02	3.387170e+05
1.167190e+02	3.371080e+05
1.167690e+02	3.367870e+05
1.168190e+02	3.366090e+05
1.168690e+02	3.368140e+05
1.169190e+02	3.363220e+05
1.169690e+02	3.366220e+05
1.170190e+02	3.360020e+05
1.170700e+02	3.361390e+05
1.171370e+02	3.353940e+05
1.172010e+02	3.359630e+05
1.172640e+02	3.398220e+05
1.173270e+02	3.369680e+05
1.173890e+02	3.352540e+05
1.174480e+02	3.404240e+05
1.175090e+02	3.435130e+05
1.175770e+02	3.429550e+05
1.176400e+02	3.420300e+05
1.177020e+02	3.416760e+05
1.177660e+02	3.393380e+05
1.178290e+02	3.400980e+05
1.178950e+02	3.396020e+05
1.179640e+02	3.388310e+05
1.180360e+02	3.378720e+05
1.181060e+02	3.388500e+05
1.181730e+02	3.388760e+05
1.182440e+02	3.383790e+05
1.182500e+02	3.377010e+05
1.182720e+02	3.377190e+05
1.183220e+02	3.379830e+05
1.183720e+02	3.440660e+05
1.184220e+02	3.472850e+05
1.184730e+02	3.461000e+05
1.185230e+02	3.441350e+05
1.185780e+02	3.442620e+05
1.186490e+02	3.437750e+05
1.186720e+02	3.434380e+05
1.187220e+02	3.423060e+05
1.187730e+02	3.414120e+05
1.188220e+02	3.416900e+05
1.188720e+02	3.416500e+05
1.189230e+02	3.412980e+05
1.189730e+02	3.414870e+05
1.190230e+02	3.413770e+05
1.190730e+02	3.402610e+05
1.191230e+02	3.398310e+05
1.191740e+02	3.397310e+05
1.192240e+02	3.416090e+05
1.192740e+02	3.396620e+05
1.193240e+02	3.405960e+05
1.193740e+02	3.450820e+05
1.194240e+02	3.488540e+05
1.194750e+02	3.470400e+05
1.195240e+02	3.478010e+05
1.195740e+02	3.460860e+05
1.196250e+02	3.450900e+05
1.196750e+02	3.442130e+05
1.197240e+02	3.447850e+05
1.197750e+02	3.440900e+05
1.198240e+02	3.447400e+05
1.198750e+02	3.433720e+05
1.199250e+02	3.433630e+05
1.199760e+02	3.431300e+05
1.200250e+02	3.432280e+05
1.200750e+02	3.434400e+05
1.201250e+02	3.427080e+05
1.201750e+02	3.431790e+05
1.202250e+02	3.421600e+05
1.202750e+02	3.424400e+05
1.203260e+02	3.419870e+05
1.203760e+02	3.484830e+05
1.204260e+02	3.505710e+05
1.204760e+02	3.489920e+05
1.205260e+02	3.477720e+05
1.205760e+02	3.475880e+05
1.206260e+02	3.480150e+05
1.206760e+02	3.459930e+05
1.207260e+02	3.463310e+05
1.207770e+02	3.458140e+05
1.208260e+02	3.455910e+05
1.208770e+02	3.451100e+05
1.209270e+02	3.453930e+05
1.209770e+02	3.453280e+05
1.210260e+02	3.449500e+05
1.210770e+02	3.444510e+05
1.211270e+02	3.441860e+05
1.211770e+02	3.451160e+05
1.212270e+02	3.446050e+05
1.212770e+02	3.443390e+05
1.213280e+02	3.439580e+05
1.213780e+02	3.497080e+05
1.214270e+02	3.526320e+05
1.214780e+02	3.511280e+05
1.215280e+02	3.500890e+05
1.215780e+02	3.498310e+05
1.216280e+02	3.489610e+05
1.216790e+02	3.479470e+05
1.217270e+02	3.477410e+05
1.217780e+02	3.483080e+05
1.218280e+02	3.478890e+05
1.218790e+02	3.469760e+05
1.219280e+02	3.467310e+05
1.219780e+02	3.465580e+05
1.220290e+02	3.468610e+05
1.220790e+02	3.460950e+05
1.221290e+02	3.462130e+05
1.221790e+02	3.461000e+05
1.222420e+02	3.462580e+05
1.223050e+02	3.462270e+05
1.223750e+02	3.459680e+05
1.224420e+02	3.533880e+05
1.225030e+02	3.538330e+05
1.225680e+02	3.525480e+05
1.225760e+02	3.521180e+05
1.226350e+02	3.516140e+05
1.227010e+02	3.504000e+05
1.227630e+02	3.499170e+05
1.227800e+02	3.486900e+05
1.228300e+02	3.496720e+05
1.228810e+02	3.494900e+05
1.229370e+02	3.487070e+05
1.229990e+02	3.487670e+05
1.230620e+02	3.485610e+05
1.231290e+02	3.478080e+05
1.231360e+02	3.483800e+05
1.231810e+02	3.478530e+05
1.232310e+02	3.491040e+05
1.232810e+02	3.474560e+05
1.233310e+02	3.470000e+05
1.233820e+02	3.542120e+05
1.234320e+02	3.561700e+05
1.234820e+02	3.547980e+05
1.235320e+02	3.543560e+05
1.235820e+02	3.530350e+05
1.236310e+02	3.523620e+05
1.236810e+02	3.520860e+05
1.237320e+02	3.520490e+05
1.237820e+02	3.515230e+05
1.238320e+02	3.512160e+05
1.238820e+02	3.505670e+05
1.239320e+02	3.498650e+05
1.239830e+02	3.496100e+05
1.240330e+02	3.505490e+05
1.240830e+02	3.501160e+05
1.241320e+02	3.500130e+05
1.241830e+02	3.494530e+05
1.242330e+02	3.490410e+05
1.242830e+02	3.496400e+05
1.243330e+02	3.493260e+05
1.243890e+02	3.571330e+05
1.244330e+02	3.571270e+05
1.244840e+02	3.564670e+05
1.245350e+02	3.550640e+05
1.245840e+02	3.544990e+05
1.246340e+02	3.542570e+05
1.246840e+02	3.531710e+05
1.247340e+02	3.531950e+05
1.247840e+02	3.528430e+05
1.248340e+02	3.523410e+05
1.248840e+02	3.523670e+05
1.249340e+02	3.527380e+05
1.249840e+02	3.516580e+05
1.250340e+02	3.518290e+05
1.250850e+02	3.513160e+05
1.251350e+02	3.503550e+05
1.251840e+02	3.513650e+05
1.252340e+02	3.518380e+05
1.252850e+02	3.510430e+05
1.253350e+02	3.511800e+05
1.253850e+02	3.591290e+05
1.254350e+02	3.597670e+05
1.254860e+02	3.584250e+05
1.255350e+02	3.570680e+05
1.255850e+02	3.572860e+05
1.256350e+02	3.558920e+05
1.256850e+02	3.557260e+05
1.257360e+02	3.546310e+05
1.257850e+02	3.552920e+05
1.258360e+02	3.547090e+05
1.258860e+02	3.546900e+05
1.259350e+02	3.538740e+05
1.259860e+02	3.539210e+05
1.260360e+02	3.538300e+05
1.260870e+02	3.534650e+05
1.261360e+02	3.528250e+05
1.261860e+02	3.535340e+05
1.262370e+02	3.529350e+05
1.262860e+02	3.527330e+05
1.263370e+02	3.529950e+05
1.263870e+02	3.599350e+05
1.264370e+02	3.614410e+05
1.264870e+02	3.594470e+05
1.265370e+02	3.594230e+05
1.265870e+02	3.584180e+05
1.266370e+02	3.584770e+05
1.266880e+02	3.581830e+05
1.267380e+02	3.573610e+05
1.267880e+02	3.569340e+05
1.268370e+02	3.565690e+05
1.268870e+02	3.568750e+05
1.269380e+02	3.559310e+05
1.269880e+02	3.557580e+05
1.270380e+02	3.554640e+05
1.270880e+02	3.554040e+05
1.271380e+02	3.556850e+05
1.271890e+02	3.555890e+05
1.272380e+02	3.555290e+05
1.272890e+02	3.553730e+05
1.273380e+02	3.550920e+05
1.273880e+02	3.621430e+05
1.274380e+02	3.635480e+05
1.274890e+02	3.629220e+05
1.275390e+02	3.603950e+05
1.275890e+02	3.595510e+05
1.276390e+02	3.598330e+05
1.276890e+02	3.590520e+05
1.277400e+02	3.599630e+05
1.277900e+02	3.581980e+05
1.278400e+02	3.586550e+05
1.278900e+02	3.572570e+05
1.279400e+02	3.578250e+05
1.279900e+02	3.568080e+05
1.280400e+02	3.582020e+05
1.280900e+02	3.575820e+05
1.281400e+02	3.570000e+05
1.281900e+02	3.562950e+05
1.282410e+02	3.574820e+05
1.282910e+02	3.564210e+05
1.283410e+02	3.584370e+05
1.283910e+02	3.645680e+05
1.284400e+02	3.656440e+05
1.284900e+02	3.638080e+05
1.285410e+02	3.627490e+05
1.285920e+02	3.622980e+05
1.286410e+02	3.618560e+05
1.286910e+02	3.612750e+05
1.287410e+02	3.602440e+05
1.287920e+02	3.598820e+05
1.288410e+02	3.601320e+05
1.288920e+02	3.605310e+05
1.289420e+02	3.592660e+05
1.289920e+02	3.601380e+05
1.290420e+02	3.585060e+05
1.290920e+02	3.587580e+05
1.291420e+02	3.589890e+05
1.291930e+02	3.593890e+05
1.292420e+02	3.589840e+05
1.292920e+02	3.587220e+05
1.293420e+02	3.583360e+05
1.293930e+02	3.666090e+05
1.294430e+02	3.674090e+05
1.294930e+02	3.662420e+05
1.295430e+02	3.644120e+05
1.295930e+02	3.638370e+05
1.296430e+02	3.641550e+05
1.296930e+02	3.632210e+05
1.297430e+02	3.624920e+05
1.297930e+02	3.628700e+05
1.298430e+02	3.621390e+05
1.298930e+02	3.618150e+05
1.299440e+02	3.608480e+05
1.299940e+02	3.612160e+05
1.300440e+02	3.618350e+05
1.300940e+02	3.608980e+05
1.301440e+02	3.604710e+05
1.301940e+02	3.606610e+05
1.302440e+02	3.611200e+05
1.302940e+02	3.606730e+05
1.303440e+02	3.616150e+05
1.303950e+02	3.680370e+05
1.304440e+02	3.683210e+05
1.304940e+02	3.681630e+05
1.305440e+02	3.654000e+05
1.305950e+02	3.664440e+05
1.306450e+02	3.655870e+05
1.306950e+02	3.641430e+05
1.307450e+02	3.643510e+05
1.307950e+02	3.642220e+05
1.308450e+02	3.640720e+05
1.308950e+02	3.635620e+05
1.309460e+02	3.628220e+05
1.309960e+02	3.632220e+05
1.310450e+02	3.624260e+05
1.310960e+02	3.624430e+05
1.311450e+02	3.615970e+05
1.311960e+02	3.625510e+05
1.312460e+02	3.627450e+05
1.312960e+02	3.616140e+05
1.313460e+02	3.634850e+05
1.313960e+02	3.698290e+05
1.314470e+02	3.704070e+05
1.314960e+02	3.695900e+05
1.315460e+02	3.681190e+05
1.315970e+02	3.676150e+05
1.316470e+02	3.670020e+05
1.316960e+02	3.669240e+05
1.317470e+02	3.658900e+05
1.317970e+02	3.660320e+05
1.318470e+02	3.655720e+05
1.318970e+02	3.650920e+05
1.319470e+02	3.647650e+05
1.319970e+02	3.645930e+05
1.320470e+02	3.648620e+05
1.320980e+02	3.641980e+05
1.321480e+02	3.637800e+05
1.321980e+02	3.636170e+05
1.322480e+02	3.639560e+05
1.322980e+02	3.637920e+05
1.323480e+02	3.648820e+05
1.323980e+02	3.718700e+05
1.324480e+02	3.715140e+05
1.324990e+02	3.707870e+05
1.325480e+02	3.702110e+05
1.325990e+02	3.690340e+05
1.326480e+02	3.691500e+05
1.326980e+02	3.681680e+05
1.327490e+02	3.678040e+05
1.327990e+02	3.679040e+05
1.328490e+02	3.671550e+05
1.328990e+02	3.674760e+05
1.329490e+02	3.660500e+05
1.329990e+02	3.669160e+05
1.330490e+02	3.660280e+05
1.331000e+02	3.654650e+05
1.331490e+02	3.661270e+05
1.332000e+02	3.660420e+05
1.332500e+02	3.652280e+05
1.333000e+02	3.655190e+05
1.333500e+02	3.674480e+05
1.334000e+02	3.736000e+05
1.334510e+02	3.737190e+05
1.335000e+02	3.717720e+05
1.335500e+02	3.711390e+05
1.336010e+02	3.699960e+05
1.336500e+02	3.702760e+05
1.337000e+02	3.688180e+05
1.337510e+02	3.695810e+05
1.338010e+02	3.692300e+05
1.338500e+02	3.687610e+05
1.339010e+02	3.680520e+05
1.339510e+02	3.682510e+05
1.340010e+02	3.682380e+05
1.340510e+02	3.680820e+05
1.341010e+02	3.672440e+05
1.341520e+02	3.666490e+05
1.342020e+02	3.671200e+05
1.342520e+02	3.680750e+05
1.343010e+02	3.671670e+05
1.343520e+02	3.693760e+05
1.344020e+02	3.753470e+05
1.344520e+02	3.745180e+05
1.345020e+02	3.736250e+05
1.345520e+02	3.730260e+05
1.346030e+02	3.725170e+05
1.346520e+02	3.715500e+05
1.347020e+02	3.702980e+05
1.347530e+02	3.699470e+05
1.348030e+02	3.702270e+05
1.348520e+02	3.708830e+05
1.349030e+02	3.699890e+05
1.349530e+02	3.689610e+05
1.350030e+02	3.690320e+05
1.350530e+02	3.704190e+05
1.351030e+02	3.689990e+05
1.351530e+02	3.692010e+05
1.352040e+02	3.686710e+05
1.352530e+02	3.690850e+05
1.353030e+02	3.675740e+05
1.353540e+02	3.706730e+05
1.354040e+02	3.762880e+05
1.354540e+02	3.761010e+05
1.355040e+02	3.755470e+05
1.355540e+02	3.739870e+05
1.356040e+02	3.729110e+05
1.356540e+02	3.765930e+05
1.357040e+02	3.738020e+05
1.357550e+02	3.729520e+05
1.358040e+02	3.722920e+05
1.358550e+02	3.709970e+05
1.359040e+02	3.706660e+05
1.359540e+02	3.694330e+05
1.360050e+02	3.713450e+05
1.360550e+02	3.704520e+05
1.361050e+02	3.704720e+05
1.361550e+02	3.696330e+05
1.362050e+02	3.700930e+05
1.362550e+02	3.700500e+05
1.363050e+02	3.698810e+05
1.363560e+02	3.722690e+05
1.364060e+02	3.774770e+05
1.364560e+02	3.772680e+05
1.365060e+02	3.756200e+05
1.365560e+02	3.750430e+05
1.366060e+02	3.746040e+05
1.366560e+02	3.745360e+05
1.367070e+02	3.735550e+05
1.367560e+02	3.729530e+05
1.368070e+02	3.720380e+05
1.368560e+02	3.733560e+05
1.369060e+02	3.721410e+05
1.369560e+02	3.724210e+05
1.370070e+02	3.711750e+05
1.370570e+02	3.717700e+05
1.371070e+02	3.708190e+05
1.371570e+02	3.714410e+05
1.372080e+02	3.712170e+05
1.372570e+02	3.707690e+05
1.373070e+02	3.706130e+05
1.373570e+02	3.724940e+05
1.374080e+02	3.785090e+05
1.374580e+02	3.780870e+05
1.375070e+02	3.769090e+05
1.375570e+02	3.759000e+05
1.376080e+02	3.747260e+05
1.376570e+02	3.738080e+05
1.377080e+02	3.749740e+05
1.377580e+02	3.736530e+05
1.378080e+02	3.737130e+05
1.378580e+02	3.721550e+05
1.379080e+02	3.731210e+05
1.379580e+02	3.724010e+05
1.380090e+02	3.718300e+05
1.380590e+02	3.717430e+05
1.381090e+02	3.716690e+05
1.381590e+02	3.715100e+05
1.382090e+02	3.712810e+05
1.382590e+02	3.712590e+05
1.383100e+02	3.711620e+05
1.383600e+02	3.729470e+05
1.384100e+02	3.792630e+05
1.384590e+02	3.775640e+05
1.385090e+02	3.767990e+05
1.385600e+02	3.762520e+05
1.386100e+02	3.751560e+05
1.386600e+02	3.751960e+05
1.387100e+02	3.738470e+05
1.387600e+02	3.734530e+05
1.388100e+02	3.733600e+05
1.388600e+02	3.731770e+05
1.389100e+02	3.728440e+05
1.389600e+02	3.722720e+05
1.390100e+02	3.720400e+05
1.390600e+02	3.719430e+05
1.391110e+02	3.723300e+05
1.391610e+02	3.723880e+05
1.392100e+02	3.719730e+05
1.392610e+02	3.713630e+05
1.393120e+02	3.711220e+05
1.393610e+02	3.732840e+05
1.394110e+02	3.794110e+05
1.394610e+02	3.783060e+05
1.395110e+02	3.760920e+05
1.395610e+02	3.749910e+05
1.396120e+02	3.753280e+05
1.396610e+02	3.750310e+05
1.397120e+02	3.743110e+05
1.397620e+02	3.731470e+05
1.398120e+02	3.734850e+05
1.398620e+02	3.735640e+05
1.399120e+02	3.727610e+05
1.399620e+02	3.726730e+05
1.400130e+02	3.718480e+05
1.400630e+02	3.720530e+05
1.401120e+02	3.720130e+05
1.401630e+02	3.705000e+05
1.402130e+02	3.706530e+05
1.402630e+02	3.714850e+05
1.403140e+02	3.717160e+05
1.403630e+02	3.713170e+05
1.404130e+02	3.703310e+05
1.404640e+02	3.712680e+05
1.405130e+02	3.706330e+05
1.405630e+02	3.714000e+05
1.406140e+02	3.708780e+05
1.406640e+02	3.707480e+05
1.407280e+02	3.701360e+05
1.407640e+02	3.698080e+05
1.408140e+02	3.703390e+05
1.408640e+02	3.705680e+05
1.409150e+02	3.700200e+05
1.409640e+02	3.701430e+05
1.410150e+02	3.695130e+05
1.410640e+02	3.701490e+05
1.411140e+02	3.706080e+05
1.411640e+02	3.697830e+05
1.412150e+02	3.698790e+05
1.412650e+02	3.692380e+05
1.413150e+02	3.695080e+05
1.413650e+02	3.692810e+05
1.414150e+02	3.702320e+05
1.414650e+02	3.695520e+05
1.415150e+02	3.699400e+05
1.415650e+02	3.690590e+05
1.416150e+02	3.687040e+05
1.416650e+02	3.691290e+05
