0.000000e+00	3.638000e+03
5.100000e-02	3.728000e+03
1.010000e-01	3.746000e+03
1.500000e-01	3.700000e+03
2.000000e-01	3.699000e+03
2.500000e-01	3.729000e+03
3.000000e-01	3.696000e+03
3.500000e-01	3.698000e+03
4.010000e-01	3.670000e+03
4.510000e-01	3.731000e+03
5.010000e-01	3.726000e+03
5.510000e-01	3.646000e+03
6.010000e-01	3.649000e+03
6.510000e-01	3.643000e+03
7.010000e-01	3.742000e+03
7.510000e-01	3.697000e+03
8.020000e-01	3.706000e+03
8.510000e-01	3.648000e+03
9.020000e-01	3.689000e+03
9.520000e-01	3.714000e+03
1.002000e+00	3.692000e+03
1.052000e+00	3.761000e+03
1.102000e+00	3.615000e+03
1.152000e+00	3.675000e+03
1.202000e+00	3.714000e+03
1.253000e+00	3.673000e+03
1.302000e+00	3.706000e+03
1.353000e+00	3.642000e+03
1.403000e+00	3.656000e+03
1.453000e+00	3.748000e+03
1.502000e+00	3.722000e+03
1.553000e+00	3.760000e+03
1.603000e+00	3.634000e+03
1.653000e+00	3.694000e+03
1.703000e+00	3.658000e+03
1.753000e+00	3.646000e+03
1.804000e+00	3.687000e+03
1.854000e+00	3.678000e+03
1.903000e+00	3.661000e+03
1.954000e+00	3.698000e+03
2.004000e+00	3.691000e+03
2.054000e+00	3.743000e+03
2.105000e+00	3.691000e+03
2.154000e+00	3.665000e+03
2.205000e+00	3.718000e+03
2.254000e+00	3.666000e+03
2.304000e+00	3.640000e+03
2.354000e+00	3.713000e+03
2.405000e+00	3.702000e+03
2.455000e+00	3.647000e+03
2.505000e+00	3.704000e+03
2.555000e+00	3.685000e+03
2.604000e+00	3.718000e+03
2.655000e+00	3.712000e+03
2.705000e+00	3.705000e+03
2.755000e+00	3.682000e+03
2.805000e+00	3.742000e+03
2.855000e+00	3.652000e+03
2.905000e+00	3.695000e+03
2.956000e+00	3.683000e+03
3.005000e+00	3.677000e+03
3.055000e+00	3.702000e+03
3.107000e+00	3.669000e+03
3.156000e+00	3.720000e+03
3.205000e+00	3.675000e+03
3.257000e+00	3.769000e+03
3.306000e+00	3.689000e+03
3.356000e+00	3.661000e+03
3.406000e+00	3.689000e+03
3.457000e+00	3.729000e+03
3.506000e+00	3.690000e+03
3.556000e+00	3.650000e+03
3.607000e+00	3.689000e+03
3.657000e+00	3.694000e+03
3.707000e+00	3.620000e+03
3.757000e+00	3.727000e+03
3.807000e+00	3.688000e+03
3.857000e+00	3.685000e+03
3.907000e+00	3.674000e+03
3.957000e+00	3.675000e+03
4.008000e+00	3.722000e+03
4.057000e+00	3.714000e+03
4.108000e+00	3.714000e+03
4.158000e+00	3.703000e+03
4.208000e+00	3.739000e+03
4.258000e+00	3.667000e+03
4.307000e+00	3.704000e+03
4.358000e+00	3.725000e+03
4.408000e+00	3.732000e+03
4.458000e+00	3.625000e+03
4.508000e+00	3.728000e+03
4.558000e+00	3.638000e+03
4.609000e+00	3.740000e+03
4.659000e+00	3.715000e+03
4.709000e+00	3.702000e+03
4.759000e+00	3.722000e+03
4.808000e+00	3.662000e+03
4.859000e+00	3.678000e+03
4.909000e+00	3.686000e+03
4.960000e+00	3.708000e+03
5.020000e+00	3.653000e+03
5.059000e+00	3.705000e+03
5.109000e+00	3.642000e+03
5.160000e+00	3.699000e+03
5.209000e+00	3.684000e+03
5.260000e+00	3.714000e+03
5.310000e+00	3.621000e+03
5.360000e+00	3.689000e+03
5.410000e+00	3.656000e+03
5.460000e+00	3.721000e+03
5.510000e+00	3.669000e+03
5.561000e+00	3.336000e+03
5.610000e+00	3.379000e+03
5.660000e+00	3.493000e+03
5.711000e+00	3.541000e+03
5.761000e+00	3.548000e+03
5.811000e+00	3.614000e+03
5.861000e+00	3.601000e+03
5.911000e+00	3.605000e+03
5.961000e+00	3.505000e+03
6.011000e+00	3.650000e+03
6.061000e+00	3.625000e+03
6.111000e+00	3.664000e+03
6.161000e+00	3.595000e+03
6.212000e+00	3.697000e+03
6.261000e+00	3.638000e+03
6.312000e+00	3.721000e+03
6.362000e+00	3.663000e+03
6.412000e+00	3.685000e+03
6.462000e+00	3.662000e+03
6.512000e+00	3.634000e+03
6.563000e+00	3.303000e+03
6.612000e+00	3.403000e+03
6.662000e+00	3.504000e+03
6.712000e+00	3.490000e+03
6.762000e+00	3.670000e+03
6.812000e+00	3.535000e+03
6.863000e+00	3.702000e+03
6.913000e+00	3.603000e+03
6.963000e+00	3.667000e+03
7.013000e+00	3.613000e+03
7.063000e+00	3.709000e+03
7.113000e+00	3.618000e+03
7.163000e+00	3.624000e+03
7.213000e+00	3.724000e+03
7.264000e+00	3.682000e+03
7.314000e+00	3.732000e+03
7.364000e+00	3.693000e+03
7.413000e+00	3.696000e+03
7.463000e+00	3.676000e+03
7.514000e+00	3.705000e+03
7.564000e+00	3.343000e+03
7.614000e+00	3.411000e+03
7.664000e+00	3.445000e+03
7.714000e+00	3.572000e+03
7.764000e+00	3.601000e+03
7.814000e+00	3.680000e+03
7.864000e+00	3.635000e+03
7.914000e+00	3.683000e+03
7.965000e+00	3.663000e+03
8.015000e+00	3.708000e+03
8.065000e+00	3.770000e+03
8.114000e+00	3.667000e+03
8.165000e+00	3.717000e+03
8.215000e+00	3.727000e+03
8.265000e+00	3.712000e+03
8.316000e+00	3.741000e+03
8.366000e+00	3.655000e+03
8.415000e+00	3.748000e+03
8.466000e+00	3.816000e+03
8.515000e+00	3.693000e+03
8.566000e+00	3.385000e+03
8.616000e+00	3.445000e+03
8.666000e+00	3.627000e+03
8.716000e+00	3.567000e+03
8.767000e+00	3.698000e+03
8.816000e+00	3.637000e+03
8.867000e+00	3.703000e+03
8.917000e+00	3.739000e+03
8.967000e+00	3.733000e+03
9.017000e+00	3.730000e+03
9.068000e+00	3.731000e+03
9.116000e+00	3.742000e+03
9.167000e+00	3.746000e+03
9.217000e+00	3.825000e+03
9.267000e+00	3.759000e+03
9.317000e+00	3.756000e+03
9.367000e+00	3.687000e+03
9.417000e+00	3.825000e+03
9.467000e+00	3.763000e+03
9.517000e+00	3.762000e+03
9.568000e+00	3.340000e+03
9.618000e+00	3.472000e+03
9.668000e+00	3.560000e+03
9.718000e+00	3.649000e+03
9.768000e+00	3.692000e+03
9.818000e+00	3.675000e+03
9.868000e+00	3.773000e+03
9.919000e+00	3.741000e+03
9.968000e+00	3.765000e+03
1.001900e+01	3.746000e+03
1.006900e+01	3.803000e+03
1.011900e+01	3.769000e+03
1.016900e+01	3.750000e+03
1.021900e+01	3.765000e+03
1.026900e+01	3.816000e+03
1.031900e+01	3.816000e+03
1.037000e+01	3.832000e+03
1.041900e+01	3.754000e+03
1.047000e+01	3.748000e+03
1.051900e+01	3.759000e+03
1.057000e+01	3.430000e+03
1.062000e+01	3.515000e+03
1.067000e+01	3.640000e+03
1.072000e+01	3.622000e+03
1.076900e+01	3.723000e+03
1.082100e+01	3.734000e+03
1.087000e+01	3.729000e+03
1.092000e+01	3.791000e+03
1.097100e+01	3.770000e+03
1.102100e+01	3.760000e+03
1.107100e+01	3.771000e+03
1.112000e+01	3.813000e+03
1.117100e+01	3.832000e+03
1.122100e+01	3.804000e+03
1.127100e+01	3.810000e+03
1.132100e+01	3.760000e+03
1.137100e+01	3.728000e+03
1.142100e+01	3.824000e+03
1.147100e+01	3.805000e+03
1.152200e+01	3.769000e+03
1.157200e+01	3.368000e+03
1.162200e+01	3.477000e+03
1.167200e+01	3.589000e+03
1.172200e+01	3.680000e+03
1.177200e+01	3.709000e+03
1.182100e+01	3.740000e+03
1.187200e+01	3.772000e+03
1.192300e+01	3.702000e+03
1.197200e+01	3.773000e+03
1.202200e+01	3.766000e+03
1.207200e+01	3.798000e+03
1.212200e+01	3.722000e+03
1.217200e+01	3.787000e+03
1.222300e+01	3.782000e+03
1.227300e+01	3.850000e+03
1.232200e+01	3.791000e+03
1.237300e+01	3.842000e+03
1.242300e+01	3.839000e+03
1.247300e+01	3.833000e+03
1.252400e+01	3.717000e+03
1.257400e+01	3.377000e+03
1.262400e+01	3.553000e+03
1.267400e+01	3.630000e+03
1.272300e+01	3.698000e+03
1.277400e+01	3.744000e+03
1.282300e+01	3.777000e+03
1.287500e+01	3.800000e+03
1.292400e+01	3.775000e+03
1.297400e+01	3.774000e+03
1.302500e+01	3.818000e+03
1.307500e+01	3.794000e+03
1.312400e+01	3.773000e+03
1.317500e+01	3.797000e+03
1.322400e+01	3.872000e+03
1.327500e+01	3.810000e+03
1.332400e+01	3.827000e+03
1.337500e+01	3.822000e+03
1.342500e+01	3.882000e+03
1.347500e+01	3.821000e+03
1.352500e+01	3.731000e+03
1.357500e+01	3.360000e+03
1.362600e+01	3.453000e+03
1.367600e+01	3.691000e+03
1.372500e+01	3.638000e+03
1.377600e+01	3.779000e+03
1.382600e+01	3.755000e+03
1.387600e+01	3.769000e+03
1.392600e+01	3.739000e+03
1.397600e+01	3.805000e+03
1.402600e+01	3.805000e+03
1.407600e+01	3.847000e+03
1.412600e+01	3.786000e+03
1.417700e+01	3.801000e+03
1.422700e+01	3.799000e+03
1.427700e+01	3.837000e+03
1.432700e+01	3.771000e+03
1.437600e+01	3.835000e+03
1.442700e+01	3.863000e+03
1.447700e+01	3.824000e+03
1.452700e+01	3.744000e+03
1.457700e+01	3.342000e+03
1.462700e+01	3.550000e+03
1.467700e+01	3.566000e+03
1.472700e+01	3.701000e+03
1.477800e+01	3.697000e+03
1.482800e+01	3.753000e+03
1.487800e+01	3.722000e+03
1.492800e+01	3.820000e+03
1.497800e+01	3.777000e+03
1.502800e+01	3.827000e+03
1.507800e+01	3.790000e+03
1.512800e+01	3.844000e+03
1.517900e+01	3.794000e+03
1.522800e+01	3.825000e+03
1.527900e+01	3.833000e+03
1.532900e+01	3.805000e+03
1.537900e+01	3.834000e+03
1.542800e+01	3.812000e+03
1.547900e+01	3.834000e+03
1.552800e+01	3.648000e+03
1.557900e+01	3.351000e+03
1.562900e+01	3.468000e+03
1.567900e+01	3.622000e+03
1.572900e+01	3.653000e+03
1.577900e+01	3.771000e+03
1.582900e+01	3.689000e+03
1.588000e+01	3.713000e+03
1.592900e+01	3.774000e+03
1.598000e+01	3.741000e+03
1.603000e+01	3.803000e+03
1.608000e+01	3.737000e+03
1.613000e+01	3.748000e+03
1.618000e+01	3.808000e+03
1.623000e+01	3.789000e+03
1.628000e+01	3.855000e+03
1.633000e+01	3.858000e+03
1.638000e+01	3.775000e+03
1.643100e+01	3.886000e+03
1.648100e+01	3.818000e+03
1.653000e+01	3.639000e+03
1.658100e+01	3.344000e+03
1.663000e+01	3.481000e+03
1.668100e+01	3.543000e+03
1.673100e+01	3.602000e+03
1.678200e+01	3.686000e+03
1.683100e+01	3.723000e+03
1.688200e+01	3.745000e+03
1.693200e+01	3.751000e+03
1.698200e+01	3.744000e+03
1.703200e+01	3.720000e+03
1.708200e+01	3.756000e+03
1.713200e+01	3.707000e+03
1.718200e+01	3.793000e+03
1.723200e+01	3.758000e+03
1.728200e+01	3.789000e+03
1.733200e+01	3.708000e+03
1.738200e+01	3.781000e+03
1.743200e+01	3.787000e+03
1.748200e+01	3.833000e+03
1.753200e+01	3.555000e+03
1.758300e+01	3.318000e+03
1.763200e+01	3.506000e+03
1.768300e+01	3.556000e+03
1.773300e+01	3.634000e+03
1.778300e+01	3.748000e+03
1.783300e+01	3.627000e+03
1.788300e+01	3.685000e+03
1.793300e+01	3.718000e+03
1.798400e+01	3.745000e+03
1.803300e+01	3.771000e+03
1.808400e+01	3.717000e+03
1.813300e+01	3.718000e+03
1.818400e+01	3.714000e+03
1.823400e+01	3.772000e+03
1.828400e+01	3.777000e+03
1.833400e+01	3.816000e+03
1.838500e+01	3.710000e+03
1.843500e+01	3.750000e+03
1.848500e+01	3.736000e+03
1.853500e+01	3.510000e+03
1.858400e+01	3.301000e+03
1.863400e+01	3.421000e+03
1.868500e+01	3.508000e+03
1.873500e+01	3.552000e+03
1.878500e+01	3.627000e+03
1.883500e+01	3.714000e+03
1.888500e+01	3.669000e+03
1.893600e+01	3.659000e+03
1.898600e+01	3.721000e+03
1.903600e+01	3.589000e+03
1.908600e+01	3.701000e+03
1.913600e+01	3.726000e+03
1.918600e+01	3.724000e+03
1.923600e+01	3.701000e+03
1.928600e+01	3.660000e+03
1.933600e+01	3.669000e+03
1.938600e+01	3.768000e+03
1.943600e+01	3.765000e+03
1.948600e+01	3.742000e+03
1.953600e+01	3.436000e+03
1.958700e+01	3.235000e+03
1.963700e+01	3.385000e+03
1.968700e+01	3.453000e+03
1.973600e+01	3.532000e+03
1.978700e+01	3.612000e+03
1.983700e+01	3.622000e+03
1.988700e+01	3.580000e+03
1.993700e+01	3.641000e+03
1.998800e+01	3.606000e+03
2.003800e+01	3.685000e+03
2.008800e+01	3.651000e+03
2.013800e+01	3.651000e+03
2.018800e+01	3.681000e+03
2.023700e+01	3.656000e+03
2.028700e+01	3.700000e+03
2.033800e+01	3.618000e+03
2.038800e+01	3.672000e+03
2.043800e+01	3.648000e+03
2.048800e+01	3.673000e+03
2.053800e+01	3.360000e+03
2.058900e+01	3.273000e+03
2.063800e+01	3.292000e+03
2.068800e+01	3.467000e+03
2.073900e+01	3.445000e+03
2.078900e+01	3.525000e+03
2.084000e+01	3.553000e+03
2.088900e+01	3.572000e+03
2.093900e+01	3.541000e+03
2.099000e+01	3.573000e+03
2.103900e+01	3.523000e+03
2.109000e+01	3.576000e+03
2.114000e+01	3.643000e+03
2.118900e+01	3.594000e+03
2.123900e+01	3.607000e+03
2.128900e+01	3.617000e+03
2.134000e+01	3.569000e+03
2.139000e+01	3.637000e+03
2.144000e+01	3.657000e+03
2.149000e+01	3.596000e+03
2.154100e+01	3.292000e+03
2.159000e+01	3.110000e+03
2.164000e+01	3.337000e+03
2.169100e+01	3.380000e+03
2.174000e+01	3.409000e+03
2.179100e+01	3.473000e+03
2.184100e+01	3.467000e+03
2.189100e+01	3.526000e+03
2.194100e+01	3.539000e+03
2.199100e+01	3.533000e+03
2.204100e+01	3.525000e+03
2.209100e+01	3.503000e+03
2.214100e+01	3.463000e+03
2.219100e+01	3.554000e+03
2.224100e+01	3.537000e+03
2.229200e+01	3.570000e+03
2.234100e+01	3.504000e+03
2.239200e+01	3.530000e+03
2.244200e+01	3.524000e+03
2.249200e+01	3.593000e+03
2.254300e+01	3.249000e+03
2.259200e+01	3.131000e+03
2.264200e+01	3.227000e+03
2.269200e+01	3.285000e+03
2.274200e+01	3.295000e+03
2.279300e+01	3.454000e+03
2.284300e+01	3.438000e+03
2.289300e+01	3.417000e+03
2.294300e+01	3.482000e+03
2.299300e+01	3.403000e+03
2.304300e+01	3.470000e+03
2.309400e+01	3.474000e+03
2.314300e+01	3.525000e+03
2.319400e+01	3.457000e+03
2.324300e+01	3.518000e+03
2.329400e+01	3.461000e+03
2.334400e+01	3.526000e+03
2.339300e+01	3.467000e+03
2.344400e+01	3.518000e+03
2.349400e+01	3.537000e+03
2.354300e+01	3.168000e+03
2.359400e+01	3.006000e+03
2.364400e+01	3.134000e+03
2.369400e+01	3.253000e+03
2.374400e+01	3.266000e+03
2.379500e+01	3.320000e+03
2.384500e+01	3.251000e+03
2.389500e+01	3.384000e+03
2.394500e+01	3.363000e+03
2.399500e+01	3.369000e+03
2.404500e+01	3.330000e+03
2.409500e+01	3.390000e+03
2.414500e+01	3.325000e+03
2.419500e+01	3.426000e+03
2.424500e+01	3.354000e+03
2.429600e+01	3.420000e+03
2.434500e+01	3.387000e+03
2.439600e+01	3.401000e+03
2.444500e+01	3.370000e+03
2.449600e+01	3.371000e+03
2.454500e+01	3.126000e+03
2.459600e+01	2.968000e+03
2.464500e+01	3.078000e+03
2.469600e+01	3.129000e+03
2.474600e+01	3.249000e+03
2.479700e+01	3.246000e+03
2.484600e+01	3.295000e+03
2.489700e+01	3.260000e+03
2.494600e+01	3.344000e+03
2.499700e+01	3.257000e+03
2.504700e+01	3.332000e+03
2.509700e+01	3.233000e+03
2.514600e+01	3.332000e+03
2.519700e+01	3.284000e+03
2.524800e+01	3.353000e+03
2.529700e+01	3.287000e+03
2.534700e+01	3.324000e+03
2.539700e+01	3.340000e+03
2.544700e+01	3.386000e+03
2.549800e+01	3.302000e+03
2.554800e+01	2.942000e+03
2.559700e+01	2.874000e+03
2.564800e+01	3.007000e+03
2.569800e+01	3.054000e+03
2.574800e+01	3.121000e+03
2.579800e+01	3.176000e+03
2.584800e+01	3.128000e+03
2.589800e+01	3.188000e+03
2.594800e+01	3.165000e+03
2.599800e+01	3.242000e+03
2.604800e+01	3.197000e+03
2.609800e+01	3.232000e+03
2.614900e+01	3.156000e+03
2.619900e+01	3.254000e+03
2.624900e+01	3.199000e+03
2.629900e+01	3.245000e+03
2.634900e+01	3.189000e+03
2.639900e+01	3.177000e+03
2.644900e+01	3.247000e+03
2.649900e+01	3.225000e+03
2.654900e+01	2.884000e+03
2.660000e+01	2.818000e+03
2.665000e+01	2.911000e+03
2.669900e+01	2.972000e+03
2.675000e+01	3.041000e+03
2.679900e+01	3.060000e+03
2.685000e+01	3.103000e+03
2.690000e+01	3.086000e+03
2.695100e+01	3.130000e+03
2.700100e+01	3.059000e+03
2.705000e+01	3.122000e+03
2.710100e+01	3.112000e+03
2.715100e+01	3.171000e+03
2.720100e+01	3.165000e+03
2.725100e+01	3.159000e+03
2.730100e+01	3.144000e+03
2.735100e+01	3.185000e+03
2.740100e+01	3.188000e+03
2.745100e+01	3.175000e+03
2.750200e+01	3.174000e+03
2.755200e+01	2.763000e+03
2.760100e+01	2.772000e+03
2.765100e+01	2.880000e+03
2.770200e+01	2.935000e+03
2.775200e+01	3.000000e+03
2.780200e+01	3.029000e+03
2.785200e+01	3.020000e+03
2.790200e+01	3.104000e+03
2.795200e+01	3.095000e+03
2.800200e+01	3.065000e+03
2.805200e+01	3.074000e+03
2.810300e+01	3.079000e+03
2.815200e+01	3.100000e+03
2.820200e+01	3.114000e+03
2.825300e+01	3.099000e+03
2.830300e+01	3.052000e+03
2.835200e+01	3.125000e+03
2.840300e+01	3.054000e+03
2.845300e+01	3.112000e+03
2.850300e+01	3.118000e+03
2.855300e+01	2.782000e+03
2.860300e+01	2.678000e+03
2.865300e+01	2.793000e+03
2.870400e+01	2.811000e+03
2.875400e+01	2.964000e+03
2.880400e+01	2.935000e+03
2.885300e+01	2.969000e+03
2.890400e+01	2.947000e+03
2.895400e+01	2.967000e+03
2.900400e+01	2.956000e+03
2.905400e+01	3.048000e+03
2.910400e+01	3.039000e+03
2.915400e+01	3.013000e+03
2.920400e+01	3.028000e+03
2.925400e+01	2.996000e+03
2.930500e+01	2.998000e+03
2.935500e+01	2.959000e+03
2.940500e+01	3.047000e+03
2.945500e+01	2.960000e+03
2.950500e+01	2.985000e+03
2.955500e+01	2.600000e+03
2.960500e+01	2.613000e+03
2.965500e+01	2.731000e+03
2.970500e+01	2.800000e+03
2.975600e+01	2.871000e+03
2.980600e+01	2.857000e+03
2.985600e+01	2.823000e+03
2.990600e+01	2.889000e+03
2.995600e+01	2.893000e+03
3.000600e+01	2.907000e+03
3.005600e+01	2.903000e+03
3.010600e+01	2.892000e+03
3.015600e+01	2.919000e+03
3.020600e+01	2.874000e+03
3.025600e+01	2.946000e+03
3.030700e+01	2.891000e+03
3.035700e+01	2.927000e+03
3.040600e+01	2.896000e+03
3.045700e+01	2.910000e+03
3.050700e+01	2.909000e+03
3.055700e+01	2.558000e+03
3.060800e+01	2.563000e+03
3.065700e+01	2.622000e+03
3.070700e+01	2.705000e+03
3.075800e+01	2.776000e+03
3.080700e+01	2.781000e+03
3.085700e+01	2.833000e+03
3.090800e+01	2.795000e+03
3.095700e+01	2.766000e+03
3.100800e+01	2.864000e+03
3.105800e+01	2.797000e+03
3.110800e+01	2.822000e+03
3.115800e+01	2.760000e+03
3.120800e+01	2.855000e+03
3.125800e+01	2.856000e+03
3.130800e+01	2.866000e+03
3.135800e+01	2.859000e+03
3.140900e+01	2.833000e+03
3.145800e+01	2.829000e+03
3.150900e+01	2.825000e+03
3.155900e+01	2.471000e+03
3.160900e+01	2.497000e+03
3.165900e+01	2.633000e+03
3.170900e+01	2.613000e+03
3.175900e+01	2.655000e+03
3.180900e+01	2.692000e+03
3.185900e+01	2.729000e+03
3.191000e+01	2.760000e+03
3.196000e+01	2.766000e+03
3.201000e+01	2.716000e+03
3.206000e+01	2.795000e+03
3.211000e+01	2.754000e+03
3.216000e+01	2.776000e+03
3.221000e+01	2.769000e+03
3.226100e+01	2.789000e+03
3.231100e+01	2.751000e+03
3.236000e+01	2.794000e+03
3.241100e+01	2.821000e+03
3.246000e+01	2.873000e+03
3.251000e+01	2.801000e+03
3.256000e+01	2.421000e+03
3.261100e+01	2.421000e+03
3.266100e+01	2.553000e+03
3.271100e+01	2.663000e+03
3.276100e+01	2.652000e+03
3.281100e+01	2.711000e+03
3.286200e+01	2.654000e+03
3.291100e+01	2.708000e+03
3.296100e+01	2.684000e+03
3.301100e+01	2.755000e+03
3.306100e+01	2.713000e+03
3.311200e+01	2.723000e+03
3.316200e+01	2.723000e+03
3.321200e+01	2.726000e+03
3.326200e+01	2.681000e+03
3.331200e+01	2.743000e+03
3.336200e+01	2.730000e+03
3.341200e+01	2.729000e+03
3.346200e+01	2.681000e+03
3.351300e+01	2.681000e+03
3.356300e+01	2.376000e+03
3.361300e+01	2.401000e+03
3.366300e+01	2.519000e+03
3.371300e+01	2.531000e+03
3.376300e+01	2.583000e+03
3.381300e+01	2.618000e+03
3.386300e+01	2.626000e+03
3.391300e+01	2.638000e+03
3.396300e+01	2.650000e+03
3.401400e+01	2.657000e+03
3.406400e+01	2.597000e+03
3.411400e+01	2.629000e+03
3.416400e+01	2.669000e+03
3.421400e+01	2.673000e+03
3.426400e+01	2.675000e+03
3.431400e+01	2.681000e+03
3.436400e+01	2.643000e+03
3.441400e+01	2.654000e+03
3.446400e+01	2.685000e+03
3.451500e+01	2.698000e+03
3.456400e+01	2.276000e+03
3.461500e+01	2.355000e+03
3.466500e+01	2.375000e+03
3.471500e+01	2.498000e+03
3.476500e+01	2.530000e+03
3.481500e+01	2.559000e+03
3.486500e+01	2.575000e+03
3.491500e+01	2.578000e+03
3.496500e+01	2.593000e+03
3.501500e+01	2.605000e+03
3.506500e+01	2.638000e+03
3.511600e+01	2.651000e+03
3.516600e+01	2.669000e+03
3.521600e+01	2.604000e+03
3.526600e+01	2.605000e+03
3.531600e+01	2.613000e+03
3.536600e+01	2.666000e+03
3.541600e+01	2.628000e+03
3.546600e+01	2.639000e+03
3.551700e+01	2.625000e+03
3.556600e+01	2.259000e+03
3.561700e+01	2.305000e+03
3.566600e+01	2.456000e+03
3.571700e+01	2.471000e+03
3.576600e+01	2.525000e+03
3.581700e+01	2.488000e+03
3.586700e+01	2.488000e+03
3.591700e+01	2.553000e+03
3.596700e+01	2.556000e+03
3.601700e+01	2.541000e+03
3.606700e+01	2.536000e+03
3.611700e+01	2.546000e+03
3.616700e+01	2.544000e+03
3.621700e+01	2.539000e+03
3.626800e+01	2.521000e+03
3.631800e+01	2.570000e+03
3.636800e+01	2.534000e+03
3.641800e+01	2.571000e+03
3.646700e+01	2.566000e+03
3.651800e+01	2.609000e+03
3.656800e+01	2.228000e+03
3.661800e+01	2.312000e+03
3.666800e+01	2.371000e+03
3.671900e+01	2.398000e+03
3.676800e+01	2.427000e+03
3.681800e+01	2.475000e+03
3.686900e+01	2.493000e+03
3.691900e+01	2.484000e+03
3.696900e+01	2.531000e+03
3.702000e+01	2.492000e+03
3.706900e+01	2.499000e+03
3.712000e+01	2.497000e+03
3.716900e+01	2.546000e+03
3.722000e+01	2.461000e+03
3.726900e+01	2.512000e+03
3.732000e+01	2.514000e+03
3.737000e+01	2.569000e+03
3.742000e+01	2.521000e+03
3.747100e+01	2.556000e+03
3.752000e+01	2.481000e+03
3.757000e+01	2.207000e+03
3.762000e+01	2.292000e+03
3.767000e+01	2.308000e+03
3.772000e+01	2.410000e+03
3.777100e+01	2.388000e+03
3.782100e+01	2.441000e+03
3.787100e+01	2.443000e+03
3.792100e+01	2.499000e+03
3.797100e+01	2.530000e+03
3.802100e+01	2.475000e+03
3.807100e+01	2.436000e+03
3.812200e+01	2.503000e+03
3.817100e+01	2.459000e+03
3.822100e+01	2.506000e+03
3.827100e+01	2.465000e+03
3.832100e+01	2.490000e+03
3.837200e+01	2.473000e+03
3.842200e+01	2.559000e+03
3.847200e+01	2.519000e+03
3.852200e+01	2.453000e+03
3.857200e+01	2.151000e+03
3.862200e+01	2.239000e+03
3.867200e+01	2.338000e+03
3.872200e+01	2.329000e+03
3.877200e+01	2.460000e+03
3.882200e+01	2.399000e+03
3.887200e+01	2.379000e+03
3.892200e+01	2.388000e+03
3.897300e+01	2.449000e+03
3.902300e+01	2.406000e+03
3.907200e+01	2.466000e+03
3.912300e+01	2.456000e+03
3.917300e+01	2.485000e+03
3.922300e+01	2.466000e+03
3.927300e+01	2.515000e+03
3.932300e+01	2.533000e+03
3.937300e+01	2.470000e+03
3.942400e+01	2.495000e+03
3.947300e+01	2.458000e+03
3.952400e+01	2.441000e+03
3.957300e+01	2.175000e+03
3.962400e+01	2.272000e+03
3.967400e+01	2.288000e+03
3.972500e+01	2.400000e+03
3.977400e+01	2.382000e+03
3.982500e+01	2.439000e+03
3.987400e+01	2.430000e+03
3.992500e+01	2.494000e+03
3.997400e+01	2.446000e+03
4.002500e+01	2.431000e+03
4.007500e+01	2.376000e+03
4.012500e+01	2.426000e+03
4.017500e+01	2.497000e+03
4.022500e+01	2.449000e+03
4.027500e+01	2.428000e+03
4.032500e+01	2.424000e+03
4.037500e+01	2.430000e+03
4.042600e+01	2.442000e+03
4.047500e+01	2.455000e+03
4.052600e+01	2.434000e+03
4.057600e+01	2.199000e+03
4.062600e+01	2.196000e+03
4.067500e+01	2.302000e+03
4.072700e+01	2.324000e+03
4.077600e+01	2.353000e+03
4.082600e+01	2.380000e+03
4.087600e+01	2.400000e+03
4.092700e+01	2.405000e+03
4.097700e+01	2.434000e+03
4.102600e+01	2.443000e+03
4.107600e+01	2.413000e+03
4.112700e+01	2.418000e+03
4.117700e+01	2.427000e+03
4.122700e+01	2.432000e+03
4.127700e+01	2.420000e+03
4.132600e+01	2.460000e+03
4.137700e+01	2.418000e+03
4.142700e+01	2.412000e+03
4.147800e+01	2.457000e+03
4.152700e+01	2.362000e+03
4.157800e+01	2.157000e+03
4.162800e+01	2.216000e+03
4.167800e+01	2.288000e+03
4.172700e+01	2.329000e+03
4.177800e+01	2.386000e+03
4.182800e+01	2.362000e+03
4.187800e+01	2.318000e+03
4.192800e+01	2.380000e+03
4.197800e+01	2.407000e+03
4.202900e+01	2.374000e+03
4.207900e+01	2.398000e+03
4.212800e+01	2.421000e+03
4.217900e+01	2.475000e+03
4.222900e+01	2.417000e+03
4.227800e+01	2.428000e+03
4.232900e+01	2.433000e+03
4.237900e+01	2.466000e+03
4.242900e+01	2.463000e+03
4.247900e+01	2.436000e+03
4.252900e+01	2.350000e+03
4.257900e+01	2.158000e+03
4.263000e+01	2.208000e+03
4.268000e+01	2.324000e+03
4.272900e+01	2.305000e+03
4.277900e+01	2.436000e+03
4.283000e+01	2.343000e+03
4.288000e+01	2.381000e+03
4.293100e+01	2.385000e+03
4.298000e+01	2.405000e+03
4.303000e+01	2.469000e+03
4.308000e+01	2.374000e+03
4.313100e+01	2.439000e+03
4.318100e+01	2.395000e+03
4.323100e+01	2.425000e+03
4.328100e+01	2.420000e+03
4.333100e+01	2.447000e+03
4.338100e+01	2.437000e+03
4.343100e+01	2.470000e+03
4.348100e+01	2.395000e+03
4.353100e+01	2.323000e+03
4.358100e+01	2.169000e+03
4.363200e+01	2.271000e+03
4.368100e+01	2.271000e+03
4.373100e+01	2.353000e+03
4.378200e+01	2.367000e+03
4.383200e+01	2.389000e+03
4.388200e+01	2.404000e+03
4.393200e+01	2.404000e+03
4.398200e+01	2.420000e+03
4.403200e+01	2.388000e+03
4.408200e+01	2.452000e+03
4.413300e+01	2.392000e+03
4.418300e+01	2.454000e+03
4.423300e+01	2.358000e+03
4.428300e+01	2.396000e+03
4.433300e+01	2.384000e+03
4.438300e+01	2.464000e+03
4.443300e+01	2.435000e+03
4.448300e+01	2.456000e+03
4.453400e+01	2.349000e+03
4.458400e+01	2.200000e+03
4.463300e+01	2.269000e+03
4.468300e+01	2.325000e+03
4.473400e+01	2.374000e+03
4.478400e+01	2.394000e+03
4.483400e+01	2.415000e+03
4.488400e+01	2.349000e+03
4.493400e+01	2.438000e+03
4.498400e+01	2.421000e+03
4.503400e+01	2.432000e+03
4.508400e+01	2.428000e+03
4.513500e+01	2.443000e+03
4.518500e+01	2.381000e+03
4.523500e+01	2.473000e+03
4.528400e+01	2.434000e+03
4.533500e+01	2.491000e+03
4.538500e+01	2.467000e+03
4.543500e+01	2.435000e+03
4.548500e+01	2.420000e+03
4.553600e+01	2.360000e+03
4.558500e+01	2.196000e+03
4.563500e+01	2.239000e+03
4.568500e+01	2.370000e+03
4.573500e+01	2.341000e+03
4.578500e+01	2.418000e+03
4.583600e+01	2.389000e+03
4.588600e+01	2.465000e+03
4.593500e+01	2.414000e+03
4.598700e+01	2.408000e+03
4.603600e+01	2.454000e+03
4.608600e+01	2.402000e+03
4.613600e+01	2.470000e+03
4.618600e+01	2.472000e+03
4.623600e+01	2.461000e+03
4.628700e+01	2.449000e+03
4.633700e+01	2.489000e+03
4.638700e+01	2.468000e+03
4.643700e+01	2.501000e+03
4.648700e+01	2.440000e+03
4.653700e+01	2.414000e+03
4.658700e+01	2.184000e+03
4.663700e+01	2.276000e+03
4.668700e+01	2.286000e+03
4.673700e+01	2.424000e+03
4.678700e+01	2.364000e+03
4.683800e+01	2.407000e+03
4.688800e+01	2.428000e+03
4.693700e+01	2.434000e+03
4.698800e+01	2.451000e+03
4.703800e+01	2.470000e+03
4.708800e+01	2.455000e+03
4.713800e+01	2.460000e+03
4.718800e+01	2.480000e+03
4.723800e+01	2.446000e+03
4.728800e+01	2.507000e+03
4.733800e+01	2.454000e+03
4.738900e+01	2.526000e+03
4.743900e+01	2.440000e+03
4.748800e+01	2.472000e+03
4.753900e+01	2.374000e+03
4.758800e+01	2.295000e+03
4.763900e+01	2.327000e+03
4.768900e+01	2.415000e+03
4.773900e+01	2.425000e+03
4.778900e+01	2.438000e+03
4.783900e+01	2.500000e+03
4.788900e+01	2.468000e+03
4.793900e+01	2.466000e+03
4.799000e+01	2.463000e+03
4.804000e+01	2.492000e+03
4.808900e+01	2.484000e+03
4.814000e+01	2.507000e+03
4.819000e+01	2.492000e+03
4.824000e+01	2.507000e+03
4.829000e+01	2.457000e+03
4.834100e+01	2.544000e+03
4.839100e+01	2.492000e+03
4.844100e+01	2.531000e+03
4.849100e+01	2.467000e+03
4.854100e+01	2.408000e+03
4.859000e+01	2.244000e+03
4.864100e+01	2.393000e+03
4.869100e+01	2.382000e+03
4.874100e+01	2.451000e+03
4.879100e+01	2.468000e+03
4.884100e+01	2.472000e+03
4.889100e+01	2.498000e+03
4.894200e+01	2.485000e+03
4.899200e+01	2.529000e+03
4.904100e+01	2.446000e+03
4.909200e+01	2.536000e+03
4.914200e+01	2.477000e+03
4.919200e+01	2.561000e+03
4.924200e+01	2.507000e+03
4.929200e+01	2.570000e+03
4.934200e+01	2.523000e+03
4.939300e+01	2.506000e+03
4.944200e+01	2.510000e+03
4.949300e+01	2.568000e+03
4.954200e+01	2.439000e+03
4.959300e+01	2.366000e+03
4.964300e+01	2.352000e+03
4.969200e+01	2.417000e+03
4.974300e+01	2.447000e+03
4.979300e+01	2.495000e+03
4.984300e+01	2.558000e+03
4.989300e+01	2.540000e+03
4.994300e+01	2.525000e+03
4.999400e+01	2.521000e+03
5.004300e+01	2.505000e+03
5.009400e+01	2.589000e+03
5.014400e+01	2.596000e+03
5.019400e+01	2.564000e+03
5.024400e+01	2.593000e+03
5.029400e+01	2.559000e+03
5.034400e+01	2.584000e+03
5.039400e+01	2.585000e+03
5.044500e+01	2.547000e+03
5.049400e+01	2.556000e+03
5.054400e+01	2.478000e+03
5.059400e+01	2.371000e+03
5.064500e+01	2.428000e+03
5.069400e+01	2.476000e+03
5.074500e+01	2.496000e+03
5.079400e+01	2.555000e+03
5.084600e+01	2.531000e+03
5.089500e+01	2.581000e+03
5.094500e+01	2.543000e+03
5.099500e+01	2.586000e+03
5.104500e+01	2.580000e+03
5.109500e+01	2.542000e+03
5.114500e+01	2.548000e+03
5.119600e+01	2.594000e+03
5.124600e+01	2.585000e+03
5.129500e+01	2.583000e+03
5.134600e+01	2.598000e+03
5.139600e+01	2.573000e+03
5.144600e+01	2.553000e+03
5.149700e+01	2.580000e+03
5.154700e+01	2.462000e+03
5.159700e+01	2.374000e+03
5.164700e+01	2.513000e+03
5.169700e+01	2.506000e+03
5.174700e+01	2.557000e+03
5.179700e+01	2.576000e+03
5.184700e+01	2.607000e+03
5.189700e+01	2.610000e+03
5.194700e+01	2.569000e+03
5.199700e+01	2.551000e+03
5.204700e+01	2.620000e+03
5.209700e+01	2.565000e+03
5.214700e+01	2.663000e+03
5.219700e+01	2.633000e+03
5.224800e+01	2.646000e+03
5.229800e+01	2.596000e+03
5.234700e+01	2.599000e+03
5.239800e+01	2.629000e+03
5.244800e+01	2.656000e+03
5.249800e+01	2.610000e+03
5.254800e+01	2.491000e+03
5.259800e+01	2.400000e+03
5.264800e+01	2.427000e+03
5.269800e+01	2.531000e+03
5.274900e+01	2.522000e+03
5.279900e+01	2.584000e+03
5.284900e+01	2.548000e+03
5.289900e+01	2.647000e+03
5.294900e+01	2.604000e+03
5.299900e+01	2.630000e+03
5.304900e+01	2.604000e+03
5.309900e+01	2.644000e+03
5.315000e+01	2.681000e+03
5.319900e+01	2.679000e+03
5.324900e+01	2.663000e+03
5.330000e+01	2.673000e+03
5.334900e+01	2.614000e+03
5.340000e+01	2.633000e+03
5.345000e+01	2.645000e+03
5.350000e+01	2.679000e+03
5.355000e+01	2.581000e+03
5.360000e+01	2.475000e+03
5.365000e+01	2.574000e+03
5.370000e+01	2.548000e+03
5.375100e+01	2.623000e+03
5.380000e+01	2.621000e+03
5.385100e+01	2.673000e+03
5.390000e+01	2.624000e+03
5.395000e+01	2.658000e+03
5.400000e+01	2.693000e+03
5.405100e+01	2.706000e+03
5.410100e+01	2.677000e+03
5.415200e+01	2.689000e+03
5.420100e+01	2.718000e+03
5.425100e+01	2.648000e+03
5.430100e+01	2.712000e+03
5.435100e+01	2.711000e+03
5.440200e+01	2.726000e+03
5.445200e+01	2.708000e+03
5.450100e+01	2.709000e+03
5.455300e+01	2.624000e+03
5.460200e+01	2.564000e+03
5.465200e+01	2.619000e+03
5.470200e+01	2.673000e+03
5.475200e+01	2.693000e+03
5.480200e+01	2.719000e+03
5.485200e+01	2.791000e+03
5.490200e+01	2.723000e+03
5.495300e+01	2.810000e+03
5.500200e+01	2.727000e+03
5.505300e+01	2.755000e+03
5.510300e+01	2.708000e+03
5.515200e+01	2.755000e+03
5.520300e+01	2.792000e+03
5.525300e+01	2.783000e+03
5.530400e+01	2.783000e+03
5.535400e+01	2.801000e+03
5.540400e+01	2.757000e+03
5.545400e+01	2.803000e+03
5.550400e+01	2.747000e+03
5.555400e+01	2.677000e+03
5.560400e+01	2.601000e+03
5.565400e+01	2.646000e+03
5.570400e+01	2.720000e+03
5.575500e+01	2.704000e+03
5.580400e+01	2.842000e+03
5.585400e+01	2.794000e+03
5.590400e+01	2.796000e+03
5.595400e+01	2.753000e+03
5.600400e+01	2.808000e+03
5.605400e+01	2.770000e+03
5.610400e+01	2.819000e+03
5.615500e+01	2.821000e+03
5.620500e+01	2.787000e+03
5.625600e+01	2.782000e+03
5.630500e+01	2.775000e+03
5.635600e+01	2.783000e+03
5.640500e+01	2.855000e+03
5.645600e+01	2.830000e+03
5.650500e+01	2.822000e+03
5.655500e+01	2.672000e+03
5.660500e+01	2.643000e+03
5.665600e+01	2.746000e+03
5.670600e+01	2.734000e+03
5.675600e+01	2.826000e+03
5.680700e+01	2.835000e+03
5.685600e+01	2.829000e+03
5.690700e+01	2.828000e+03
5.695700e+01	2.809000e+03
5.700700e+01	2.871000e+03
5.705700e+01	2.861000e+03
5.710700e+01	2.860000e+03
5.715700e+01	2.831000e+03
5.720700e+01	2.897000e+03
5.725700e+01	2.932000e+03
5.730700e+01	2.858000e+03
5.735700e+01	2.859000e+03
5.740700e+01	2.840000e+03
5.745700e+01	2.846000e+03
5.750700e+01	2.909000e+03
5.755800e+01	2.708000e+03
5.760700e+01	2.710000e+03
5.765800e+01	2.748000e+03
5.770800e+01	2.858000e+03
5.775800e+01	2.857000e+03
5.780800e+01	2.916000e+03
5.785800e+01	2.935000e+03
5.790800e+01	2.948000e+03
5.795800e+01	2.909000e+03
5.800900e+01	2.890000e+03
5.805900e+01	2.918000e+03
5.810800e+01	2.975000e+03
5.815900e+01	2.889000e+03
5.820900e+01	2.973000e+03
5.825900e+01	2.909000e+03
5.831000e+01	2.972000e+03
5.835900e+01	3.011000e+03
5.841000e+01	2.949000e+03
5.846000e+01	2.996000e+03
5.851000e+01	2.922000e+03
5.856000e+01	2.776000e+03
5.861000e+01	2.741000e+03
5.866000e+01	2.827000e+03
5.871000e+01	2.934000e+03
5.876000e+01	2.914000e+03
5.881000e+01	2.928000e+03
5.886000e+01	2.983000e+03
5.891000e+01	2.935000e+03
5.896000e+01	3.043000e+03
5.901100e+01	2.966000e+03
5.906000e+01	3.025000e+03
5.911000e+01	2.958000e+03
5.916100e+01	3.026000e+03
5.921000e+01	3.015000e+03
5.926100e+01	3.021000e+03
5.931100e+01	3.031000e+03
5.936100e+01	2.988000e+03
5.941100e+01	3.051000e+03
5.946200e+01	2.979000e+03
5.951100e+01	3.020000e+03
5.956200e+01	2.835000e+03
5.961100e+01	2.875000e+03
5.966100e+01	2.924000e+03
5.971100e+01	3.058000e+03
5.976200e+01	3.021000e+03
5.981100e+01	3.071000e+03
5.986200e+01	2.977000e+03
5.991200e+01	3.087000e+03
5.996200e+01	3.031000e+03
6.001200e+01	3.102000e+03
6.006200e+01	3.087000e+03
6.011200e+01	3.091000e+03
6.016200e+01	3.100000e+03
6.021300e+01	3.080000e+03
6.026300e+01	3.115000e+03
6.031300e+01	3.054000e+03
6.036300e+01	3.155000e+03
6.041300e+01	3.125000e+03
6.046400e+01	3.188000e+03
6.051300e+01	3.074000e+03
6.056300e+01	2.881000e+03
6.061300e+01	2.881000e+03
6.066300e+01	3.013000e+03
6.071300e+01	3.016000e+03
6.076300e+01	3.099000e+03
6.081400e+01	3.059000e+03
6.086400e+01	3.145000e+03
6.091300e+01	3.133000e+03
6.096400e+01	3.159000e+03
6.101400e+01	3.135000e+03
6.106400e+01	3.079000e+03
6.111400e+01	3.182000e+03
6.116400e+01	3.161000e+03
6.121400e+01	3.209000e+03
6.126400e+01	3.159000e+03
6.131500e+01	3.187000e+03
6.136400e+01	3.138000e+03
6.141400e+01	3.141000e+03
6.146500e+01	3.198000e+03
6.151500e+01	3.221000e+03
6.156500e+01	2.927000e+03
6.161600e+01	2.961000e+03
6.166600e+01	3.022000e+03
6.171500e+01	3.117000e+03
6.176500e+01	3.150000e+03
6.181500e+01	3.198000e+03
6.186500e+01	3.194000e+03
6.191500e+01	3.193000e+03
6.196600e+01	3.279000e+03
6.201600e+01	3.232000e+03
6.206600e+01	3.294000e+03
6.211600e+01	3.247000e+03
6.216600e+01	3.247000e+03
6.221700e+01	3.205000e+03
6.226600e+01	3.234000e+03
6.231700e+01	3.298000e+03
6.236700e+01	3.258000e+03
6.241600e+01	3.268000e+03
6.246700e+01	3.300000e+03
6.251700e+01	3.227000e+03
6.256700e+01	3.042000e+03
6.261700e+01	3.091000e+03
6.266700e+01	3.088000e+03
6.271700e+01	3.281000e+03
6.276800e+01	3.209000e+03
6.281700e+01	3.293000e+03
6.286800e+01	3.223000e+03
6.291800e+01	3.292000e+03
6.296800e+01	3.305000e+03
6.301700e+01	3.288000e+03
6.306800e+01	3.327000e+03
6.311800e+01	3.319000e+03
6.316800e+01	3.319000e+03
6.321800e+01	3.334000e+03
6.326800e+01	3.324000e+03
6.331800e+01	3.324000e+03
6.336800e+01	3.294000e+03
6.341800e+01	3.273000e+03
6.346800e+01	3.315000e+03
6.351800e+01	3.364000e+03
6.356900e+01	3.093000e+03
6.361900e+01	3.105000e+03
6.366900e+01	3.193000e+03
6.371900e+01	3.270000e+03
6.376900e+01	3.311000e+03
6.381900e+01	3.328000e+03
6.386900e+01	3.350000e+03
6.391900e+01	3.317000e+03
6.397000e+01	3.340000e+03
6.401900e+01	3.301000e+03
6.407000e+01	3.351000e+03
6.412000e+01	3.390000e+03
6.417000e+01	3.332000e+03
6.422000e+01	3.446000e+03
6.427100e+01	3.397000e+03
6.432000e+01	3.414000e+03
6.437000e+01	3.362000e+03
6.442000e+01	3.476000e+03
6.447000e+01	3.402000e+03
6.452100e+01	3.405000e+03
6.457000e+01	3.118000e+03
6.462100e+01	3.227000e+03
6.467100e+01	3.282000e+03
6.472100e+01	3.352000e+03
6.477100e+01	3.329000e+03
6.482100e+01	3.389000e+03
6.487100e+01	3.410000e+03
6.492100e+01	3.420000e+03
6.497100e+01	3.450000e+03
6.502200e+01	3.403000e+03
6.507200e+01	3.449000e+03
6.512200e+01	3.447000e+03
6.517100e+01	3.490000e+03
6.522200e+01	3.473000e+03
6.527100e+01	3.465000e+03
6.532200e+01	3.406000e+03
6.537300e+01	3.419000e+03
6.542200e+01	3.483000e+03
6.547200e+01	3.546000e+03
6.552200e+01	3.415000e+03
6.557300e+01	3.180000e+03
6.562300e+01	3.196000e+03
6.567200e+01	3.414000e+03
6.572200e+01	3.347000e+03
6.577400e+01	3.516000e+03
6.582300e+01	3.470000e+03
6.587300e+01	3.501000e+03
6.592300e+01	3.434000e+03
6.597300e+01	3.453000e+03
6.602300e+01	3.517000e+03
6.607300e+01	3.503000e+03
6.612400e+01	3.566000e+03
6.617400e+01	3.455000e+03
6.622400e+01	3.483000e+03
6.627400e+01	3.519000e+03
6.632300e+01	3.523000e+03
6.637400e+01	3.573000e+03
6.642400e+01	3.491000e+03
6.647400e+01	3.506000e+03
6.652500e+01	3.557000e+03
6.657500e+01	3.206000e+03
6.662500e+01	3.412000e+03
6.667400e+01	3.370000e+03
6.672500e+01	3.515000e+03
6.677400e+01	3.463000e+03
6.682500e+01	3.513000e+03
6.687500e+01	3.556000e+03
6.692500e+01	3.529000e+03
6.697500e+01	3.532000e+03
6.702500e+01	3.564000e+03
6.707600e+01	3.515000e+03
6.712500e+01	3.577000e+03
6.717600e+01	3.576000e+03
6.722600e+01	3.528000e+03
6.727600e+01	3.636000e+03
6.732600e+01	3.541000e+03
6.737600e+01	3.608000e+03
6.742600e+01	3.542000e+03
6.747600e+01	3.666000e+03
6.752600e+01	3.513000e+03
6.757600e+01	3.302000e+03
6.762700e+01	3.338000e+03
6.767700e+01	3.424000e+03
6.772700e+01	3.567000e+03
6.777600e+01	3.608000e+03
6.782700e+01	3.606000e+03
6.787700e+01	3.585000e+03
6.792600e+01	3.567000e+03
6.797700e+01	3.649000e+03
6.802700e+01	3.580000e+03
6.807700e+01	3.617000e+03
6.812700e+01	3.669000e+03
6.817700e+01	3.499000e+03
6.822700e+01	3.626000e+03
6.827700e+01	3.596000e+03
6.832800e+01	3.648000e+03
6.837800e+01	3.673000e+03
6.842800e+01	3.658000e+03
6.847800e+01	3.624000e+03
6.852800e+01	3.550000e+03
6.857900e+01	3.299000e+03
6.862800e+01	3.430000e+03
6.867800e+01	3.484000e+03
6.872800e+01	3.520000e+03
6.877900e+01	3.579000e+03
6.882900e+01	3.609000e+03
6.887900e+01	3.665000e+03
6.892900e+01	3.642000e+03
6.897900e+01	3.685000e+03
6.902900e+01	3.611000e+03
6.907900e+01	3.687000e+03
6.912900e+01	3.648000e+03
6.917900e+01	3.718000e+03
6.922900e+01	3.637000e+03
6.927900e+01	3.674000e+03
6.932900e+01	3.612000e+03
6.938000e+01	3.690000e+03
6.943000e+01	3.644000e+03
6.947900e+01	3.730000e+03
6.953000e+01	3.674000e+03
6.958000e+01	3.328000e+03
6.963000e+01	3.438000e+03
6.968000e+01	3.569000e+03
6.973100e+01	3.638000e+03
6.978000e+01	3.611000e+03
6.983000e+01	3.684000e+03
6.988000e+01	3.646000e+03
6.993000e+01	3.632000e+03
6.998100e+01	3.711000e+03
7.003100e+01	3.712000e+03
7.008100e+01	3.754000e+03
7.013100e+01	3.771000e+03
7.018100e+01	3.650000e+03
7.023100e+01	3.758000e+03
7.028100e+01	3.756000e+03
7.033200e+01	3.729000e+03
7.038200e+01	3.764000e+03
7.043200e+01	3.711000e+03
7.048200e+01	3.773000e+03
7.053100e+01	3.621000e+03
7.058200e+01	3.378000e+03
7.063200e+01	3.455000e+03
7.068200e+01	3.643000e+03
7.073200e+01	3.653000e+03
7.078200e+01	3.677000e+03
7.083300e+01	3.645000e+03
7.088200e+01	3.765000e+03
7.093300e+01	3.691000e+03
7.098300e+01	3.735000e+03
7.103200e+01	3.718000e+03
7.108300e+01	3.802000e+03
7.113300e+01	3.737000e+03
7.118200e+01	3.747000e+03
7.123400e+01	3.744000e+03
7.128300e+01	3.759000e+03
7.133400e+01	3.764000e+03
7.138300e+01	3.727000e+03
7.143400e+01	3.752000e+03
7.148400e+01	3.764000e+03
7.153400e+01	3.663000e+03
7.158400e+01	3.306000e+03
7.163400e+01	3.486000e+03
7.168400e+01	3.582000e+03
7.173400e+01	3.690000e+03
7.178400e+01	3.686000e+03
7.183400e+01	3.734000e+03
7.188400e+01	3.678000e+03
7.193500e+01	3.754000e+03
7.198500e+01	3.732000e+03
7.203400e+01	3.835000e+03
7.208500e+01	3.844000e+03
7.213500e+01	3.840000e+03
7.218500e+01	3.719000e+03
7.223500e+01	3.813000e+03
7.228500e+01	3.824000e+03
7.233500e+01	3.804000e+03
7.238500e+01	3.781000e+03
7.243500e+01	3.731000e+03
7.248600e+01	3.813000e+03
7.253500e+01	3.633000e+03
7.258600e+01	3.402000e+03
7.263500e+01	3.558000e+03
7.268600e+01	3.616000e+03
7.273600e+01	3.622000e+03
7.278600e+01	3.717000e+03
7.283600e+01	3.757000e+03
7.288600e+01	3.814000e+03
7.293700e+01	3.768000e+03
7.298700e+01	3.748000e+03
7.303700e+01	3.786000e+03
7.308700e+01	3.775000e+03
7.313700e+01	3.826000e+03
7.318700e+01	3.835000e+03
7.323700e+01	3.829000e+03
7.328700e+01	3.915000e+03
7.333700e+01	3.731000e+03
7.338700e+01	3.881000e+03
7.343800e+01	3.833000e+03
7.348700e+01	3.854000e+03
7.353800e+01	3.680000e+03
7.358700e+01	3.413000e+03
7.363800e+01	3.574000e+03
7.368800e+01	3.608000e+03
7.373800e+01	3.701000e+03
7.378800e+01	3.744000e+03
7.383800e+01	3.780000e+03
7.388800e+01	3.760000e+03
7.393800e+01	3.809000e+03
7.398800e+01	3.787000e+03
7.403800e+01	3.845000e+03
7.408800e+01	3.790000e+03
7.413800e+01	3.835000e+03
7.418900e+01	3.726000e+03
7.423800e+01	3.844000e+03
7.428900e+01	3.803000e+03
7.433800e+01	3.810000e+03
7.438900e+01	3.800000e+03
7.443900e+01	3.792000e+03
7.449000e+01	3.859000e+03
7.453900e+01	3.638000e+03
7.458900e+01	3.426000e+03
7.463900e+01	3.567000e+03
7.469000e+01	3.610000e+03
7.473900e+01	3.706000e+03
7.479000e+01	3.709000e+03
7.483900e+01	3.755000e+03
7.489000e+01	3.772000e+03
7.494000e+01	3.801000e+03
7.499000e+01	3.847000e+03
7.504000e+01	3.813000e+03
7.509000e+01	3.799000e+03
7.514100e+01	3.868000e+03
7.519000e+01	3.786000e+03
7.524000e+01	3.861000e+03
7.529000e+01	3.833000e+03
7.534100e+01	3.803000e+03
7.539100e+01	3.812000e+03
7.544100e+01	3.840000e+03
7.549200e+01	3.911000e+03
7.554100e+01	3.534000e+03
7.559100e+01	3.429000e+03
7.564100e+01	3.516000e+03
7.569200e+01	3.649000e+03
7.574100e+01	3.678000e+03
7.579100e+01	3.719000e+03
7.584200e+01	3.774000e+03
7.589200e+01	3.685000e+03
7.594200e+01	3.754000e+03
7.599200e+01	3.811000e+03
7.604300e+01	3.740000e+03
7.609200e+01	3.819000e+03
7.614200e+01	3.805000e+03
7.619300e+01	3.758000e+03
7.624200e+01	3.848000e+03
7.629200e+01	3.826000e+03
7.634300e+01	3.901000e+03
7.639300e+01	3.798000e+03
7.644200e+01	3.847000e+03
7.649300e+01	3.758000e+03
7.654300e+01	3.539000e+03
7.659400e+01	3.350000e+03
7.664300e+01	3.499000e+03
7.669300e+01	3.537000e+03
7.674300e+01	3.659000e+03
7.679300e+01	3.724000e+03
7.684300e+01	3.734000e+03
7.689300e+01	3.706000e+03
7.694300e+01	3.713000e+03
7.699400e+01	3.780000e+03
7.704400e+01	3.713000e+03
7.709400e+01	3.811000e+03
7.714400e+01	3.767000e+03
7.719400e+01	3.814000e+03
7.724500e+01	3.761000e+03
7.729500e+01	3.797000e+03
7.734500e+01	3.699000e+03
7.739500e+01	3.805000e+03
7.744500e+01	3.781000e+03
7.749500e+01	3.780000e+03
7.754500e+01	3.451000e+03
7.759500e+01	3.364000e+03
7.764500e+01	3.488000e+03
7.769500e+01	3.622000e+03
7.774500e+01	3.563000e+03
7.779600e+01	3.598000e+03
7.784500e+01	3.663000e+03
7.789500e+01	3.782000e+03
7.794600e+01	3.747000e+03
7.799700e+01	3.690000e+03
7.804600e+01	3.766000e+03
7.809600e+01	3.720000e+03
7.814600e+01	3.711000e+03
7.819600e+01	3.730000e+03
7.824600e+01	3.731000e+03
7.829600e+01	3.761000e+03
7.834700e+01	3.797000e+03
7.839600e+01	3.692000e+03
7.844700e+01	3.753000e+03
7.849700e+01	3.769000e+03
7.854600e+01	3.505000e+03
7.859600e+01	3.341000e+03
7.864700e+01	3.510000e+03
7.869700e+01	3.561000e+03
7.874700e+01	3.622000e+03
7.879700e+01	3.627000e+03
7.884700e+01	3.681000e+03
7.889700e+01	3.747000e+03
7.894700e+01	3.696000e+03
7.899700e+01	3.671000e+03
7.904700e+01	3.634000e+03
7.909800e+01	3.746000e+03
7.914800e+01	3.752000e+03
7.919800e+01	3.683000e+03
7.924800e+01	3.754000e+03
7.929800e+01	3.751000e+03
7.934800e+01	3.737000e+03
7.939800e+01	3.751000e+03
7.944900e+01	3.746000e+03
7.949900e+01	3.788000e+03
7.954800e+01	3.401000e+03
7.959900e+01	3.294000e+03
7.964900e+01	3.413000e+03
7.969900e+01	3.520000e+03
7.974900e+01	3.639000e+03
7.979900e+01	3.594000e+03
7.985000e+01	3.644000e+03
7.989900e+01	3.573000e+03
7.994900e+01	3.686000e+03
7.999900e+01	3.697000e+03
8.005000e+01	3.675000e+03
8.009900e+01	3.691000e+03
8.015000e+01	3.668000e+03
8.020000e+01	3.640000e+03
8.025000e+01	3.692000e+03
8.030100e+01	3.666000e+03
8.035000e+01	3.751000e+03
8.040000e+01	3.646000e+03
8.045000e+01	3.654000e+03
8.050100e+01	3.660000e+03
8.055100e+01	3.382000e+03
8.060100e+01	3.340000e+03
8.065100e+01	3.389000e+03
8.070100e+01	3.492000e+03
8.075100e+01	3.510000e+03
8.080100e+01	3.549000e+03
8.085100e+01	3.584000e+03
8.090200e+01	3.652000e+03
8.095100e+01	3.566000e+03
8.100100e+01	3.683000e+03
8.105200e+01	3.614000e+03
8.110200e+01	3.646000e+03
8.115200e+01	3.659000e+03
8.120200e+01	3.644000e+03
8.125200e+01	3.645000e+03
8.130200e+01	3.627000e+03
8.135200e+01	3.601000e+03
8.140200e+01	3.637000e+03
8.145200e+01	3.637000e+03
8.150200e+01	3.623000e+03
8.155200e+01	3.276000e+03
8.160200e+01	3.248000e+03
8.165200e+01	3.395000e+03
8.170300e+01	3.472000e+03
8.175300e+01	3.518000e+03
8.180300e+01	3.497000e+03
8.185300e+01	3.592000e+03
8.190300e+01	3.545000e+03
8.195300e+01	3.608000e+03
8.200300e+01	3.550000e+03
8.205400e+01	3.572000e+03
8.210300e+01	3.558000e+03
8.215300e+01	3.567000e+03
8.220300e+01	3.549000e+03
8.225400e+01	3.668000e+03
8.230400e+01	3.673000e+03
8.235400e+01	3.655000e+03
8.240400e+01	3.584000e+03
8.245400e+01	3.646000e+03
8.250500e+01	3.622000e+03
8.255400e+01	3.186000e+03
8.260400e+01	3.180000e+03
8.265400e+01	3.279000e+03
8.270500e+01	3.448000e+03
8.275500e+01	3.385000e+03
8.280500e+01	3.538000e+03
8.285500e+01	3.479000e+03
8.290500e+01	3.561000e+03
8.295500e+01	3.526000e+03
8.300500e+01	3.568000e+03
8.305500e+01	3.575000e+03
8.310500e+01	3.603000e+03
8.315600e+01	3.594000e+03
8.320600e+01	3.531000e+03
8.325600e+01	3.555000e+03
8.330500e+01	3.633000e+03
8.335500e+01	3.622000e+03
8.340600e+01	3.579000e+03
8.345600e+01	3.606000e+03
8.350500e+01	3.622000e+03
8.355600e+01	3.174000e+03
8.360600e+01	3.142000e+03
8.365600e+01	3.311000e+03
8.370600e+01	3.426000e+03
8.375700e+01	3.460000e+03
8.380700e+01	3.387000e+03
8.385700e+01	3.462000e+03
8.390700e+01	3.445000e+03
8.395700e+01	3.510000e+03
8.400600e+01	3.546000e+03
8.405800e+01	3.533000e+03
8.410700e+01	3.469000e+03
8.415800e+01	3.494000e+03
8.420700e+01	3.543000e+03
8.425800e+01	3.511000e+03
8.430800e+01	3.557000e+03
8.435800e+01	3.516000e+03
8.440700e+01	3.532000e+03
8.445800e+01	3.467000e+03
8.450800e+01	3.594000e+03
8.455800e+01	3.041000e+03
8.460800e+01	3.191000e+03
8.465800e+01	3.204000e+03
8.470800e+01	3.325000e+03
8.475900e+01	3.373000e+03
8.480800e+01	3.422000e+03
8.485900e+01	3.451000e+03
8.490800e+01	3.435000e+03
8.495900e+01	3.429000e+03
8.500900e+01	3.414000e+03
8.505900e+01	3.398000e+03
8.510900e+01	3.521000e+03
8.515900e+01	3.459000e+03
8.520900e+01	3.411000e+03
8.525900e+01	3.465000e+03
8.530900e+01	3.374000e+03
8.536000e+01	3.512000e+03
8.541000e+01	3.487000e+03
8.546000e+01	3.521000e+03
8.550900e+01	3.405000e+03
8.556000e+01	2.991000e+03
8.561000e+01	3.053000e+03
8.566000e+01	3.252000e+03
8.571000e+01	3.252000e+03
8.576100e+01	3.289000e+03
8.581000e+01	3.335000e+03
8.586000e+01	3.393000e+03
8.591100e+01	3.364000e+03
8.596100e+01	3.451000e+03
8.601000e+01	3.375000e+03
8.606100e+01	3.368000e+03
8.611100e+01	3.419000e+03
8.616100e+01	3.372000e+03
8.621100e+01	3.446000e+03
8.626100e+01	3.425000e+03
8.631100e+01	3.442000e+03
8.636100e+01	3.415000e+03
8.641200e+01	3.391000e+03
8.646200e+01	3.426000e+03
8.651200e+01	3.466000e+03
8.656100e+01	2.980000e+03
8.661200e+01	3.006000e+03
8.666300e+01	3.148000e+03
8.671200e+01	3.233000e+03
8.676300e+01	3.276000e+03
8.681200e+01	3.240000e+03
8.686200e+01	3.373000e+03
8.691300e+01	3.350000e+03
8.696300e+01	3.342000e+03
8.701300e+01	3.381000e+03
8.706300e+01	3.385000e+03
8.711300e+01	3.389000e+03
8.716300e+01	3.347000e+03
8.721300e+01	3.361000e+03
8.726300e+01	3.374000e+03
8.731300e+01	3.372000e+03
8.736400e+01	3.411000e+03
8.741300e+01	3.363000e+03
8.746300e+01	3.382000e+03
8.751400e+01	3.330000e+03
8.756300e+01	2.886000e+03
8.761300e+01	2.967000e+03
8.766400e+01	3.090000e+03
8.771400e+01	3.209000e+03
8.776400e+01	3.190000e+03
8.781400e+01	3.208000e+03
8.786400e+01	3.266000e+03
8.791400e+01	3.273000e+03
8.796500e+01	3.330000e+03
8.801500e+01	3.260000e+03
8.806500e+01	3.278000e+03
8.811500e+01	3.343000e+03
8.816400e+01	3.256000e+03
8.821500e+01	3.319000e+03
8.826500e+01	3.276000e+03
8.831500e+01	3.313000e+03
8.836600e+01	3.345000e+03
8.841600e+01	3.326000e+03
8.846600e+01	3.321000e+03
8.851500e+01	3.333000e+03
8.856500e+01	2.823000e+03
8.861500e+01	2.880000e+03
8.866500e+01	2.988000e+03
8.871600e+01	3.125000e+03
8.876600e+01	3.197000e+03
8.881700e+01	3.174000e+03
8.886600e+01	3.153000e+03
8.891600e+01	3.182000e+03
8.896600e+01	3.198000e+03
8.901600e+01	3.199000e+03
8.906600e+01	3.242000e+03
8.911600e+01	3.243000e+03
8.916700e+01	3.222000e+03
8.921600e+01	3.256000e+03
8.926700e+01	3.255000e+03
8.931700e+01	3.260000e+03
8.936700e+01	3.260000e+03
8.941700e+01	3.268000e+03
8.946700e+01	3.209000e+03
8.951700e+01	3.254000e+03
8.956800e+01	2.750000e+03
8.961700e+01	2.893000e+03
8.966700e+01	3.023000e+03
8.971700e+01	3.025000e+03
8.976800e+01	3.063000e+03
8.981800e+01	3.065000e+03
8.986800e+01	3.134000e+03
8.991800e+01	3.200000e+03
8.996800e+01	3.185000e+03
9.001800e+01	3.161000e+03
9.006800e+01	3.190000e+03
9.011900e+01	3.115000e+03
9.016900e+01	3.215000e+03
9.021900e+01	3.182000e+03
9.026800e+01	3.237000e+03
9.031900e+01	3.174000e+03
9.036800e+01	3.155000e+03
9.041900e+01	3.197000e+03
9.047000e+01	3.226000e+03
9.051900e+01	3.147000e+03
9.056900e+01	2.742000e+03
9.061900e+01	2.835000e+03
9.066900e+01	2.925000e+03
9.072000e+01	2.977000e+03
9.076900e+01	3.023000e+03
9.082000e+01	3.117000e+03
9.087000e+01	3.059000e+03
9.092000e+01	3.045000e+03
9.097000e+01	3.078000e+03
9.101900e+01	3.107000e+03
9.107000e+01	3.135000e+03
9.112000e+01	3.099000e+03
9.117000e+01	3.144000e+03
9.122100e+01	3.091000e+03
9.127100e+01	3.146000e+03
9.132100e+01	3.164000e+03
9.137000e+01	3.104000e+03
9.142100e+01	3.159000e+03
9.147200e+01	3.121000e+03
9.152100e+01	3.101000e+03
9.157100e+01	2.586000e+03
9.162200e+01	2.765000e+03
9.167200e+01	2.879000e+03
9.172200e+01	2.937000e+03
9.177200e+01	2.959000e+03
9.182200e+01	2.980000e+03
9.187200e+01	3.008000e+03
9.192200e+01	3.050000e+03
9.197200e+01	3.076000e+03
9.202200e+01	3.033000e+03
9.207200e+01	3.048000e+03
9.212200e+01	3.002000e+03
9.217200e+01	3.029000e+03
9.222300e+01	3.048000e+03
9.227200e+01	3.052000e+03
9.232200e+01	3.070000e+03
9.237300e+01	3.084000e+03
9.242300e+01	3.020000e+03
9.247200e+01	3.128000e+03
9.252300e+01	3.054000e+03
9.257300e+01	2.585000e+03
9.262300e+01	2.662000e+03
9.267300e+01	2.785000e+03
9.272300e+01	2.879000e+03
9.277300e+01	2.872000e+03
9.282400e+01	2.953000e+03
9.287400e+01	2.936000e+03
9.292300e+01	2.957000e+03
9.297400e+01	2.962000e+03
9.302400e+01	3.000000e+03
9.307400e+01	2.996000e+03
9.312400e+01	3.004000e+03
9.317400e+01	3.015000e+03
9.322400e+01	3.016000e+03
9.327400e+01	2.962000e+03
9.332400e+01	2.962000e+03
9.337400e+01	2.986000e+03
9.342400e+01	2.987000e+03
9.347500e+01	2.976000e+03
9.352500e+01	2.911000e+03
9.357500e+01	2.566000e+03
9.362500e+01	2.645000e+03
9.367500e+01	2.762000e+03
9.372500e+01	2.813000e+03
9.377500e+01	2.867000e+03
9.382500e+01	2.845000e+03
9.387600e+01	2.904000e+03
9.392600e+01	2.909000e+03
9.397500e+01	2.899000e+03
9.402600e+01	2.890000e+03
9.407600e+01	2.906000e+03
9.412600e+01	2.904000e+03
9.417600e+01	2.956000e+03
9.422600e+01	2.930000e+03
9.427600e+01	2.906000e+03
9.432600e+01	2.933000e+03
9.437700e+01	2.932000e+03
9.442700e+01	2.931000e+03
9.447600e+01	2.970000e+03
9.452700e+01	2.829000e+03
9.457700e+01	2.458000e+03
9.462700e+01	2.555000e+03
9.467700e+01	2.694000e+03
9.472700e+01	2.752000e+03
9.477700e+01	2.763000e+03
9.482700e+01	2.846000e+03
9.487700e+01	2.776000e+03
9.492700e+01	2.760000e+03
9.497800e+01	2.819000e+03
9.502700e+01	2.854000e+03
9.507700e+01	2.852000e+03
9.512800e+01	2.847000e+03
9.517800e+01	2.778000e+03
9.522800e+01	2.818000e+03
9.527800e+01	2.865000e+03
9.532800e+01	2.845000e+03
9.537800e+01	2.884000e+03
9.542800e+01	2.858000e+03
9.547800e+01	2.880000e+03
9.552800e+01	2.748000e+03
9.557800e+01	2.460000e+03
9.562900e+01	2.527000e+03
9.567900e+01	2.634000e+03
9.572900e+01	2.661000e+03
9.577900e+01	2.678000e+03
9.582900e+01	2.708000e+03
9.587900e+01	2.715000e+03
9.593000e+01	2.751000e+03
9.598000e+01	2.750000e+03
9.603000e+01	2.773000e+03
9.608000e+01	2.796000e+03
9.612900e+01	2.781000e+03
9.618000e+01	2.803000e+03
9.623000e+01	2.814000e+03
9.628000e+01	2.776000e+03
9.632900e+01	2.768000e+03
9.638000e+01	2.725000e+03
9.643000e+01	2.728000e+03
9.648000e+01	2.783000e+03
9.653100e+01	2.651000e+03
9.658100e+01	2.391000e+03
9.663000e+01	2.483000e+03
9.668000e+01	2.535000e+03
9.673000e+01	2.665000e+03
9.678100e+01	2.627000e+03
9.683100e+01	2.680000e+03
9.688100e+01	2.653000e+03
9.693100e+01	2.657000e+03
9.698100e+01	2.707000e+03
9.703100e+01	2.698000e+03
9.708200e+01	2.733000e+03
9.713200e+01	2.699000e+03
9.718200e+01	2.709000e+03
9.723200e+01	2.737000e+03
9.728100e+01	2.660000e+03
9.733200e+01	2.708000e+03
9.738200e+01	2.759000e+03
9.743200e+01	2.696000e+03
9.748200e+01	2.733000e+03
9.753200e+01	2.582000e+03
9.758200e+01	2.358000e+03
9.763200e+01	2.432000e+03
9.768200e+01	2.507000e+03
9.773200e+01	2.594000e+03
9.778300e+01	2.606000e+03
9.783300e+01	2.600000e+03
9.788200e+01	2.640000e+03
9.793300e+01	2.636000e+03
9.798300e+01	2.667000e+03
9.803300e+01	2.619000e+03
9.808400e+01	2.645000e+03
9.813300e+01	2.631000e+03
9.818300e+01	2.602000e+03
9.823400e+01	2.683000e+03
9.828400e+01	2.603000e+03
9.833400e+01	2.659000e+03
9.838400e+01	2.620000e+03
9.843400e+01	2.648000e+03
9.848400e+01	2.677000e+03
9.853400e+01	2.484000e+03
9.858400e+01	2.285000e+03
9.863400e+01	2.389000e+03
9.868500e+01	2.389000e+03
9.873400e+01	2.544000e+03
9.878400e+01	2.532000e+03
9.883400e+01	2.599000e+03
9.888500e+01	2.553000e+03
9.893500e+01	2.564000e+03
9.898500e+01	2.604000e+03
9.903500e+01	2.563000e+03
9.908500e+01	2.600000e+03
9.913600e+01	2.551000e+03
9.918600e+01	2.611000e+03
9.923600e+01	2.626000e+03
9.928600e+01	2.637000e+03
9.933600e+01	2.590000e+03
9.938600e+01	2.636000e+03
9.943600e+01	2.583000e+03
9.948600e+01	2.618000e+03
9.953600e+01	2.455000e+03
9.958600e+01	2.248000e+03
9.963600e+01	2.395000e+03
9.968600e+01	2.408000e+03
9.973600e+01	2.466000e+03
9.978700e+01	2.448000e+03
9.983700e+01	2.468000e+03
9.988700e+01	2.573000e+03
9.993700e+01	2.543000e+03
9.998700e+01	2.501000e+03
1.000370e+02	2.525000e+03
1.000870e+02	2.536000e+03
1.001370e+02	2.532000e+03
1.001880e+02	2.485000e+03
1.002370e+02	2.603000e+03
1.002870e+02	2.504000e+03
1.003380e+02	2.531000e+03
1.003880e+02	2.524000e+03
1.004370e+02	2.545000e+03
1.004880e+02	2.601000e+03
1.005380e+02	2.360000e+03
1.005880e+02	2.202000e+03
1.006380e+02	2.237000e+03
1.006880e+02	2.318000e+03
1.007380e+02	2.417000e+03
1.007890e+02	2.444000e+03
1.008380e+02	2.467000e+03
1.008890e+02	2.474000e+03
1.009390e+02	2.451000e+03
1.009890e+02	2.499000e+03
1.010390e+02	2.450000e+03
1.010890e+02	2.447000e+03
1.011390e+02	2.482000e+03
1.011890e+02	2.472000e+03
1.012390e+02	2.467000e+03
1.012900e+02	2.532000e+03
1.013400e+02	2.557000e+03
1.013900e+02	2.504000e+03
1.014400e+02	2.512000e+03
1.014890e+02	2.460000e+03
1.015390e+02	2.354000e+03
1.015900e+02	2.213000e+03
1.016400e+02	2.318000e+03
1.016900e+02	2.308000e+03
1.017400e+02	2.367000e+03
1.017910e+02	2.382000e+03
1.018400e+02	2.455000e+03
1.018900e+02	2.401000e+03
1.019400e+02	2.437000e+03
1.019910e+02	2.462000e+03
1.020400e+02	2.450000e+03
1.020910e+02	2.432000e+03
1.021400e+02	2.469000e+03
1.021910e+02	2.473000e+03
1.022410e+02	2.523000e+03
1.022910e+02	2.453000e+03
1.023410e+02	2.465000e+03
1.023920e+02	2.463000e+03
1.024420e+02	2.452000e+03
1.024920e+02	2.450000e+03
1.025420e+02	2.322000e+03
1.025920e+02	2.148000e+03
1.026420e+02	2.267000e+03
1.026920e+02	2.347000e+03
1.027420e+02	2.355000e+03
1.027920e+02	2.421000e+03
1.028420e+02	2.348000e+03
1.028930e+02	2.374000e+03
1.029420e+02	2.371000e+03
1.029920e+02	2.415000e+03
1.030420e+02	2.412000e+03
1.030920e+02	2.431000e+03
1.031430e+02	2.419000e+03
1.031930e+02	2.409000e+03
1.032430e+02	2.464000e+03
1.032930e+02	2.430000e+03
1.033430e+02	2.436000e+03
1.033930e+02	2.472000e+03
1.034430e+02	2.434000e+03
1.034940e+02	2.485000e+03
1.035430e+02	2.258000e+03
1.035940e+02	2.157000e+03
1.036440e+02	2.245000e+03
1.036940e+02	2.272000e+03
1.037440e+02	2.364000e+03
1.037940e+02	2.343000e+03
1.038440e+02	2.388000e+03
1.038950e+02	2.377000e+03
1.039440e+02	2.373000e+03
1.039940e+02	2.439000e+03
1.040450e+02	2.388000e+03
1.040950e+02	2.424000e+03
1.041450e+02	2.400000e+03
1.041950e+02	2.392000e+03
1.042450e+02	2.373000e+03
1.042950e+02	2.392000e+03
1.043450e+02	2.360000e+03
1.043950e+02	2.441000e+03
1.044450e+02	2.414000e+03
1.044950e+02	2.427000e+03
1.045460e+02	2.268000e+03
1.045960e+02	2.112000e+03
1.046460e+02	2.188000e+03
1.046960e+02	2.294000e+03
1.047460e+02	2.355000e+03
1.047960e+02	2.333000e+03
1.048460e+02	2.327000e+03
1.048960e+02	2.340000e+03
1.049470e+02	2.367000e+03
1.049970e+02	2.404000e+03
1.050460e+02	2.412000e+03
1.050960e+02	2.366000e+03
1.051460e+02	2.429000e+03
1.051960e+02	2.410000e+03
1.052470e+02	2.377000e+03
1.052970e+02	2.367000e+03
1.053470e+02	2.441000e+03
1.053970e+02	2.401000e+03
1.054470e+02	2.407000e+03
1.054980e+02	2.432000e+03
1.055470e+02	2.243000e+03
1.055980e+02	2.122000e+03
1.056470e+02	2.252000e+03
1.056980e+02	2.276000e+03
1.057480e+02	2.292000e+03
1.057980e+02	2.363000e+03
1.058480e+02	2.349000e+03
1.058980e+02	2.434000e+03
1.059470e+02	2.377000e+03
1.059980e+02	2.394000e+03
1.060480e+02	2.358000e+03
1.060980e+02	2.344000e+03
1.061480e+02	2.398000e+03
1.061990e+02	2.455000e+03
1.062480e+02	2.389000e+03
1.062990e+02	2.383000e+03
1.063490e+02	2.386000e+03
1.063980e+02	2.433000e+03
1.064480e+02	2.412000e+03
1.064990e+02	2.379000e+03
1.065490e+02	2.192000e+03
1.065990e+02	2.137000e+03
1.066490e+02	2.216000e+03
1.067000e+02	2.225000e+03
1.067500e+02	2.291000e+03
1.068000e+02	2.299000e+03
1.068500e+02	2.358000e+03
1.068990e+02	2.319000e+03
1.069490e+02	2.357000e+03
1.070000e+02	2.318000e+03
1.070500e+02	2.425000e+03
1.071000e+02	2.318000e+03
1.071510e+02	2.352000e+03
1.072010e+02	2.328000e+03
1.072500e+02	2.357000e+03
1.073010e+02	2.385000e+03
1.073510e+02	2.375000e+03
1.074010e+02	2.388000e+03
1.074510e+02	2.408000e+03
1.075010e+02	2.347000e+03
1.075510e+02	2.182000e+03
1.076020e+02	2.118000e+03
1.076510e+02	2.209000e+03
1.077010e+02	2.284000e+03
1.077520e+02	2.269000e+03
1.078020e+02	2.338000e+03
1.078510e+02	2.343000e+03
1.079020e+02	2.383000e+03
1.079520e+02	2.390000e+03
1.080020e+02	2.344000e+03
1.080520e+02	2.394000e+03
1.081020e+02	2.364000e+03
1.081520e+02	2.405000e+03
1.082030e+02	2.398000e+03
1.082520e+02	2.400000e+03
1.083020e+02	2.416000e+03
1.083530e+02	2.368000e+03
1.084030e+02	2.440000e+03
1.084530e+02	2.436000e+03
1.085030e+02	2.360000e+03
1.085530e+02	2.209000e+03
1.086030e+02	2.180000e+03
1.086520e+02	2.282000e+03
1.087030e+02	2.283000e+03
1.087530e+02	2.340000e+03
1.088030e+02	2.380000e+03
1.088530e+02	2.352000e+03
1.089030e+02	2.393000e+03
1.089530e+02	2.378000e+03
1.090040e+02	2.383000e+03
1.090540e+02	2.418000e+03
1.091040e+02	2.337000e+03
1.091540e+02	2.363000e+03
1.092040e+02	2.433000e+03
1.092540e+02	2.407000e+03
1.093040e+02	2.421000e+03
1.093540e+02	2.399000e+03
1.094040e+02	2.401000e+03
1.094550e+02	2.410000e+03
1.095050e+02	2.424000e+03
1.095550e+02	2.226000e+03
1.096050e+02	2.193000e+03
1.096550e+02	2.273000e+03
1.097050e+02	2.285000e+03
1.097550e+02	2.351000e+03
1.098050e+02	2.385000e+03
1.098550e+02	2.377000e+03
1.099050e+02	2.413000e+03
1.099550e+02	2.368000e+03
1.100050e+02	2.423000e+03
1.100550e+02	2.415000e+03
1.101060e+02	2.461000e+03
1.101550e+02	2.453000e+03
1.102060e+02	2.422000e+03
1.102560e+02	2.453000e+03
1.103070e+02	2.414000e+03
1.103560e+02	2.464000e+03
1.104060e+02	2.495000e+03
1.104560e+02	2.413000e+03
1.105070e+02	2.438000e+03
1.105570e+02	2.255000e+03
1.106070e+02	2.217000e+03
1.106560e+02	2.299000e+03
1.107070e+02	2.371000e+03
1.107570e+02	2.385000e+03
1.108070e+02	2.417000e+03
1.108570e+02	2.429000e+03
1.109070e+02	2.455000e+03
1.109580e+02	2.473000e+03
1.110080e+02	2.541000e+03
1.110580e+02	2.467000e+03
1.111080e+02	2.473000e+03
1.111570e+02	2.462000e+03
1.112080e+02	2.513000e+03
1.112580e+02	2.483000e+03
1.113090e+02	2.468000e+03
1.113580e+02	2.455000e+03
1.114080e+02	2.437000e+03
1.114580e+02	2.489000e+03
1.115080e+02	2.485000e+03
1.115590e+02	2.275000e+03
1.116090e+02	2.250000e+03
1.116580e+02	2.368000e+03
1.117090e+02	2.389000e+03
1.117590e+02	2.419000e+03
1.118090e+02	2.410000e+03
1.118600e+02	2.485000e+03
1.119090e+02	2.430000e+03
1.119590e+02	2.443000e+03
1.120090e+02	2.408000e+03
1.120590e+02	2.523000e+03
1.121100e+02	2.509000e+03
1.121590e+02	2.496000e+03
1.122100e+02	2.546000e+03
1.122600e+02	2.480000e+03
1.123100e+02	2.489000e+03
1.123600e+02	2.506000e+03
1.124100e+02	2.500000e+03
1.124600e+02	2.464000e+03
1.125100e+02	2.477000e+03
1.125600e+02	2.273000e+03
1.126110e+02	2.280000e+03
1.126600e+02	2.364000e+03
1.127110e+02	2.406000e+03
1.127600e+02	2.454000e+03
1.128100e+02	2.445000e+03
1.128610e+02	2.472000e+03
1.129110e+02	2.511000e+03
1.129610e+02	2.533000e+03
1.130120e+02	2.500000e+03
1.130610e+02	2.485000e+03
1.131110e+02	2.495000e+03
1.131610e+02	2.500000e+03
1.132120e+02	2.539000e+03
1.132610e+02	2.555000e+03
1.133120e+02	2.507000e+03
1.133620e+02	2.519000e+03
1.134120e+02	2.445000e+03
1.134620e+02	2.557000e+03
1.135120e+02	2.531000e+03
1.135630e+02	2.379000e+03
1.136120e+02	2.359000e+03
1.136630e+02	2.461000e+03
1.137120e+02	2.453000e+03
1.137630e+02	2.449000e+03
1.138130e+02	2.504000e+03
1.138630e+02	2.511000e+03
1.139120e+02	2.511000e+03
1.139630e+02	2.518000e+03
1.140130e+02	2.494000e+03
1.140640e+02	2.522000e+03
1.141130e+02	2.530000e+03
1.141640e+02	2.542000e+03
1.142130e+02	2.548000e+03
1.142630e+02	2.598000e+03
1.143140e+02	2.564000e+03
1.143630e+02	2.571000e+03
1.144140e+02	2.612000e+03
1.144650e+02	2.566000e+03
1.145140e+02	2.550000e+03
1.145640e+02	2.323000e+03
1.146140e+02	2.431000e+03
1.146650e+02	2.487000e+03
1.147150e+02	2.475000e+03
1.147650e+02	2.527000e+03
1.148150e+02	2.523000e+03
1.148640e+02	2.556000e+03
1.149150e+02	2.605000e+03
1.149650e+02	2.595000e+03
1.150150e+02	2.551000e+03
1.150650e+02	2.572000e+03
1.151150e+02	2.576000e+03
1.151660e+02	2.601000e+03
1.152160e+02	2.644000e+03
1.152650e+02	2.580000e+03
1.153150e+02	2.587000e+03
1.153660e+02	2.631000e+03
1.154150e+02	2.608000e+03
1.154660e+02	2.632000e+03
1.155160e+02	2.638000e+03
1.155660e+02	2.405000e+03
1.156160e+02	2.461000e+03
1.156660e+02	2.482000e+03
1.157170e+02	2.516000e+03
1.157670e+02	2.583000e+03
1.158160e+02	2.575000e+03
1.158660e+02	2.578000e+03
1.159170e+02	2.620000e+03
1.159670e+02	2.554000e+03
1.160170e+02	2.624000e+03
1.160670e+02	2.654000e+03
1.161170e+02	2.601000e+03
1.161670e+02	2.554000e+03
1.162180e+02	2.573000e+03
1.162670e+02	2.609000e+03
1.163180e+02	2.635000e+03
1.163670e+02	2.624000e+03
1.164180e+02	2.642000e+03
1.164670e+02	2.582000e+03
1.165180e+02	2.656000e+03
1.165680e+02	2.452000e+03
1.166180e+02	2.493000e+03
1.166680e+02	2.556000e+03
1.167190e+02	2.598000e+03
1.167680e+02	2.639000e+03
1.168180e+02	2.643000e+03
1.168680e+02	2.639000e+03
1.169180e+02	2.687000e+03
1.169690e+02	2.665000e+03
1.170190e+02	2.627000e+03
1.170690e+02	2.663000e+03
1.171190e+02	2.655000e+03
1.171690e+02	2.697000e+03
1.172190e+02	2.660000e+03
1.172690e+02	2.717000e+03
1.173190e+02	2.632000e+03
1.173700e+02	2.679000e+03
1.174190e+02	2.691000e+03
1.174690e+02	2.716000e+03
1.175190e+02	2.697000e+03
1.175700e+02	2.535000e+03
1.176200e+02	2.560000e+03
1.176700e+02	2.652000e+03
1.177200e+02	2.620000e+03
1.177700e+02	2.700000e+03
1.178200e+02	2.702000e+03
1.178700e+02	2.682000e+03
1.179200e+02	2.753000e+03
1.179700e+02	2.652000e+03
1.180210e+02	2.751000e+03
1.180710e+02	2.719000e+03
1.181200e+02	2.778000e+03
1.181710e+02	2.747000e+03
1.182210e+02	2.701000e+03
1.182710e+02	2.760000e+03
1.183210e+02	2.762000e+03
1.183710e+02	2.763000e+03
1.184210e+02	2.778000e+03
1.184710e+02	2.756000e+03
1.185210e+02	2.742000e+03
1.185710e+02	2.518000e+03
1.186220e+02	2.606000e+03
1.186720e+02	2.707000e+03
1.187220e+02	2.731000e+03
1.187720e+02	2.717000e+03
1.188230e+02	2.737000e+03
1.188720e+02	2.749000e+03
1.189220e+02	2.806000e+03
1.189730e+02	2.799000e+03
1.190220e+02	2.804000e+03
1.190730e+02	2.810000e+03
1.191230e+02	2.759000e+03
1.191730e+02	2.821000e+03
1.192230e+02	2.840000e+03
1.192730e+02	2.807000e+03
1.193230e+02	2.838000e+03
1.193730e+02	2.772000e+03
1.194230e+02	2.824000e+03
1.194730e+02	2.819000e+03
1.195230e+02	2.805000e+03
1.195730e+02	2.606000e+03
1.196240e+02	2.661000e+03
1.196730e+02	2.685000e+03
1.197230e+02	2.730000e+03
1.197740e+02	2.761000e+03
1.198240e+02	2.836000e+03
1.198740e+02	2.784000e+03
1.199240e+02	2.796000e+03
1.199740e+02	2.795000e+03
1.200240e+02	2.844000e+03
1.200740e+02	2.903000e+03
1.201250e+02	2.841000e+03
1.201750e+02	2.837000e+03
1.202250e+02	2.830000e+03
1.202750e+02	2.874000e+03
1.203250e+02	2.858000e+03
1.203750e+02	2.846000e+03
1.204250e+02	2.864000e+03
1.204750e+02	2.822000e+03
1.205250e+02	2.759000e+03
1.205760e+02	2.717000e+03
1.206250e+02	2.730000e+03
1.206760e+02	2.814000e+03
1.207260e+02	2.810000e+03
1.207760e+02	2.831000e+03
1.208250e+02	2.852000e+03
1.208760e+02	2.892000e+03
1.209260e+02	2.922000e+03
1.209760e+02	2.876000e+03
1.210270e+02	2.865000e+03
1.210770e+02	2.891000e+03
1.211260e+02	2.917000e+03
1.211760e+02	2.943000e+03
1.212260e+02	3.004000e+03
1.212770e+02	2.898000e+03
1.213270e+02	2.900000e+03
1.213770e+02	2.921000e+03
1.214270e+02	2.980000e+03
1.214770e+02	2.982000e+03
1.215280e+02	2.891000e+03
1.215770e+02	2.689000e+03
1.216270e+02	2.737000e+03
1.216770e+02	2.812000e+03
1.217280e+02	2.916000e+03
1.217780e+02	2.927000e+03
1.218280e+02	2.923000e+03
1.218780e+02	2.963000e+03
1.219280e+02	2.955000e+03
1.219790e+02	2.972000e+03
1.220280e+02	2.956000e+03
1.220790e+02	2.977000e+03
1.221280e+02	2.958000e+03
1.221780e+02	2.963000e+03
1.222280e+02	2.955000e+03
1.222780e+02	2.970000e+03
1.223290e+02	2.921000e+03
1.223780e+02	3.000000e+03
1.224290e+02	2.958000e+03
1.224790e+02	2.924000e+03
1.225290e+02	2.932000e+03
1.225790e+02	2.779000e+03
1.226290e+02	2.844000e+03
1.226790e+02	2.875000e+03
1.227300e+02	2.930000e+03
1.227800e+02	2.959000e+03
1.228290e+02	2.978000e+03
1.228800e+02	2.984000e+03
1.229300e+02	3.016000e+03
1.229800e+02	3.025000e+03
1.230300e+02	2.990000e+03
1.230800e+02	2.949000e+03
1.231300e+02	3.030000e+03
1.231800e+02	3.065000e+03
1.232310e+02	3.063000e+03
1.232800e+02	3.013000e+03
1.233310e+02	3.002000e+03
1.233800e+02	2.998000e+03
1.234310e+02	3.015000e+03
1.234810e+02	3.043000e+03
1.235310e+02	2.947000e+03
1.235810e+02	2.779000e+03
1.236310e+02	2.908000e+03
1.236820e+02	2.955000e+03
1.237320e+02	2.966000e+03
1.237810e+02	3.065000e+03
1.238320e+02	3.010000e+03
1.238820e+02	3.063000e+03
1.239320e+02	3.015000e+03
1.239810e+02	3.076000e+03
1.240320e+02	3.052000e+03
1.240820e+02	3.045000e+03
1.241320e+02	3.114000e+03
1.241830e+02	3.037000e+03
1.242330e+02	3.118000e+03
1.242820e+02	3.089000e+03
1.243320e+02	3.153000e+03
1.243830e+02	3.123000e+03
1.244330e+02	3.081000e+03
1.244830e+02	3.102000e+03
1.245330e+02	2.997000e+03
1.245820e+02	2.842000e+03
1.246330e+02	2.937000e+03
1.246830e+02	2.952000e+03
1.247340e+02	3.038000e+03
1.247830e+02	3.033000e+03
1.248330e+02	3.119000e+03
1.248840e+02	3.068000e+03
1.249340e+02	3.122000e+03
1.249830e+02	3.090000e+03
1.250330e+02	3.135000e+03
1.250830e+02	3.214000e+03
1.251340e+02	3.109000e+03
1.251840e+02	3.154000e+03
1.252340e+02	3.105000e+03
1.252840e+02	3.164000e+03
1.253340e+02	3.119000e+03
1.253850e+02	3.088000e+03
1.254350e+02	3.145000e+03
1.254840e+02	3.216000e+03
1.255340e+02	3.074000e+03
1.255840e+02	2.862000e+03
1.256340e+02	2.930000e+03
1.256850e+02	3.064000e+03
1.257350e+02	3.043000e+03
1.257850e+02	3.137000e+03
1.258350e+02	3.133000e+03
1.258860e+02	3.181000e+03
1.259360e+02	3.117000e+03
1.259860e+02	3.195000e+03
1.260350e+02	3.182000e+03
1.260860e+02	3.212000e+03
1.261360e+02	3.207000e+03
1.261860e+02	3.139000e+03
1.262360e+02	3.231000e+03
1.262860e+02	3.250000e+03
1.263360e+02	3.251000e+03
1.263860e+02	3.185000e+03
1.264360e+02	3.254000e+03
1.264860e+02	3.209000e+03
1.265360e+02	3.193000e+03
1.265860e+02	2.983000e+03
1.266360e+02	3.094000e+03
1.266860e+02	3.150000e+03
1.267370e+02	3.161000e+03
1.267860e+02	3.132000e+03
1.268370e+02	3.221000e+03
1.268870e+02	3.238000e+03
1.269380e+02	3.187000e+03
1.269880e+02	3.226000e+03
1.270380e+02	3.140000e+03
1.270880e+02	3.271000e+03
1.271380e+02	3.301000e+03
1.271880e+02	3.296000e+03
1.272380e+02	3.283000e+03
1.272880e+02	3.230000e+03
1.273380e+02	3.210000e+03
1.273880e+02	3.267000e+03
1.274380e+02	3.254000e+03
1.274880e+02	3.333000e+03
1.275390e+02	3.159000e+03
1.275890e+02	3.041000e+03
1.276380e+02	3.130000e+03
1.276880e+02	3.180000e+03
1.277390e+02	3.325000e+03
1.277890e+02	3.240000e+03
1.278390e+02	3.264000e+03
1.278890e+02	3.284000e+03
1.279400e+02	3.275000e+03
1.279890e+02	3.315000e+03
1.280400e+02	3.322000e+03
1.280890e+02	3.326000e+03
1.281390e+02	3.332000e+03
1.281900e+02	3.310000e+03
1.282400e+02	3.401000e+03
1.282890e+02	3.321000e+03
1.283390e+02	3.355000e+03
1.283900e+02	3.334000e+03
1.284400e+02	3.295000e+03
1.284900e+02	3.368000e+03
1.285400e+02	3.287000e+03
1.285910e+02	3.125000e+03
1.286410e+02	3.214000e+03
1.286900e+02	3.253000e+03
1.287410e+02	3.299000e+03
1.287900e+02	3.362000e+03
1.288410e+02	3.388000e+03
1.288910e+02	3.396000e+03
1.289420e+02	3.354000e+03
1.289920e+02	3.445000e+03
1.290410e+02	3.345000e+03
1.290910e+02	3.430000e+03
1.291410e+02	3.332000e+03
1.291910e+02	3.411000e+03
1.292420e+02	3.384000e+03
1.292920e+02	3.428000e+03
1.293420e+02	3.348000e+03
1.293920e+02	3.419000e+03
1.294420e+02	3.413000e+03
1.294920e+02	3.499000e+03
1.295420e+02	3.275000e+03
1.295930e+02	3.172000e+03
1.296430e+02	3.247000e+03
1.296920e+02	3.297000e+03
1.297420e+02	3.368000e+03
1.297920e+02	3.408000e+03
1.298420e+02	3.375000e+03
1.298930e+02	3.434000e+03
1.299430e+02	3.408000e+03
1.299930e+02	3.452000e+03
1.300430e+02	3.474000e+03
1.300930e+02	3.446000e+03
1.301430e+02	3.479000e+03
1.301930e+02	3.413000e+03
1.302430e+02	3.507000e+03
1.302940e+02	3.546000e+03
1.303440e+02	3.519000e+03
1.303930e+02	3.458000e+03
1.304440e+02	3.582000e+03
1.304940e+02	3.499000e+03
1.305440e+02	3.296000e+03
1.305940e+02	3.210000e+03
1.306440e+02	3.294000e+03
1.306950e+02	3.403000e+03
1.307440e+02	3.366000e+03
1.307940e+02	3.456000e+03
1.308450e+02	3.465000e+03
1.308950e+02	3.570000e+03
1.309450e+02	3.541000e+03
1.309940e+02	3.491000e+03
1.310450e+02	3.510000e+03
1.310950e+02	3.569000e+03
1.311450e+02	3.532000e+03
1.311950e+02	3.576000e+03
1.312450e+02	3.514000e+03
1.312960e+02	3.512000e+03
1.313450e+02	3.511000e+03
1.313960e+02	3.543000e+03
1.314460e+02	3.616000e+03
1.314960e+02	3.572000e+03
1.315450e+02	3.456000e+03
1.315960e+02	3.217000e+03
1.316470e+02	3.369000e+03
1.316960e+02	3.420000e+03
1.317460e+02	3.555000e+03
1.317960e+02	3.484000e+03
1.318470e+02	3.527000e+03
1.318960e+02	3.529000e+03
1.319470e+02	3.594000e+03
1.319970e+02	3.564000e+03
1.320470e+02	3.560000e+03
1.320970e+02	3.613000e+03
1.321470e+02	3.630000e+03
1.321970e+02	3.595000e+03
1.322470e+02	3.617000e+03
1.322980e+02	3.630000e+03
1.323480e+02	3.537000e+03
1.323980e+02	3.618000e+03
1.324480e+02	3.630000e+03
1.324980e+02	3.666000e+03
1.325470e+02	3.447000e+03
1.325980e+02	3.383000e+03
1.326480e+02	3.398000e+03
1.326980e+02	3.537000e+03
1.327490e+02	3.517000e+03
1.327980e+02	3.628000e+03
1.328480e+02	3.583000e+03
1.328990e+02	3.572000e+03
1.329490e+02	3.613000e+03
1.329980e+02	3.575000e+03
1.330490e+02	3.638000e+03
1.330980e+02	3.683000e+03
1.331490e+02	3.671000e+03
1.331990e+02	3.695000e+03
1.332490e+02	3.669000e+03
1.332990e+02	3.669000e+03
1.333490e+02	3.697000e+03
1.333990e+02	3.643000e+03
1.334500e+02	3.727000e+03
1.335000e+02	3.630000e+03
1.335500e+02	3.503000e+03
1.336000e+02	3.322000e+03
1.336500e+02	3.486000e+03
1.337000e+02	3.579000e+03
1.337500e+02	3.657000e+03
1.338000e+02	3.621000e+03
1.338510e+02	3.651000e+03
1.339000e+02	3.674000e+03
1.339500e+02	3.723000e+03
1.340010e+02	3.639000e+03
1.340510e+02	3.754000e+03
1.341000e+02	3.671000e+03
1.341510e+02	3.644000e+03
1.342010e+02	3.651000e+03
1.342510e+02	3.703000e+03
1.343010e+02	3.810000e+03
1.343510e+02	3.669000e+03
1.344010e+02	3.761000e+03
1.344510e+02	3.677000e+03
1.345010e+02	3.767000e+03
1.345510e+02	3.535000e+03
1.346010e+02	3.419000e+03
1.346510e+02	3.564000e+03
1.347010e+02	3.602000e+03
1.347520e+02	3.623000e+03
1.348010e+02	3.703000e+03
1.348520e+02	3.708000e+03
1.349020e+02	3.730000e+03
1.349520e+02	3.732000e+03
1.350020e+02	3.666000e+03
1.350520e+02	3.766000e+03
1.351020e+02	3.691000e+03
1.351530e+02	3.728000e+03
1.352030e+02	3.714000e+03
1.352530e+02	3.774000e+03
1.353030e+02	3.662000e+03
1.353530e+02	3.807000e+03
1.354020e+02	3.728000e+03
1.354540e+02	3.738000e+03
1.355040e+02	3.788000e+03
1.355540e+02	3.540000e+03
1.356040e+02	3.428000e+03
1.356530e+02	3.518000e+03
1.357040e+02	3.552000e+03
1.357540e+02	3.733000e+03
1.358040e+02	3.687000e+03
1.358540e+02	3.703000e+03
1.359040e+02	3.766000e+03
1.359540e+02	3.785000e+03
1.360040e+02	3.748000e+03
1.360550e+02	3.724000e+03
1.361040e+02	3.819000e+03
1.361550e+02	3.752000e+03
1.362050e+02	3.876000e+03
1.362550e+02	3.790000e+03
1.363050e+02	3.818000e+03
1.363550e+02	3.842000e+03
1.364050e+02	3.761000e+03
1.364550e+02	3.811000e+03
1.365050e+02	3.773000e+03
1.365560e+02	3.511000e+03
1.366060e+02	3.546000e+03
1.366560e+02	3.525000e+03
1.367060e+02	3.657000e+03
1.367560e+02	3.724000e+03
1.368050e+02	3.730000e+03
1.368550e+02	3.807000e+03
1.369060e+02	3.807000e+03
1.369560e+02	3.823000e+03
1.370060e+02	3.804000e+03
1.370560e+02	3.823000e+03
1.371060e+02	3.851000e+03
1.371560e+02	3.809000e+03
1.372060e+02	3.869000e+03
1.372560e+02	3.787000e+03
1.373070e+02	3.828000e+03
1.373570e+02	3.846000e+03
1.374070e+02	3.802000e+03
1.374570e+02	3.831000e+03
1.375070e+02	3.801000e+03
1.375570e+02	3.483000e+03
1.376070e+02	3.487000e+03
1.376570e+02	3.626000e+03
1.377070e+02	3.728000e+03
1.377580e+02	3.700000e+03
1.378080e+02	3.791000e+03
1.378580e+02	3.698000e+03
1.379080e+02	3.817000e+03
1.379570e+02	3.867000e+03
1.380080e+02	3.948000e+03
1.380580e+02	3.863000e+03
1.381090e+02	3.825000e+03
1.381580e+02	3.805000e+03
1.382080e+02	3.929000e+03
1.382590e+02	3.818000e+03
1.383090e+02	3.895000e+03
1.383580e+02	3.837000e+03
1.384080e+02	3.767000e+03
1.384580e+02	3.834000e+03
1.385080e+02	3.842000e+03
1.385590e+02	3.502000e+03
1.386090e+02	3.489000e+03
1.386590e+02	3.614000e+03
1.387090e+02	3.647000e+03
1.387600e+02	3.731000e+03
1.388090e+02	3.753000e+03
1.388600e+02	3.806000e+03
1.389100e+02	3.815000e+03
1.389600e+02	3.758000e+03
1.390100e+02	3.758000e+03
1.390600e+02	3.818000e+03
1.391100e+02	3.821000e+03
1.391600e+02	3.862000e+03
1.392100e+02	3.827000e+03
1.392610e+02	3.849000e+03
1.393110e+02	3.870000e+03
1.393610e+02	3.837000e+03
1.394110e+02	3.839000e+03
1.394610e+02	3.919000e+03
1.395100e+02	3.862000e+03
1.395610e+02	3.430000e+03
1.396110e+02	3.521000e+03
1.396610e+02	3.553000e+03
1.397110e+02	3.767000e+03
1.397610e+02	3.737000e+03
1.398120e+02	3.788000e+03
1.398610e+02	3.749000e+03
1.399120e+02	3.916000e+03
1.399610e+02	3.813000e+03
1.400120e+02	3.816000e+03
1.400620e+02	3.832000e+03
1.401110e+02	3.809000e+03
1.401630e+02	3.857000e+03
1.402120e+02	3.851000e+03
1.402620e+02	3.884000e+03
1.403120e+02	3.778000e+03
1.403630e+02	3.830000e+03
1.404130e+02	3.854000e+03
1.404630e+02	3.901000e+03
1.405120e+02	3.891000e+03
1.405630e+02	3.498000e+03
1.406130e+02	3.468000e+03
1.406630e+02	3.611000e+03
1.407130e+02	3.655000e+03
1.407630e+02	3.739000e+03
1.408130e+02	3.766000e+03
1.408630e+02	3.812000e+03
1.409130e+02	3.782000e+03
1.409640e+02	3.843000e+03
1.410130e+02	3.815000e+03
1.410640e+02	3.823000e+03
1.411130e+02	3.851000e+03
1.411640e+02	3.792000e+03
1.412140e+02	3.871000e+03
1.412640e+02	3.789000e+03
1.413140e+02	3.810000e+03
1.413640e+02	3.730000e+03
1.414140e+02	3.845000e+03
1.414650e+02	3.825000e+03
1.415140e+02	3.808000e+03
1.415650e+02	3.863000e+03
1.416150e+02	3.836000e+03
1.416650e+02	3.848000e+03
1.417150e+02	3.797000e+03
1.417650e+02	3.790000e+03
1.418150e+02	3.864000e+03
1.418650e+02	3.815000e+03
1.419160e+02	3.863000e+03
1.419660e+02	3.876000e+03
1.420150e+02	3.799000e+03
1.420660e+02	3.835000e+03
1.421160e+02	3.814000e+03
1.421660e+02	3.872000e+03
1.422150e+02	3.781000e+03
1.422660e+02	3.916000e+03
1.423170e+02	3.822000e+03
1.423660e+02	3.840000e+03
1.424160e+02	3.846000e+03
1.424660e+02	3.871000e+03
1.425160e+02	3.841000e+03
1.425670e+02	3.833000e+03
1.426160e+02	3.809000e+03
1.426670e+02	3.843000e+03
1.427170e+02	3.880000e+03
1.427670e+02	3.855000e+03
1.428170e+02	3.858000e+03
1.428670e+02	3.904000e+03
1.429170e+02	3.793000e+03
1.429670e+02	3.856000e+03
1.430170e+02	3.910000e+03
1.430680e+02	3.891000e+03
1.431180e+02	3.868000e+03
1.431680e+02	3.814000e+03
1.432180e+02	3.866000e+03
1.432680e+02	3.801000e+03
1.433180e+02	3.873000e+03
1.433680e+02	3.893000e+03
1.434180e+02	3.794000e+03
1.434680e+02	3.939000e+03
1.435180e+02	3.884000e+03
1.435680e+02	3.880000e+03
1.436190e+02	3.958000e+03
1.436690e+02	3.845000e+03
1.437190e+02	3.837000e+03
1.437690e+02	3.841000e+03
1.438180e+02	3.890000e+03
1.438690e+02	3.875000e+03
1.439190e+02	3.830000e+03
1.439690e+02	3.879000e+03
1.440190e+02	3.875000e+03
1.440690e+02	3.885000e+03
1.441190e+02	3.884000e+03
1.441690e+02	3.839000e+03
1.442200e+02	3.916000e+03
1.442700e+02	3.879000e+03
1.443200e+02	3.832000e+03
1.443700e+02	3.860000e+03
