0.000000e+00	3.759000e+03
5.100000e-02	3.779000e+03
1.010000e-01	3.797000e+03
1.500000e-01	3.793000e+03
2.010000e-01	3.883000e+03
2.510000e-01	3.825000e+03
3.010000e-01	3.823000e+03
3.510000e-01	3.808000e+03
4.010000e-01	3.831000e+03
4.510000e-01	3.864000e+03
5.020000e-01	3.798000e+03
5.510000e-01	3.785000e+03
6.010000e-01	3.820000e+03
6.520000e-01	3.798000e+03
7.020000e-01	3.813000e+03
7.510000e-01	3.846000e+03
8.030000e-01	3.833000e+03
8.520000e-01	3.814000e+03
9.030000e-01	3.830000e+03
9.530000e-01	3.786000e+03
1.003000e+00	3.791000e+03
1.053000e+00	3.851000e+03
1.103000e+00	3.763000e+03
1.153000e+00	3.777000e+03
1.203000e+00	3.773000e+03
1.253000e+00	3.798000e+03
1.303000e+00	3.817000e+03
1.353000e+00	3.864000e+03
1.403000e+00	3.795000e+03
1.453000e+00	3.826000e+03
1.504000e+00	3.737000e+03
1.553000e+00	3.820000e+03
1.604000e+00	3.780000e+03
1.654000e+00	3.807000e+03
1.704000e+00	3.744000e+03
1.754000e+00	3.747000e+03
1.804000e+00	3.762000e+03
1.854000e+00	3.819000e+03
1.904000e+00	3.784000e+03
1.954000e+00	3.880000e+03
2.005000e+00	3.844000e+03
2.055000e+00	3.764000e+03
2.105000e+00	3.754000e+03
2.155000e+00	3.797000e+03
2.205000e+00	3.818000e+03
2.254000e+00	3.812000e+03
2.305000e+00	3.725000e+03
2.355000e+00	3.712000e+03
2.405000e+00	3.815000e+03
2.455000e+00	3.808000e+03
2.506000e+00	3.784000e+03
2.556000e+00	3.787000e+03
2.606000e+00	3.801000e+03
2.656000e+00	3.780000e+03
2.706000e+00	3.820000e+03
2.756000e+00	3.798000e+03
2.806000e+00	3.870000e+03
2.856000e+00	3.818000e+03
2.906000e+00	3.737000e+03
2.956000e+00	3.798000e+03
3.006000e+00	3.819000e+03
3.057000e+00	3.782000e+03
3.107000e+00	3.782000e+03
3.156000e+00	3.833000e+03
3.207000e+00	3.787000e+03
3.257000e+00	3.847000e+03
3.307000e+00	3.772000e+03
3.357000e+00	3.815000e+03
3.407000e+00	3.779000e+03
3.457000e+00	3.843000e+03
3.507000e+00	3.747000e+03
3.557000e+00	3.819000e+03
3.607000e+00	3.791000e+03
3.657000e+00	3.856000e+03
3.707000e+00	3.756000e+03
3.758000e+00	3.831000e+03
3.807000e+00	3.824000e+03
3.858000e+00	3.844000e+03
3.908000e+00	3.831000e+03
3.958000e+00	3.809000e+03
4.008000e+00	3.835000e+03
4.058000e+00	3.790000e+03
4.108000e+00	3.833000e+03
4.158000e+00	3.789000e+03
4.209000e+00	3.822000e+03
4.259000e+00	3.766000e+03
4.309000e+00	3.843000e+03
4.359000e+00	3.784000e+03
4.409000e+00	3.775000e+03
4.459000e+00	3.763000e+03
4.509000e+00	3.778000e+03
4.559000e+00	3.682000e+03
4.609000e+00	3.732000e+03
4.659000e+00	3.741000e+03
4.709000e+00	3.728000e+03
4.759000e+00	3.786000e+03
4.810000e+00	3.770000e+03
4.860000e+00	3.806000e+03
4.910000e+00	3.813000e+03
4.960000e+00	3.852000e+03
5.010000e+00	3.791000e+03
5.060000e+00	3.798000e+03
5.110000e+00	3.768000e+03
5.160000e+00	3.869000e+03
5.211000e+00	3.768000e+03
5.261000e+00	3.853000e+03
5.311000e+00	3.798000e+03
5.361000e+00	3.912000e+03
5.411000e+00	3.858000e+03
5.461000e+00	3.846000e+03
5.511000e+00	3.783000e+03
5.561000e+00	3.769000e+03
5.611000e+00	3.856000e+03
5.661000e+00	3.803000e+03
5.712000e+00	3.905000e+03
5.762000e+00	3.829000e+03
5.811000e+00	3.976000e+03
5.862000e+00	3.888000e+03
5.911000e+00	3.930000e+03
5.961000e+00	3.837000e+03
6.012000e+00	3.960000e+03
6.062000e+00	4.001000e+03
6.112000e+00	3.991000e+03
6.162000e+00	3.982000e+03
6.212000e+00	4.023000e+03
6.262000e+00	3.959000e+03
6.312000e+00	3.970000e+03
6.362000e+00	4.007000e+03
6.412000e+00	3.994000e+03
6.463000e+00	4.063000e+03
6.513000e+00	3.912000e+03
6.562000e+00	3.976000e+03
6.614000e+00	3.916000e+03
6.663000e+00	3.997000e+03
6.714000e+00	3.987000e+03
6.763000e+00	4.016000e+03
6.813000e+00	4.047000e+03
6.864000e+00	4.069000e+03
6.914000e+00	3.959000e+03
6.964000e+00	4.095000e+03
7.013000e+00	4.095000e+03
7.064000e+00	4.095000e+03
7.114000e+00	4.095000e+03
7.164000e+00	4.079000e+03
7.215000e+00	4.095000e+03
7.265000e+00	4.095000e+03
7.315000e+00	4.095000e+03
7.364000e+00	4.095000e+03
7.415000e+00	4.095000e+03
7.465000e+00	4.095000e+03
7.515000e+00	4.095000e+03
7.565000e+00	4.051000e+03
7.615000e+00	4.095000e+03
7.665000e+00	4.095000e+03
7.715000e+00	4.067000e+03
7.765000e+00	4.095000e+03
7.815000e+00	4.095000e+03
7.865000e+00	4.095000e+03
7.916000e+00	4.095000e+03
7.965000e+00	4.095000e+03
8.016000e+00	4.095000e+03
8.066000e+00	4.095000e+03
8.116000e+00	4.095000e+03
8.165000e+00	4.095000e+03
8.216000e+00	4.095000e+03
8.266000e+00	4.095000e+03
8.316000e+00	4.095000e+03
8.367000e+00	4.095000e+03
8.416000e+00	4.095000e+03
8.466000e+00	4.095000e+03
8.517000e+00	4.095000e+03
8.567000e+00	4.095000e+03
8.617000e+00	4.095000e+03
8.667000e+00	4.095000e+03
8.717000e+00	4.095000e+03
8.767000e+00	4.095000e+03
8.817000e+00	4.095000e+03
8.867000e+00	4.095000e+03
8.918000e+00	4.095000e+03
8.967000e+00	4.095000e+03
9.017000e+00	4.095000e+03
9.068000e+00	4.095000e+03
9.117000e+00	4.095000e+03
9.168000e+00	4.095000e+03
9.218000e+00	4.095000e+03
9.268000e+00	4.095000e+03
9.318000e+00	4.095000e+03
9.368000e+00	4.095000e+03
9.418000e+00	4.095000e+03
9.468000e+00	4.095000e+03
9.519000e+00	4.095000e+03
9.569000e+00	4.095000e+03
9.618000e+00	4.095000e+03
9.668000e+00	4.095000e+03
9.719000e+00	4.095000e+03
9.769000e+00	4.095000e+03
9.819000e+00	4.095000e+03
9.869000e+00	4.095000e+03
9.919000e+00	4.095000e+03
9.970000e+00	4.095000e+03
1.001900e+01	4.095000e+03
1.006900e+01	4.095000e+03
1.012000e+01	4.095000e+03
1.016900e+01	4.095000e+03
1.022000e+01	4.095000e+03
1.027000e+01	4.095000e+03
1.032000e+01	4.095000e+03
1.037100e+01	4.095000e+03
1.042000e+01	4.095000e+03
1.047000e+01	4.095000e+03
1.052000e+01	4.095000e+03
1.057000e+01	4.095000e+03
1.062100e+01	4.095000e+03
1.067000e+01	4.095000e+03
1.072100e+01	4.095000e+03
1.077100e+01	4.095000e+03
1.082100e+01	4.095000e+03
1.087100e+01	4.095000e+03
1.092100e+01	4.095000e+03
1.097100e+01	4.095000e+03
1.102200e+01	4.095000e+03
1.107100e+01	4.095000e+03
1.112200e+01	4.095000e+03
1.117100e+01	4.095000e+03
1.122100e+01	4.095000e+03
1.127200e+01	4.095000e+03
1.132200e+01	4.095000e+03
1.137200e+01	4.095000e+03
1.142200e+01	4.095000e+03
1.147200e+01	4.095000e+03
1.152200e+01	4.095000e+03
1.157300e+01	4.095000e+03
1.162300e+01	4.095000e+03
1.167200e+01	4.095000e+03
1.172400e+01	4.095000e+03
1.177300e+01	4.095000e+03
1.182300e+01	4.095000e+03
1.187300e+01	4.095000e+03
1.192300e+01	4.095000e+03
1.197300e+01	4.095000e+03
1.202300e+01	4.095000e+03
1.207300e+01	4.095000e+03
1.212400e+01	4.095000e+03
1.217400e+01	4.095000e+03
1.222400e+01	4.095000e+03
1.227400e+01	4.095000e+03
1.232400e+01	4.095000e+03
1.237400e+01	4.095000e+03
1.242400e+01	4.095000e+03
1.247400e+01	4.095000e+03
1.252500e+01	4.095000e+03
1.257400e+01	4.095000e+03
1.262400e+01	4.095000e+03
1.267400e+01	4.095000e+03
1.272500e+01	4.095000e+03
1.277400e+01	4.095000e+03
1.282400e+01	4.095000e+03
1.287500e+01	4.095000e+03
1.292500e+01	4.095000e+03
1.297500e+01	4.095000e+03
1.302500e+01	4.095000e+03
1.307400e+01	4.095000e+03
1.312500e+01	4.095000e+03
1.317500e+01	4.095000e+03
1.322600e+01	4.095000e+03
1.327600e+01	4.095000e+03
1.332500e+01	4.095000e+03
1.337600e+01	4.095000e+03
1.342600e+01	4.095000e+03
1.347600e+01	4.095000e+03
1.352600e+01	3.923000e+03
1.357600e+01	4.049000e+03
1.362600e+01	3.920000e+03
1.367700e+01	4.050000e+03
1.372700e+01	3.971000e+03
1.377600e+01	4.083000e+03
1.382700e+01	4.095000e+03
1.387700e+01	4.048000e+03
1.392700e+01	4.083000e+03
1.397700e+01	4.095000e+03
1.402700e+01	4.095000e+03
1.407600e+01	4.095000e+03
1.412700e+01	4.095000e+03
1.417700e+01	4.095000e+03
1.422700e+01	4.095000e+03
1.427700e+01	4.084000e+03
1.432700e+01	4.095000e+03
1.437800e+01	4.095000e+03
1.442800e+01	4.095000e+03
1.447700e+01	4.095000e+03
1.452800e+01	3.937000e+03
1.457800e+01	4.019000e+03
1.462800e+01	4.043000e+03
1.467800e+01	4.095000e+03
1.472800e+01	4.095000e+03
1.477800e+01	4.095000e+03
1.482900e+01	4.075000e+03
1.487800e+01	4.095000e+03
1.492900e+01	4.095000e+03
1.497800e+01	4.095000e+03
1.502900e+01	4.095000e+03
1.507900e+01	4.095000e+03
1.512900e+01	4.095000e+03
1.517900e+01	4.095000e+03
1.522900e+01	4.095000e+03
1.527900e+01	4.095000e+03
1.532900e+01	4.095000e+03
1.537900e+01	4.095000e+03
1.543000e+01	4.095000e+03
1.548000e+01	4.095000e+03
1.553000e+01	4.036000e+03
1.557900e+01	3.943000e+03
1.563000e+01	4.068000e+03
1.568000e+01	3.996000e+03
1.573100e+01	4.078000e+03
1.578000e+01	4.095000e+03
1.583100e+01	4.095000e+03
1.588100e+01	4.095000e+03
1.593100e+01	4.095000e+03
1.598000e+01	4.095000e+03
1.603000e+01	4.095000e+03
1.608000e+01	4.095000e+03
1.613000e+01	4.095000e+03
1.618100e+01	4.095000e+03
1.623100e+01	4.095000e+03
1.628000e+01	4.095000e+03
1.633100e+01	4.095000e+03
1.638100e+01	4.095000e+03
1.643100e+01	4.095000e+03
1.648100e+01	4.095000e+03
1.653200e+01	3.934000e+03
1.658100e+01	4.008000e+03
1.663200e+01	3.998000e+03
1.668200e+01	4.092000e+03
1.673200e+01	3.984000e+03
1.678200e+01	4.048000e+03
1.683300e+01	4.008000e+03
1.688200e+01	4.095000e+03
1.693200e+01	4.086000e+03
1.698200e+01	4.095000e+03
1.703200e+01	4.091000e+03
1.708200e+01	4.095000e+03
1.713200e+01	4.095000e+03
1.718300e+01	4.095000e+03
1.723300e+01	4.095000e+03
1.728300e+01	4.057000e+03
1.733300e+01	4.095000e+03
1.738300e+01	4.068000e+03
1.743300e+01	4.095000e+03
1.748300e+01	4.095000e+03
1.753300e+01	3.894000e+03
1.758300e+01	3.899000e+03
1.763400e+01	3.943000e+03
1.768300e+01	3.947000e+03
1.773300e+01	3.968000e+03
1.778400e+01	3.937000e+03
1.783400e+01	4.009000e+03
1.788400e+01	3.910000e+03
1.793400e+01	3.880000e+03
1.798400e+01	4.006000e+03
1.803500e+01	3.997000e+03
1.808500e+01	4.074000e+03
1.813500e+01	4.013000e+03
1.818500e+01	4.078000e+03
1.823400e+01	4.026000e+03
1.828500e+01	4.001000e+03
1.833500e+01	4.047000e+03
1.838500e+01	4.095000e+03
1.843500e+01	4.012000e+03
1.848500e+01	4.043000e+03
1.853500e+01	3.695000e+03
1.858500e+01	3.838000e+03
1.863500e+01	3.812000e+03
1.868600e+01	3.900000e+03
1.873500e+01	3.830000e+03
1.878500e+01	3.879000e+03
1.883500e+01	3.902000e+03
1.888600e+01	3.871000e+03
1.893600e+01	3.961000e+03
1.898600e+01	3.936000e+03
1.903700e+01	3.960000e+03
1.908600e+01	3.912000e+03
1.913600e+01	3.908000e+03
1.918700e+01	3.972000e+03
1.923600e+01	3.977000e+03
1.928600e+01	3.905000e+03
1.933700e+01	3.962000e+03
1.938600e+01	3.908000e+03
1.943700e+01	4.066000e+03
1.948700e+01	3.943000e+03
1.953700e+01	3.646000e+03
1.958700e+01	3.728000e+03
1.963700e+01	3.682000e+03
1.968800e+01	3.782000e+03
1.973800e+01	3.813000e+03
1.978700e+01	3.817000e+03
1.983700e+01	3.837000e+03
1.988800e+01	3.786000e+03
1.993800e+01	3.867000e+03
1.998800e+01	3.892000e+03
2.003800e+01	3.913000e+03
2.008900e+01	3.946000e+03
2.013800e+01	3.820000e+03
2.018900e+01	3.854000e+03
2.023900e+01	3.823000e+03
2.028900e+01	3.835000e+03
2.033800e+01	3.786000e+03
2.038900e+01	3.921000e+03
2.043900e+01	3.852000e+03
2.048900e+01	3.874000e+03
2.053900e+01	3.520000e+03
2.058900e+01	3.702000e+03
2.064000e+01	3.678000e+03
2.069000e+01	3.726000e+03
2.074000e+01	3.705000e+03
2.078900e+01	3.732000e+03
2.083900e+01	3.701000e+03
2.089000e+01	3.747000e+03
2.094000e+01	3.805000e+03
2.099000e+01	3.758000e+03
2.104000e+01	3.802000e+03
2.109000e+01	3.764000e+03
2.114000e+01	3.846000e+03
2.119100e+01	3.785000e+03
2.124100e+01	3.847000e+03
2.129000e+01	3.783000e+03
2.134100e+01	3.832000e+03
2.139100e+01	3.783000e+03
2.144100e+01	3.880000e+03
2.149100e+01	3.728000e+03
2.154100e+01	3.503000e+03
2.159100e+01	3.545000e+03
2.164100e+01	3.617000e+03
2.169100e+01	3.577000e+03
2.174200e+01	3.662000e+03
2.179100e+01	3.653000e+03
2.184200e+01	3.629000e+03
2.189100e+01	3.659000e+03
2.194100e+01	3.623000e+03
2.199200e+01	3.655000e+03
2.204200e+01	3.632000e+03
2.209200e+01	3.667000e+03
2.214200e+01	3.645000e+03
2.219300e+01	3.715000e+03
2.224300e+01	3.722000e+03
2.229200e+01	3.688000e+03
2.234200e+01	3.729000e+03
2.239300e+01	3.744000e+03
2.244300e+01	3.620000e+03
2.249300e+01	3.663000e+03
2.254300e+01	3.390000e+03
2.259300e+01	3.463000e+03
2.264300e+01	3.431000e+03
2.269300e+01	3.369000e+03
2.274300e+01	3.460000e+03
2.279300e+01	3.506000e+03
2.284300e+01	3.562000e+03
2.289300e+01	3.559000e+03
2.294300e+01	3.554000e+03
2.299400e+01	3.542000e+03
2.304400e+01	3.529000e+03
2.309400e+01	3.582000e+03
2.314400e+01	3.606000e+03
2.319400e+01	3.584000e+03
2.324400e+01	3.595000e+03
2.329400e+01	3.571000e+03
2.334500e+01	3.528000e+03
2.339400e+01	3.603000e+03
2.344400e+01	3.516000e+03
2.349400e+01	3.631000e+03
2.354400e+01	3.279000e+03
2.359500e+01	3.380000e+03
2.364500e+01	3.371000e+03
2.369500e+01	3.459000e+03
2.374500e+01	3.497000e+03
2.379500e+01	3.441000e+03
2.384600e+01	3.346000e+03
2.389500e+01	3.453000e+03
2.394500e+01	3.443000e+03
2.399500e+01	3.473000e+03
2.404600e+01	3.511000e+03
2.409600e+01	3.502000e+03
2.414600e+01	3.447000e+03
2.419600e+01	3.454000e+03
2.424600e+01	3.540000e+03
2.429600e+01	3.506000e+03
2.434600e+01	3.549000e+03
2.439700e+01	3.454000e+03
2.444600e+01	3.548000e+03
2.449600e+01	3.425000e+03
2.454700e+01	3.263000e+03
2.459700e+01	3.258000e+03
2.464700e+01	3.294000e+03
2.469700e+01	3.240000e+03
2.474600e+01	3.289000e+03
2.479700e+01	3.334000e+03
2.484700e+01	3.352000e+03
2.489800e+01	3.334000e+03
2.494800e+01	3.399000e+03
2.499800e+01	3.346000e+03
2.504800e+01	3.324000e+03
2.509800e+01	3.363000e+03
2.514700e+01	3.396000e+03
2.519800e+01	3.450000e+03
2.524700e+01	3.356000e+03
2.529800e+01	3.415000e+03
2.534800e+01	3.382000e+03
2.539900e+01	3.449000e+03
2.544800e+01	3.461000e+03
2.549900e+01	3.379000e+03
2.554800e+01	3.110000e+03
2.559800e+01	3.221000e+03
2.564900e+01	3.170000e+03
2.569800e+01	3.205000e+03
2.574900e+01	3.244000e+03
2.579900e+01	3.194000e+03
2.584900e+01	3.207000e+03
2.589900e+01	3.255000e+03
2.594900e+01	3.326000e+03
2.599900e+01	3.244000e+03
2.604900e+01	3.301000e+03
2.609900e+01	3.266000e+03
2.615000e+01	3.281000e+03
2.620000e+01	3.317000e+03
2.624900e+01	3.288000e+03
2.630000e+01	3.305000e+03
2.635000e+01	3.309000e+03
2.640000e+01	3.305000e+03
2.645000e+01	3.305000e+03
2.650000e+01	3.303000e+03
2.655000e+01	3.056000e+03
2.660000e+01	3.113000e+03
2.665100e+01	3.109000e+03
2.670100e+01	3.146000e+03
2.675000e+01	3.094000e+03
2.680100e+01	3.155000e+03
2.685100e+01	3.089000e+03
2.690100e+01	3.171000e+03
2.695100e+01	3.128000e+03
2.700100e+01	3.138000e+03
2.705100e+01	3.172000e+03
2.710100e+01	3.275000e+03
2.715200e+01	3.214000e+03
2.720200e+01	3.193000e+03
2.725100e+01	3.163000e+03
2.730100e+01	3.202000e+03
2.735200e+01	3.232000e+03
2.740200e+01	3.203000e+03
2.745200e+01	3.226000e+03
2.750100e+01	3.119000e+03
2.755200e+01	2.937000e+03
2.760200e+01	2.959000e+03
2.765300e+01	3.010000e+03
2.770300e+01	3.056000e+03
2.775300e+01	3.026000e+03
2.780300e+01	3.020000e+03
2.785300e+01	3.024000e+03
2.790300e+01	3.048000e+03
2.795300e+01	3.049000e+03
2.800300e+01	3.052000e+03
2.805300e+01	3.080000e+03
2.810400e+01	3.048000e+03
2.815300e+01	3.122000e+03
2.820400e+01	3.091000e+03
2.825300e+01	3.156000e+03
2.830300e+01	3.087000e+03
2.835400e+01	3.080000e+03
2.840400e+01	3.103000e+03
2.845300e+01	3.116000e+03
2.850400e+01	2.991000e+03
2.855400e+01	2.858000e+03
2.860300e+01	2.928000e+03
2.865500e+01	2.911000e+03
2.870500e+01	2.868000e+03
2.875500e+01	2.923000e+03
2.880400e+01	2.978000e+03
2.885400e+01	2.950000e+03
2.890500e+01	2.948000e+03
2.895500e+01	2.973000e+03
2.900500e+01	2.947000e+03
2.905600e+01	2.989000e+03
2.910600e+01	3.003000e+03
2.915500e+01	3.043000e+03
2.920600e+01	2.996000e+03
2.925600e+01	2.960000e+03
2.930500e+01	2.922000e+03
2.935600e+01	2.979000e+03
2.940600e+01	3.004000e+03
2.945600e+01	3.053000e+03
2.950600e+01	2.879000e+03
2.955600e+01	2.717000e+03
2.960700e+01	2.760000e+03
2.965600e+01	2.785000e+03
2.970600e+01	2.760000e+03
2.975600e+01	2.819000e+03
2.980600e+01	2.761000e+03
2.985600e+01	2.783000e+03
2.990600e+01	2.772000e+03
2.995700e+01	2.798000e+03
3.000700e+01	2.859000e+03
3.005700e+01	2.790000e+03
3.010700e+01	2.791000e+03
3.015700e+01	2.815000e+03
3.020700e+01	2.869000e+03
3.025800e+01	2.837000e+03
3.030800e+01	2.906000e+03
3.035800e+01	2.818000e+03
3.040700e+01	2.829000e+03
3.045700e+01	2.834000e+03
3.050700e+01	2.772000e+03
3.055800e+01	2.618000e+03
3.060800e+01	2.679000e+03
3.065800e+01	2.590000e+03
3.070800e+01	2.641000e+03
3.075900e+01	2.633000e+03
3.080800e+01	2.711000e+03
3.085800e+01	2.725000e+03
3.090800e+01	2.707000e+03
3.095800e+01	2.745000e+03
3.100900e+01	2.649000e+03
3.106000e+01	2.705000e+03
3.110900e+01	2.677000e+03
3.115900e+01	2.714000e+03
3.120900e+01	2.690000e+03
3.125900e+01	2.684000e+03
3.130900e+01	2.733000e+03
3.135900e+01	2.801000e+03
3.141000e+01	2.709000e+03
3.146000e+01	2.816000e+03
3.150900e+01	2.632000e+03
3.155900e+01	2.528000e+03
3.160900e+01	2.596000e+03
3.166000e+01	2.583000e+03
3.171000e+01	2.681000e+03
3.176000e+01	2.672000e+03
3.181000e+01	2.691000e+03
3.186000e+01	2.630000e+03
3.191100e+01	2.709000e+03
3.196000e+01	2.681000e+03
3.201000e+01	2.715000e+03
3.206100e+01	2.723000e+03
3.211000e+01	2.774000e+03
3.216000e+01	2.747000e+03
3.221100e+01	2.796000e+03
3.226100e+01	2.751000e+03
3.231100e+01	2.799000e+03
3.236100e+01	2.739000e+03
3.241100e+01	2.822000e+03
3.246200e+01	2.768000e+03
3.251100e+01	2.708000e+03
3.256200e+01	2.572000e+03
3.261200e+01	2.614000e+03
3.266200e+01	2.644000e+03
3.271200e+01	2.579000e+03
3.276200e+01	2.695000e+03
3.281200e+01	2.662000e+03
3.286200e+01	2.676000e+03
3.291200e+01	2.648000e+03
3.296300e+01	2.680000e+03
3.301200e+01	2.670000e+03
3.306300e+01	2.726000e+03
3.311200e+01	2.685000e+03
3.316200e+01	2.743000e+03
3.321300e+01	2.701000e+03
3.326300e+01	2.676000e+03
3.331300e+01	2.686000e+03
3.336400e+01	2.744000e+03
3.341300e+01	2.726000e+03
3.346300e+01	2.650000e+03
3.351300e+01	2.534000e+03
3.356300e+01	2.441000e+03
3.361300e+01	2.523000e+03
3.366400e+01	2.492000e+03
3.371400e+01	2.558000e+03
3.376400e+01	2.472000e+03
3.381400e+01	2.605000e+03
3.386500e+01	2.576000e+03
3.391400e+01	2.587000e+03
3.396400e+01	2.615000e+03
3.401400e+01	2.601000e+03
3.406400e+01	2.581000e+03
3.411400e+01	2.617000e+03
3.416500e+01	2.593000e+03
3.421500e+01	2.611000e+03
3.426500e+01	2.670000e+03
3.431500e+01	2.594000e+03
3.436500e+01	2.612000e+03
3.441600e+01	2.576000e+03
3.446500e+01	2.635000e+03
3.451500e+01	2.471000e+03
3.456500e+01	2.397000e+03
3.461600e+01	2.362000e+03
3.466600e+01	2.408000e+03
3.471600e+01	2.379000e+03
3.476500e+01	2.486000e+03
3.481500e+01	2.460000e+03
3.486600e+01	2.515000e+03
3.491600e+01	2.488000e+03
3.496600e+01	2.502000e+03
3.501600e+01	2.505000e+03
3.506600e+01	2.529000e+03
3.511600e+01	2.519000e+03
3.516700e+01	2.489000e+03
3.521700e+01	2.556000e+03
3.526700e+01	2.455000e+03
3.531700e+01	2.553000e+03
3.536700e+01	2.533000e+03
3.541700e+01	2.557000e+03
3.546600e+01	2.517000e+03
3.551700e+01	2.435000e+03
3.556700e+01	2.333000e+03
3.561700e+01	2.408000e+03
3.566800e+01	2.395000e+03
3.571800e+01	2.388000e+03
3.576800e+01	2.394000e+03
3.581800e+01	2.433000e+03
3.586900e+01	2.399000e+03
3.591700e+01	2.421000e+03
3.596800e+01	2.476000e+03
3.601700e+01	2.430000e+03
3.606800e+01	2.409000e+03
3.611800e+01	2.420000e+03
3.616800e+01	2.476000e+03
3.621800e+01	2.466000e+03
3.626900e+01	2.453000e+03
3.631900e+01	2.467000e+03
3.636900e+01	2.437000e+03
3.641900e+01	2.439000e+03
3.646900e+01	2.405000e+03
3.651900e+01	2.342000e+03
3.657000e+01	2.281000e+03
3.661900e+01	2.260000e+03
3.666900e+01	2.300000e+03
3.671900e+01	2.310000e+03
3.676900e+01	2.308000e+03
3.681900e+01	2.365000e+03
3.687000e+01	2.356000e+03
3.692000e+01	2.327000e+03
3.697000e+01	2.371000e+03
3.702000e+01	2.368000e+03
3.707000e+01	2.376000e+03
3.712000e+01	2.376000e+03
3.717000e+01	2.364000e+03
3.722000e+01	2.409000e+03
3.727100e+01	2.344000e+03
3.732000e+01	2.411000e+03
3.737100e+01	2.397000e+03
3.742100e+01	2.388000e+03
3.747100e+01	2.366000e+03
3.752100e+01	2.224000e+03
3.757100e+01	2.238000e+03
3.762100e+01	2.265000e+03
3.767100e+01	2.215000e+03
3.772200e+01	2.230000e+03
3.777200e+01	2.233000e+03
3.782200e+01	2.304000e+03
3.787200e+01	2.320000e+03
3.792100e+01	2.306000e+03
3.797200e+01	2.346000e+03
3.802200e+01	2.328000e+03
3.807200e+01	2.307000e+03
3.812200e+01	2.343000e+03
3.817200e+01	2.346000e+03
3.822200e+01	2.392000e+03
3.827200e+01	2.347000e+03
3.832200e+01	2.345000e+03
3.837200e+01	2.317000e+03
3.842300e+01	2.347000e+03
3.847300e+01	2.371000e+03
3.852300e+01	2.199000e+03
3.857300e+01	2.166000e+03
3.862300e+01	2.158000e+03
3.867300e+01	2.218000e+03
3.872300e+01	2.209000e+03
3.877300e+01	2.237000e+03
3.882300e+01	2.284000e+03
3.887300e+01	2.196000e+03
3.892300e+01	2.255000e+03
3.897300e+01	2.213000e+03
3.902400e+01	2.306000e+03
3.907400e+01	2.271000e+03
3.912400e+01	2.295000e+03
3.917400e+01	2.234000e+03
3.922400e+01	2.265000e+03
3.927400e+01	2.293000e+03
3.932400e+01	2.322000e+03
3.937400e+01	2.305000e+03
3.942400e+01	2.256000e+03
3.947500e+01	2.282000e+03
3.952400e+01	2.128000e+03
3.957500e+01	2.147000e+03
3.962500e+01	2.161000e+03
3.967500e+01	2.183000e+03
3.972500e+01	2.183000e+03
3.977500e+01	2.198000e+03
3.982600e+01	2.156000e+03
3.987600e+01	2.256000e+03
3.992600e+01	2.214000e+03
3.997500e+01	2.269000e+03
4.002600e+01	2.237000e+03
4.007600e+01	2.190000e+03
4.012600e+01	2.253000e+03
4.017500e+01	2.273000e+03
4.022600e+01	2.276000e+03
4.027600e+01	2.261000e+03
4.032700e+01	2.252000e+03
4.037700e+01	2.264000e+03
4.042600e+01	2.252000e+03
4.047600e+01	2.232000e+03
4.052700e+01	2.140000e+03
4.057700e+01	2.099000e+03
4.062700e+01	2.129000e+03
4.067600e+01	2.098000e+03
4.072700e+01	2.157000e+03
4.077700e+01	2.149000e+03
4.082600e+01	2.193000e+03
4.087700e+01	2.151000e+03
4.092700e+01	2.222000e+03
4.097700e+01	2.233000e+03
4.102700e+01	2.221000e+03
4.107700e+01	2.214000e+03
4.112700e+01	2.225000e+03
4.117800e+01	2.256000e+03
4.122800e+01	2.179000e+03
4.127800e+01	2.237000e+03
4.132800e+01	2.251000e+03
4.137800e+01	2.239000e+03
4.142800e+01	2.218000e+03
4.147800e+01	2.211000e+03
4.152800e+01	2.081000e+03
4.157900e+01	2.125000e+03
4.162800e+01	2.127000e+03
4.167800e+01	2.119000e+03
4.172800e+01	2.114000e+03
4.177900e+01	2.120000e+03
4.182900e+01	2.155000e+03
4.187900e+01	2.142000e+03
4.192900e+01	2.151000e+03
4.197900e+01	2.154000e+03
4.202900e+01	2.191000e+03
4.207900e+01	2.132000e+03
4.212900e+01	2.194000e+03
4.218000e+01	2.179000e+03
4.223000e+01	2.168000e+03
4.228000e+01	2.195000e+03
4.233000e+01	2.174000e+03
4.238000e+01	2.194000e+03
4.243000e+01	2.227000e+03
4.248000e+01	2.233000e+03
4.253000e+01	2.045000e+03
4.258000e+01	2.080000e+03
4.263000e+01	2.060000e+03
4.268000e+01	2.145000e+03
4.273000e+01	2.153000e+03
4.278100e+01	2.159000e+03
4.283100e+01	2.102000e+03
4.288100e+01	2.129000e+03
4.293100e+01	2.156000e+03
4.298100e+01	2.176000e+03
4.303100e+01	2.171000e+03
4.308100e+01	2.143000e+03
4.313100e+01	2.165000e+03
4.318100e+01	2.173000e+03
4.323100e+01	2.181000e+03
4.328200e+01	2.255000e+03
4.333200e+01	2.215000e+03
4.338200e+01	2.165000e+03
4.343200e+01	2.195000e+03
4.348200e+01	2.169000e+03
4.353200e+01	2.115000e+03
4.358200e+01	2.118000e+03
4.363300e+01	2.101000e+03
4.368200e+01	2.056000e+03
4.373300e+01	2.105000e+03
4.378200e+01	2.098000e+03
4.383200e+01	2.167000e+03
4.388300e+01	2.128000e+03
4.393300e+01	2.162000e+03
4.398300e+01	2.102000e+03
4.403200e+01	2.170000e+03
4.408300e+01	2.174000e+03
4.413300e+01	2.176000e+03
4.418300e+01	2.203000e+03
4.423300e+01	2.149000e+03
4.428400e+01	2.181000e+03
4.433300e+01	2.186000e+03
4.438400e+01	2.204000e+03
4.443400e+01	2.223000e+03
4.448400e+01	2.147000e+03
4.453300e+01	2.014000e+03
4.458400e+01	2.058000e+03
4.463400e+01	2.083000e+03
4.468400e+01	2.104000e+03
4.473400e+01	2.104000e+03
4.478400e+01	2.107000e+03
4.483500e+01	2.095000e+03
4.488400e+01	2.078000e+03
4.493500e+01	2.142000e+03
4.498600e+01	2.130000e+03
4.503500e+01	2.143000e+03
4.508500e+01	2.113000e+03
4.513500e+01	2.120000e+03
4.518500e+01	2.161000e+03
4.523500e+01	2.178000e+03
4.528600e+01	2.203000e+03
4.533600e+01	2.205000e+03
4.538600e+01	2.126000e+03
4.543600e+01	2.173000e+03
4.548600e+01	2.105000e+03
4.553600e+01	2.066000e+03
4.558700e+01	2.028000e+03
4.563600e+01	2.092000e+03
4.568500e+01	2.073000e+03
4.573600e+01	2.098000e+03
4.578700e+01	2.109000e+03
4.583600e+01	2.157000e+03
4.588600e+01	2.150000e+03
4.593600e+01	2.138000e+03
4.598700e+01	2.130000e+03
4.603700e+01	2.189000e+03
4.608700e+01	2.154000e+03
4.613700e+01	2.167000e+03
4.618700e+01	2.167000e+03
4.623700e+01	2.150000e+03
4.628700e+01	2.200000e+03
4.633700e+01	2.173000e+03
4.638700e+01	2.182000e+03
4.643800e+01	2.210000e+03
4.648800e+01	2.219000e+03
4.653700e+01	2.004000e+03
4.658800e+01	2.084000e+03
4.663800e+01	2.073000e+03
4.668800e+01	2.065000e+03
4.673800e+01	2.074000e+03
4.678900e+01	2.101000e+03
4.683900e+01	2.090000e+03
4.688900e+01	2.147000e+03
4.693900e+01	2.144000e+03
4.698900e+01	2.177000e+03
4.703900e+01	2.150000e+03
4.708900e+01	2.147000e+03
4.713900e+01	2.181000e+03
4.718900e+01	2.139000e+03
4.724000e+01	2.131000e+03
4.728900e+01	2.102000e+03
4.733900e+01	2.184000e+03
4.739000e+01	2.162000e+03
4.743900e+01	2.122000e+03
4.748900e+01	2.163000e+03
4.753900e+01	2.049000e+03
4.759000e+01	2.077000e+03
4.764000e+01	2.085000e+03
4.769000e+01	2.060000e+03
4.773900e+01	2.184000e+03
4.779000e+01	2.131000e+03
4.784000e+01	2.131000e+03
4.789000e+01	2.098000e+03
4.794000e+01	2.090000e+03
4.799000e+01	2.166000e+03
4.804100e+01	2.115000e+03
4.809000e+01	2.171000e+03
4.814100e+01	2.166000e+03
4.819100e+01	2.191000e+03
4.824100e+01	2.171000e+03
4.829100e+01	2.124000e+03
4.834100e+01	2.178000e+03
4.839100e+01	2.210000e+03
4.844200e+01	2.140000e+03
4.849200e+01	2.195000e+03
4.854200e+01	2.044000e+03
4.859200e+01	2.125000e+03
4.864200e+01	2.104000e+03
4.869100e+01	2.132000e+03
4.874100e+01	2.136000e+03
4.879200e+01	2.121000e+03
4.884200e+01	2.161000e+03
4.889200e+01	2.119000e+03
4.894300e+01	2.188000e+03
4.899300e+01	2.131000e+03
4.904300e+01	2.149000e+03
4.909300e+01	2.120000e+03
4.914300e+01	2.158000e+03
4.919300e+01	2.187000e+03
4.924200e+01	2.204000e+03
4.929300e+01	2.150000e+03
4.934300e+01	2.166000e+03
4.939300e+01	2.146000e+03
4.944300e+01	2.155000e+03
4.949400e+01	2.189000e+03
4.954300e+01	2.066000e+03
4.959300e+01	2.175000e+03
4.964400e+01	2.111000e+03
4.969300e+01	2.129000e+03
4.974400e+01	2.159000e+03
4.979400e+01	2.217000e+03
4.984400e+01	2.184000e+03
4.989400e+01	2.180000e+03
4.994400e+01	2.172000e+03
4.999400e+01	2.236000e+03
5.004500e+01	2.185000e+03
5.009400e+01	2.240000e+03
5.014400e+01	2.227000e+03
5.019400e+01	2.184000e+03
5.024400e+01	2.193000e+03
5.029500e+01	2.202000e+03
5.034600e+01	2.249000e+03
5.039500e+01	2.172000e+03
5.044500e+01	2.252000e+03
5.049600e+01	2.126000e+03
5.054500e+01	2.089000e+03
5.059500e+01	2.120000e+03
5.064500e+01	2.187000e+03
5.069600e+01	2.167000e+03
5.074500e+01	2.198000e+03
5.079500e+01	2.157000e+03
5.084500e+01	2.223000e+03
5.089600e+01	2.198000e+03
5.094600e+01	2.261000e+03
5.099600e+01	2.227000e+03
5.104600e+01	2.173000e+03
5.109700e+01	2.236000e+03
5.114700e+01	2.235000e+03
5.119700e+01	2.250000e+03
5.124600e+01	2.234000e+03
5.129700e+01	2.246000e+03
5.134700e+01	2.200000e+03
5.139700e+01	2.282000e+03
5.144600e+01	2.182000e+03
5.149700e+01	2.244000e+03
5.154700e+01	2.147000e+03
5.159700e+01	2.207000e+03
5.164700e+01	2.161000e+03
5.169800e+01	2.222000e+03
5.174800e+01	2.201000e+03
5.179700e+01	2.232000e+03
5.184800e+01	2.273000e+03
5.189800e+01	2.220000e+03
5.194800e+01	2.229000e+03
5.199800e+01	2.255000e+03
5.204900e+01	2.258000e+03
5.209800e+01	2.243000e+03
5.214800e+01	2.313000e+03
5.219800e+01	2.246000e+03
5.224800e+01	2.330000e+03
5.229800e+01	2.275000e+03
5.234900e+01	2.333000e+03
5.239900e+01	2.267000e+03
5.244900e+01	2.311000e+03
5.249900e+01	2.215000e+03
5.254900e+01	2.213000e+03
5.259900e+01	2.264000e+03
5.264900e+01	2.228000e+03
5.269900e+01	2.211000e+03
5.274900e+01	2.261000e+03
5.280000e+01	2.249000e+03
5.285000e+01	2.238000e+03
5.290000e+01	2.269000e+03
5.295000e+01	2.264000e+03
5.300000e+01	2.365000e+03
5.305000e+01	2.250000e+03
5.310000e+01	2.315000e+03
5.315000e+01	2.302000e+03
5.320100e+01	2.348000e+03
5.325000e+01	2.275000e+03
5.330000e+01	2.317000e+03
5.335000e+01	2.282000e+03
5.340100e+01	2.343000e+03
5.345000e+01	2.300000e+03
5.350100e+01	2.336000e+03
5.355000e+01	2.229000e+03
5.360100e+01	2.292000e+03
5.365000e+01	2.265000e+03
5.370100e+01	2.318000e+03
5.375100e+01	2.277000e+03
5.380200e+01	2.256000e+03
5.385100e+01	2.340000e+03
5.390100e+01	2.289000e+03
5.395100e+01	2.304000e+03
5.400100e+01	2.369000e+03
5.405200e+01	2.340000e+03
5.410200e+01	2.354000e+03
5.415200e+01	2.413000e+03
5.420200e+01	2.352000e+03
5.425200e+01	2.367000e+03
5.430200e+01	2.356000e+03
5.435200e+01	2.378000e+03
5.440200e+01	2.377000e+03
5.445200e+01	2.333000e+03
5.450200e+01	2.293000e+03
5.455200e+01	2.281000e+03
5.460200e+01	2.262000e+03
5.465300e+01	2.296000e+03
5.470300e+01	2.315000e+03
5.475300e+01	2.268000e+03
5.480300e+01	2.336000e+03
5.485300e+01	2.376000e+03
5.490300e+01	2.433000e+03
5.495400e+01	2.329000e+03
5.500300e+01	2.389000e+03
5.505400e+01	2.342000e+03
5.510400e+01	2.393000e+03
5.515400e+01	2.375000e+03
5.520400e+01	2.407000e+03
5.525400e+01	2.381000e+03
5.530400e+01	2.445000e+03
5.535400e+01	2.420000e+03
5.540400e+01	2.405000e+03
5.545400e+01	2.424000e+03
5.550500e+01	2.409000e+03
5.555400e+01	2.363000e+03
5.560500e+01	2.342000e+03
5.565400e+01	2.340000e+03
5.570500e+01	2.401000e+03
5.575400e+01	2.408000e+03
5.580500e+01	2.382000e+03
5.585600e+01	2.434000e+03
5.590500e+01	2.408000e+03
5.595500e+01	2.454000e+03
5.600500e+01	2.401000e+03
5.605500e+01	2.474000e+03
5.610500e+01	2.431000e+03
5.615600e+01	2.484000e+03
5.620600e+01	2.449000e+03
5.625600e+01	2.475000e+03
5.630600e+01	2.446000e+03
5.635600e+01	2.488000e+03
5.640600e+01	2.470000e+03
5.645600e+01	2.429000e+03
5.650700e+01	2.435000e+03
5.655700e+01	2.367000e+03
5.660600e+01	2.462000e+03
5.665700e+01	2.435000e+03
5.670600e+01	2.487000e+03
5.675700e+01	2.415000e+03
5.680700e+01	2.457000e+03
5.685700e+01	2.449000e+03
5.690700e+01	2.516000e+03
5.695700e+01	2.459000e+03
5.700700e+01	2.469000e+03
5.705700e+01	2.454000e+03
5.710800e+01	2.518000e+03
5.715700e+01	2.525000e+03
5.720800e+01	2.584000e+03
5.725800e+01	2.516000e+03
5.730800e+01	2.499000e+03
5.735900e+01	2.523000e+03
5.740800e+01	2.510000e+03
5.745800e+01	2.534000e+03
5.750900e+01	2.519000e+03
5.755800e+01	2.483000e+03
5.760800e+01	2.427000e+03
5.765800e+01	2.571000e+03
5.770800e+01	2.527000e+03
5.775900e+01	2.604000e+03
5.780900e+01	2.550000e+03
5.785900e+01	2.541000e+03
5.790900e+01	2.588000e+03
5.796000e+01	2.556000e+03
5.800900e+01	2.586000e+03
5.805900e+01	2.650000e+03
5.810900e+01	2.554000e+03
5.815900e+01	2.605000e+03
5.820900e+01	2.594000e+03
5.826000e+01	2.607000e+03
5.831000e+01	2.657000e+03
5.835900e+01	2.640000e+03
5.841000e+01	2.648000e+03
5.846000e+01	2.596000e+03
5.851100e+01	2.674000e+03
5.856000e+01	2.545000e+03
5.861100e+01	2.619000e+03
5.866000e+01	2.554000e+03
5.871000e+01	2.633000e+03
5.876000e+01	2.589000e+03
5.881000e+01	2.653000e+03
5.886100e+01	2.681000e+03
5.891100e+01	2.639000e+03
5.896100e+01	2.698000e+03
5.901100e+01	2.631000e+03
5.906100e+01	2.606000e+03
5.911100e+01	2.674000e+03
5.916100e+01	2.723000e+03
5.921100e+01	2.682000e+03
5.926100e+01	2.705000e+03
5.931200e+01	2.631000e+03
5.936200e+01	2.702000e+03
5.941200e+01	2.702000e+03
5.946200e+01	2.735000e+03
5.951200e+01	2.664000e+03
5.956200e+01	2.644000e+03
5.961200e+01	2.692000e+03
5.966200e+01	2.621000e+03
5.971200e+01	2.667000e+03
5.976200e+01	2.736000e+03
5.981300e+01	2.651000e+03
5.986300e+01	2.696000e+03
5.991300e+01	2.689000e+03
5.996300e+01	2.733000e+03
6.001300e+01	2.760000e+03
6.006300e+01	2.723000e+03
6.011300e+01	2.808000e+03
6.016300e+01	2.792000e+03
6.021300e+01	2.785000e+03
6.026400e+01	2.756000e+03
6.031400e+01	2.751000e+03
6.036300e+01	2.802000e+03
6.041400e+01	2.788000e+03
6.046400e+01	2.778000e+03
6.051400e+01	2.742000e+03
6.056400e+01	2.658000e+03
6.061400e+01	2.752000e+03
6.066400e+01	2.758000e+03
6.071400e+01	2.773000e+03
6.076500e+01	2.807000e+03
6.081500e+01	2.781000e+03
6.086400e+01	2.839000e+03
6.091400e+01	2.795000e+03
6.096500e+01	2.858000e+03
6.101500e+01	2.853000e+03
6.106500e+01	2.810000e+03
6.111500e+01	2.891000e+03
6.116500e+01	2.843000e+03
6.121500e+01	2.921000e+03
6.126500e+01	2.841000e+03
6.131500e+01	2.881000e+03
6.136500e+01	2.858000e+03
6.141500e+01	2.890000e+03
6.146500e+01	2.895000e+03
6.151600e+01	2.821000e+03
6.156600e+01	2.761000e+03
6.161600e+01	2.885000e+03
6.166600e+01	2.803000e+03
6.171600e+01	2.885000e+03
6.176600e+01	2.871000e+03
6.181700e+01	2.903000e+03
6.186600e+01	2.863000e+03
6.191700e+01	2.844000e+03
6.196700e+01	2.887000e+03
6.201600e+01	2.907000e+03
6.206700e+01	2.974000e+03
6.211600e+01	2.900000e+03
6.216600e+01	2.939000e+03
6.221700e+01	2.853000e+03
6.226700e+01	2.937000e+03
6.231700e+01	2.960000e+03
6.236700e+01	2.950000e+03
6.241700e+01	2.903000e+03
6.246800e+01	2.965000e+03
6.251800e+01	2.911000e+03
6.256800e+01	2.947000e+03
6.261800e+01	2.860000e+03
6.266800e+01	3.017000e+03
6.271800e+01	2.894000e+03
6.276800e+01	2.911000e+03
6.281800e+01	2.977000e+03
6.286800e+01	2.951000e+03
6.291900e+01	3.003000e+03
6.296800e+01	2.955000e+03
6.301900e+01	3.012000e+03
6.306800e+01	3.014000e+03
6.311800e+01	3.025000e+03
6.316800e+01	3.052000e+03
6.321900e+01	3.096000e+03
6.326800e+01	2.991000e+03
6.331900e+01	3.056000e+03
6.337000e+01	3.045000e+03
6.342000e+01	3.050000e+03
6.346900e+01	2.989000e+03
6.351900e+01	2.996000e+03
6.357000e+01	2.946000e+03
6.361900e+01	2.988000e+03
6.367000e+01	3.025000e+03
6.372000e+01	3.060000e+03
6.377000e+01	3.023000e+03
6.382000e+01	3.024000e+03
6.387000e+01	3.088000e+03
6.392000e+01	3.133000e+03
6.397000e+01	3.102000e+03
6.402000e+01	3.106000e+03
6.407100e+01	3.106000e+03
6.412100e+01	3.138000e+03
6.417000e+01	3.166000e+03
6.422000e+01	3.111000e+03
6.427100e+01	3.102000e+03
6.432100e+01	3.089000e+03
6.437100e+01	3.142000e+03
6.442100e+01	3.142000e+03
6.447100e+01	3.131000e+03
6.452100e+01	3.057000e+03
6.457100e+01	3.056000e+03
6.462100e+01	3.021000e+03
6.467200e+01	3.051000e+03
6.472100e+01	3.069000e+03
6.477100e+01	3.174000e+03
6.482200e+01	3.181000e+03
6.487200e+01	3.112000e+03
6.492200e+01	3.182000e+03
6.497200e+01	3.147000e+03
6.502300e+01	3.238000e+03
6.507300e+01	3.218000e+03
6.512200e+01	3.225000e+03
6.517200e+01	3.215000e+03
6.522200e+01	3.148000e+03
6.527300e+01	3.184000e+03
6.532300e+01	3.236000e+03
6.537300e+01	3.228000e+03
6.542300e+01	3.253000e+03
6.547300e+01	3.216000e+03
6.552400e+01	3.112000e+03
6.557400e+01	3.114000e+03
6.562400e+01	3.153000e+03
6.567400e+01	3.217000e+03
6.572400e+01	3.201000e+03
6.577300e+01	3.260000e+03
6.582300e+01	3.158000e+03
6.587400e+01	3.207000e+03
6.592500e+01	3.292000e+03
6.597500e+01	3.278000e+03
6.602500e+01	3.251000e+03
6.607500e+01	3.279000e+03
6.612500e+01	3.260000e+03
6.617500e+01	3.312000e+03
6.622400e+01	3.335000e+03
6.627400e+01	3.292000e+03
6.632400e+01	3.326000e+03
6.637500e+01	3.257000e+03
6.642500e+01	3.335000e+03
6.647500e+01	3.312000e+03
6.652500e+01	3.176000e+03
6.657500e+01	3.180000e+03
6.662600e+01	3.236000e+03
6.667500e+01	3.192000e+03
6.672500e+01	3.279000e+03
6.677600e+01	3.281000e+03
6.682600e+01	3.348000e+03
6.687600e+01	3.296000e+03
6.692600e+01	3.299000e+03
6.697600e+01	3.369000e+03
6.702500e+01	3.343000e+03
6.707600e+01	3.286000e+03
6.712600e+01	3.375000e+03
6.717600e+01	3.335000e+03
6.722700e+01	3.336000e+03
6.727600e+01	3.381000e+03
6.732700e+01	3.366000e+03
6.737700e+01	3.470000e+03
6.742700e+01	3.352000e+03
6.747600e+01	3.404000e+03
6.752700e+01	3.188000e+03
6.757700e+01	3.314000e+03
6.762700e+01	3.289000e+03
6.767800e+01	3.285000e+03
6.772800e+01	3.285000e+03
6.777700e+01	3.349000e+03
6.782700e+01	3.324000e+03
6.787700e+01	3.357000e+03
6.792700e+01	3.336000e+03
6.797800e+01	3.423000e+03
6.802800e+01	3.422000e+03
6.807800e+01	3.420000e+03
6.812800e+01	3.420000e+03
6.817800e+01	3.452000e+03
6.822800e+01	3.487000e+03
6.827800e+01	3.372000e+03
6.832900e+01	3.486000e+03
6.837800e+01	3.356000e+03
6.842800e+01	3.510000e+03
6.847900e+01	3.446000e+03
6.852900e+01	3.274000e+03
6.857900e+01	3.366000e+03
6.862900e+01	3.392000e+03
6.867900e+01	3.323000e+03
6.872900e+01	3.400000e+03
6.878000e+01	3.380000e+03
6.882900e+01	3.474000e+03
6.887900e+01	3.379000e+03
6.893000e+01	3.463000e+03
6.897900e+01	3.393000e+03
6.902900e+01	3.435000e+03
6.907900e+01	3.523000e+03
6.913000e+01	3.413000e+03
6.918000e+01	3.530000e+03
6.923000e+01	3.427000e+03
6.928000e+01	3.505000e+03
6.933100e+01	3.451000e+03
6.938000e+01	3.542000e+03
6.943000e+01	3.459000e+03
6.948100e+01	3.503000e+03
6.953100e+01	3.359000e+03
6.958100e+01	3.387000e+03
6.963100e+01	3.397000e+03
6.968100e+01	3.515000e+03
6.973100e+01	3.402000e+03
6.978100e+01	3.532000e+03
6.983200e+01	3.489000e+03
6.988100e+01	3.432000e+03
6.993200e+01	3.574000e+03
6.998200e+01	3.446000e+03
7.003200e+01	3.541000e+03
7.008200e+01	3.504000e+03
7.013200e+01	3.573000e+03
7.018200e+01	3.562000e+03
7.023200e+01	3.542000e+03
7.028200e+01	3.534000e+03
7.033300e+01	3.579000e+03
7.038200e+01	3.583000e+03
7.043200e+01	3.639000e+03
7.048200e+01	3.523000e+03
7.053300e+01	3.495000e+03
7.058300e+01	3.405000e+03
7.063200e+01	3.449000e+03
7.068300e+01	3.454000e+03
7.073200e+01	3.568000e+03
7.078300e+01	3.615000e+03
7.083300e+01	3.542000e+03
7.088400e+01	3.570000e+03
7.093300e+01	3.536000e+03
7.098400e+01	3.590000e+03
7.103400e+01	3.576000e+03
7.108400e+01	3.630000e+03
7.113400e+01	3.573000e+03
7.118400e+01	3.531000e+03
7.123300e+01	3.522000e+03
7.128400e+01	3.567000e+03
7.133400e+01	3.609000e+03
7.138400e+01	3.628000e+03
7.143400e+01	3.589000e+03
7.148400e+01	3.607000e+03
7.153400e+01	3.403000e+03
7.158500e+01	3.517000e+03
7.163500e+01	3.541000e+03
7.168500e+01	3.507000e+03
7.173500e+01	3.522000e+03
7.178500e+01	3.518000e+03
7.183500e+01	3.565000e+03
7.188600e+01	3.521000e+03
7.193500e+01	3.535000e+03
7.198500e+01	3.623000e+03
7.203600e+01	3.616000e+03
7.208500e+01	3.608000e+03
7.213600e+01	3.594000e+03
7.218600e+01	3.672000e+03
7.223600e+01	3.669000e+03
7.228600e+01	3.656000e+03
7.233600e+01	3.596000e+03
7.238600e+01	3.637000e+03
7.243600e+01	3.669000e+03
7.248600e+01	3.670000e+03
7.253600e+01	3.443000e+03
7.258700e+01	3.536000e+03
7.263700e+01	3.528000e+03
7.268600e+01	3.562000e+03
7.273700e+01	3.638000e+03
7.278700e+01	3.612000e+03
7.283700e+01	3.674000e+03
7.288700e+01	3.602000e+03
7.293700e+01	3.561000e+03
7.298700e+01	3.651000e+03
7.303700e+01	3.588000e+03
7.308700e+01	3.651000e+03
7.313700e+01	3.625000e+03
7.318800e+01	3.646000e+03
7.323800e+01	3.741000e+03
7.328700e+01	3.684000e+03
7.333800e+01	3.721000e+03
7.338800e+01	3.572000e+03
7.343900e+01	3.691000e+03
7.348900e+01	3.664000e+03
7.353800e+01	3.517000e+03
7.358800e+01	3.574000e+03
7.363900e+01	3.519000e+03
7.368900e+01	3.549000e+03
7.373900e+01	3.554000e+03
7.378800e+01	3.596000e+03
7.383900e+01	3.651000e+03
7.388900e+01	3.624000e+03
7.393900e+01	3.665000e+03
7.398900e+01	3.685000e+03
7.403900e+01	3.697000e+03
7.408900e+01	3.733000e+03
7.414000e+01	3.711000e+03
7.419000e+01	3.711000e+03
7.423900e+01	3.590000e+03
7.428900e+01	3.681000e+03
7.433900e+01	3.781000e+03
7.439000e+01	3.677000e+03
7.444000e+01	3.732000e+03
7.449000e+01	3.764000e+03
7.454100e+01	3.494000e+03
7.459000e+01	3.603000e+03
7.464000e+01	3.527000e+03
7.469100e+01	3.609000e+03
7.474100e+01	3.625000e+03
7.479100e+01	3.665000e+03
7.484100e+01	3.576000e+03
7.489000e+01	3.714000e+03
7.494100e+01	3.672000e+03
7.499100e+01	3.686000e+03
7.504100e+01	3.758000e+03
7.509100e+01	3.693000e+03
7.514200e+01	3.674000e+03
7.519100e+01	3.705000e+03
7.524200e+01	3.707000e+03
7.529200e+01	3.679000e+03
7.534200e+01	3.769000e+03
7.539100e+01	3.678000e+03
7.544200e+01	3.644000e+03
7.549200e+01	3.722000e+03
7.554200e+01	3.482000e+03
7.559200e+01	3.605000e+03
7.564200e+01	3.503000e+03
7.569200e+01	3.543000e+03
7.574300e+01	3.550000e+03
7.579200e+01	3.553000e+03
7.584300e+01	3.673000e+03
7.589200e+01	3.662000e+03
7.594300e+01	3.652000e+03
7.599300e+01	3.679000e+03
7.604300e+01	3.564000e+03
7.609300e+01	3.696000e+03
7.614400e+01	3.654000e+03
7.619300e+01	3.737000e+03
7.624300e+01	3.634000e+03
7.629300e+01	3.693000e+03
7.634300e+01	3.616000e+03
7.639400e+01	3.687000e+03
7.644400e+01	3.751000e+03
7.649300e+01	3.641000e+03
7.654400e+01	3.434000e+03
7.659400e+01	3.418000e+03
7.664400e+01	3.553000e+03
7.669400e+01	3.503000e+03
7.674400e+01	3.593000e+03
7.679400e+01	3.567000e+03
7.684400e+01	3.643000e+03
7.689500e+01	3.592000e+03
7.694400e+01	3.642000e+03
7.699500e+01	3.577000e+03
7.704500e+01	3.726000e+03
7.709500e+01	3.667000e+03
7.714400e+01	3.654000e+03
7.719500e+01	3.676000e+03
7.724500e+01	3.673000e+03
7.729600e+01	3.794000e+03
7.734500e+01	3.666000e+03
7.739500e+01	3.717000e+03
7.744600e+01	3.669000e+03
7.749500e+01	3.675000e+03
7.754600e+01	3.438000e+03
7.759500e+01	3.561000e+03
7.764600e+01	3.469000e+03
7.769600e+01	3.563000e+03
7.774600e+01	3.483000e+03
7.779700e+01	3.596000e+03
7.784600e+01	3.457000e+03
7.789600e+01	3.668000e+03
7.794600e+01	3.586000e+03
7.799700e+01	3.647000e+03
7.804700e+01	3.662000e+03
7.809700e+01	3.615000e+03
7.814700e+01	3.723000e+03
7.819600e+01	3.660000e+03
7.824700e+01	3.697000e+03
7.829800e+01	3.648000e+03
7.834700e+01	3.654000e+03
7.839700e+01	3.711000e+03
7.844700e+01	3.719000e+03
7.849800e+01	3.666000e+03
7.854800e+01	3.429000e+03
7.859800e+01	3.458000e+03
7.864800e+01	3.547000e+03
7.869800e+01	3.550000e+03
7.874800e+01	3.653000e+03
7.879800e+01	3.524000e+03
7.884800e+01	3.623000e+03
7.889800e+01	3.638000e+03
7.894800e+01	3.655000e+03
7.899800e+01	3.655000e+03
7.904900e+01	3.615000e+03
7.909900e+01	3.711000e+03
7.914800e+01	3.649000e+03
7.919800e+01	3.704000e+03
7.925000e+01	3.646000e+03
7.929900e+01	3.736000e+03
7.934900e+01	3.687000e+03
7.939900e+01	3.740000e+03
7.945000e+01	3.582000e+03
7.949900e+01	3.704000e+03
7.955000e+01	3.433000e+03
7.960000e+01	3.481000e+03
7.964900e+01	3.491000e+03
7.970000e+01	3.561000e+03
7.975000e+01	3.559000e+03
7.980000e+01	3.604000e+03
7.985000e+01	3.596000e+03
7.990000e+01	3.583000e+03
7.995100e+01	3.561000e+03
8.000100e+01	3.675000e+03
8.005100e+01	3.648000e+03
8.010000e+01	3.627000e+03
8.015100e+01	3.664000e+03
8.020100e+01	3.636000e+03
8.025100e+01	3.621000e+03
8.030000e+01	3.694000e+03
8.035100e+01	3.641000e+03
8.040100e+01	3.650000e+03
8.045100e+01	3.668000e+03
8.050100e+01	3.611000e+03
8.055100e+01	3.445000e+03
8.060100e+01	3.444000e+03
8.065200e+01	3.626000e+03
8.070200e+01	3.447000e+03
8.075200e+01	3.597000e+03
8.080100e+01	3.485000e+03
8.085200e+01	3.607000e+03
8.090200e+01	3.568000e+03
8.095200e+01	3.607000e+03
8.100200e+01	3.665000e+03
8.105200e+01	3.628000e+03
8.110200e+01	3.644000e+03
8.115300e+01	3.597000e+03
8.120300e+01	3.723000e+03
8.125200e+01	3.711000e+03
8.130300e+01	3.661000e+03
8.135300e+01	3.619000e+03
8.140300e+01	3.672000e+03
8.145300e+01	3.615000e+03
8.150300e+01	3.625000e+03
8.155300e+01	3.397000e+03
8.160400e+01	3.437000e+03
8.165300e+01	3.365000e+03
8.170300e+01	3.500000e+03
8.175400e+01	3.492000e+03
8.180400e+01	3.577000e+03
8.185400e+01	3.547000e+03
8.190400e+01	3.566000e+03
8.195400e+01	3.598000e+03
8.200400e+01	3.548000e+03
8.205400e+01	3.649000e+03
8.210400e+01	3.591000e+03
8.215400e+01	3.701000e+03
8.220500e+01	3.598000e+03
8.225500e+01	3.610000e+03
8.230500e+01	3.588000e+03
8.235500e+01	3.624000e+03
8.240500e+01	3.594000e+03
8.245500e+01	3.678000e+03
8.250500e+01	3.529000e+03
8.255500e+01	3.351000e+03
8.260500e+01	3.263000e+03
8.265600e+01	3.382000e+03
8.270500e+01	3.456000e+03
8.275500e+01	3.480000e+03
8.280500e+01	3.486000e+03
8.285600e+01	3.455000e+03
8.290500e+01	3.572000e+03
8.295500e+01	3.509000e+03
8.300500e+01	3.552000e+03
8.305700e+01	3.537000e+03
8.310600e+01	3.517000e+03
8.315600e+01	3.562000e+03
8.320600e+01	3.538000e+03
8.325600e+01	3.570000e+03
8.330700e+01	3.599000e+03
8.335700e+01	3.549000e+03
8.340600e+01	3.593000e+03
8.345700e+01	3.577000e+03
8.350700e+01	3.542000e+03
8.355700e+01	3.351000e+03
8.360700e+01	3.381000e+03
8.365700e+01	3.398000e+03
8.370700e+01	3.327000e+03
8.375800e+01	3.439000e+03
8.380700e+01	3.408000e+03
8.385800e+01	3.404000e+03
8.390800e+01	3.429000e+03
8.395800e+01	3.474000e+03
8.400700e+01	3.515000e+03
8.405800e+01	3.480000e+03
8.410800e+01	3.513000e+03
8.415800e+01	3.502000e+03
8.420800e+01	3.502000e+03
8.425800e+01	3.446000e+03
8.430800e+01	3.550000e+03
8.435800e+01	3.493000e+03
8.440800e+01	3.585000e+03
8.445900e+01	3.460000e+03
8.450900e+01	3.426000e+03
8.456000e+01	3.211000e+03
8.460900e+01	3.321000e+03
8.465900e+01	3.385000e+03
8.470800e+01	3.316000e+03
8.476000e+01	3.327000e+03
8.480900e+01	3.359000e+03
8.486000e+01	3.368000e+03
8.491000e+01	3.502000e+03
8.495900e+01	3.448000e+03
8.501000e+01	3.411000e+03
8.505900e+01	3.428000e+03
8.511000e+01	3.363000e+03
8.516000e+01	3.460000e+03
8.521000e+01	3.431000e+03
8.526000e+01	3.523000e+03
8.531000e+01	3.488000e+03
8.536000e+01	3.432000e+03
8.541100e+01	3.387000e+03
8.546100e+01	3.456000e+03
8.551100e+01	3.416000e+03
8.556100e+01	3.159000e+03
8.561100e+01	3.178000e+03
8.566100e+01	3.258000e+03
8.571100e+01	3.219000e+03
8.576100e+01	3.304000e+03
8.581100e+01	3.226000e+03
8.586100e+01	3.345000e+03
8.591100e+01	3.360000e+03
8.596200e+01	3.273000e+03
8.601200e+01	3.364000e+03
8.606200e+01	3.386000e+03
8.611100e+01	3.406000e+03
8.616200e+01	3.307000e+03
8.621200e+01	3.286000e+03
8.626200e+01	3.352000e+03
8.631200e+01	3.430000e+03
8.636200e+01	3.394000e+03
8.641200e+01	3.365000e+03
8.646200e+01	3.344000e+03
8.651200e+01	3.338000e+03
8.656300e+01	3.067000e+03
8.661200e+01	3.214000e+03
8.666300e+01	3.177000e+03
8.671300e+01	3.223000e+03
8.676300e+01	3.296000e+03
8.681300e+01	3.134000e+03
8.686400e+01	3.290000e+03
8.691300e+01	3.228000e+03
8.696300e+01	3.301000e+03
8.701300e+01	3.191000e+03
8.706400e+01	3.237000e+03
8.711400e+01	3.249000e+03
8.716400e+01	3.316000e+03
8.721300e+01	3.288000e+03
8.726400e+01	3.315000e+03
8.731500e+01	3.216000e+03
8.736400e+01	3.303000e+03
8.741400e+01	3.262000e+03
8.746400e+01	3.317000e+03
8.751400e+01	3.192000e+03
8.756500e+01	3.069000e+03
8.761400e+01	3.050000e+03
8.766500e+01	3.033000e+03
8.771500e+01	3.143000e+03
8.776500e+01	3.128000e+03
8.781600e+01	3.160000e+03
8.786500e+01	3.120000e+03
8.791500e+01	3.206000e+03
8.796500e+01	3.195000e+03
8.801500e+01	3.194000e+03
8.806500e+01	3.255000e+03
8.811500e+01	3.190000e+03
8.816600e+01	3.216000e+03
8.821600e+01	3.255000e+03
8.826600e+01	3.238000e+03
8.831600e+01	3.260000e+03
8.836600e+01	3.188000e+03
8.841600e+01	3.265000e+03
8.846600e+01	3.189000e+03
8.851600e+01	3.061000e+03
8.856700e+01	2.959000e+03
8.861600e+01	3.029000e+03
8.866600e+01	3.088000e+03
8.871600e+01	3.042000e+03
8.876700e+01	3.015000e+03
8.881700e+01	3.018000e+03
8.886700e+01	3.120000e+03
8.891700e+01	3.077000e+03
8.896700e+01	3.049000e+03
8.901700e+01	3.071000e+03
8.906800e+01	3.117000e+03
8.911700e+01	3.103000e+03
8.916700e+01	3.130000e+03
8.921800e+01	3.085000e+03
8.926800e+01	3.153000e+03
8.931800e+01	3.087000e+03
8.936700e+01	3.136000e+03
8.941800e+01	3.094000e+03
8.946800e+01	3.215000e+03
8.951800e+01	2.948000e+03
8.956800e+01	2.866000e+03
8.961800e+01	2.937000e+03
8.966800e+01	2.931000e+03
8.971800e+01	2.968000e+03
8.976800e+01	2.908000e+03
8.981800e+01	2.971000e+03
8.986800e+01	2.956000e+03
8.991900e+01	3.028000e+03
8.996800e+01	2.989000e+03
9.001900e+01	3.015000e+03
9.007000e+01	3.096000e+03
9.011900e+01	3.070000e+03
9.016900e+01	3.009000e+03
9.021900e+01	3.023000e+03
9.027000e+01	3.029000e+03
9.032000e+01	3.128000e+03
9.037000e+01	3.034000e+03
9.042000e+01	3.005000e+03
9.047000e+01	3.079000e+03
9.052000e+01	2.855000e+03
9.057000e+01	2.816000e+03
9.062000e+01	2.778000e+03
9.067100e+01	2.842000e+03
9.072000e+01	2.822000e+03
9.077000e+01	2.818000e+03
9.082000e+01	2.899000e+03
9.087100e+01	2.898000e+03
9.092100e+01	2.879000e+03
9.097100e+01	2.914000e+03
9.102100e+01	2.836000e+03
9.107100e+01	2.918000e+03
9.112100e+01	2.921000e+03
9.117200e+01	2.943000e+03
9.122100e+01	2.911000e+03
9.127100e+01	2.929000e+03
9.132100e+01	2.922000e+03
9.137100e+01	2.898000e+03
9.142200e+01	2.952000e+03
9.147200e+01	2.990000e+03
9.152200e+01	2.809000e+03
9.157200e+01	2.673000e+03
9.162200e+01	2.696000e+03
9.167200e+01	2.705000e+03
9.172200e+01	2.743000e+03
9.177200e+01	2.777000e+03
9.182200e+01	2.757000e+03
9.187300e+01	2.788000e+03
9.192300e+01	2.805000e+03
9.197300e+01	2.818000e+03
9.202300e+01	2.854000e+03
9.207300e+01	2.817000e+03
9.212300e+01	2.804000e+03
9.217300e+01	2.788000e+03
9.222300e+01	2.831000e+03
9.227400e+01	2.921000e+03
9.232400e+01	2.851000e+03
9.237300e+01	2.833000e+03
9.242300e+01	2.812000e+03
9.247400e+01	2.839000e+03
9.252400e+01	2.663000e+03
9.257400e+01	2.669000e+03
9.262400e+01	2.668000e+03
9.267400e+01	2.665000e+03
9.272400e+01	2.629000e+03
9.277400e+01	2.601000e+03
9.282500e+01	2.729000e+03
9.287400e+01	2.740000e+03
9.292400e+01	2.729000e+03
9.297400e+01	2.702000e+03
9.302400e+01	2.657000e+03
9.307500e+01	2.670000e+03
9.312400e+01	2.792000e+03
9.317500e+01	2.746000e+03
9.322500e+01	2.772000e+03
9.327500e+01	2.735000e+03
9.332500e+01	2.798000e+03
9.337500e+01	2.736000e+03
9.342500e+01	2.740000e+03
9.347600e+01	2.826000e+03
9.352500e+01	2.596000e+03
9.357600e+01	2.554000e+03
9.362600e+01	2.527000e+03
9.367600e+01	2.574000e+03
9.372600e+01	2.571000e+03
9.377600e+01	2.654000e+03
9.382600e+01	2.558000e+03
9.387600e+01	2.650000e+03
9.392700e+01	2.606000e+03
9.397700e+01	2.662000e+03
9.402600e+01	2.641000e+03
9.407600e+01	2.665000e+03
9.412700e+01	2.609000e+03
9.417700e+01	2.690000e+03
9.422700e+01	2.663000e+03
9.427700e+01	2.709000e+03
9.432700e+01	2.692000e+03
9.437700e+01	2.655000e+03
9.442700e+01	2.650000e+03
9.447700e+01	2.671000e+03
9.452700e+01	2.559000e+03
9.457700e+01	2.491000e+03
9.462700e+01	2.480000e+03
9.467800e+01	2.507000e+03
9.472800e+01	2.524000e+03
9.477800e+01	2.540000e+03
9.482800e+01	2.597000e+03
9.487900e+01	2.548000e+03
9.492900e+01	2.639000e+03
9.497800e+01	2.544000e+03
9.502800e+01	2.605000e+03
9.507800e+01	2.600000e+03
9.512800e+01	2.625000e+03
9.517900e+01	2.606000e+03
9.522900e+01	2.565000e+03
9.527900e+01	2.635000e+03
9.532800e+01	2.609000e+03
9.537900e+01	2.690000e+03
9.542900e+01	2.632000e+03
9.547900e+01	2.648000e+03
9.552900e+01	2.478000e+03
9.557900e+01	2.382000e+03
9.562900e+01	2.399000e+03
9.568000e+01	2.447000e+03
9.573000e+01	2.440000e+03
9.578000e+01	2.483000e+03
9.583000e+01	2.459000e+03
9.588100e+01	2.488000e+03
9.593000e+01	2.497000e+03
9.598000e+01	2.545000e+03
9.603000e+01	2.565000e+03
9.608000e+01	2.518000e+03
9.613100e+01	2.567000e+03
9.618100e+01	2.488000e+03
9.623100e+01	2.568000e+03
9.628100e+01	2.546000e+03
9.633100e+01	2.604000e+03
9.638100e+01	2.530000e+03
9.643100e+01	2.537000e+03
9.648100e+01	2.550000e+03
9.653200e+01	2.474000e+03
9.658200e+01	2.291000e+03
9.663200e+01	2.348000e+03
9.668100e+01	2.362000e+03
9.673100e+01	2.419000e+03
9.678200e+01	2.404000e+03
9.683200e+01	2.428000e+03
9.688200e+01	2.461000e+03
9.693200e+01	2.434000e+03
9.698200e+01	2.439000e+03
9.703200e+01	2.430000e+03
9.708200e+01	2.428000e+03
9.713200e+01	2.475000e+03
9.718200e+01	2.504000e+03
9.723200e+01	2.432000e+03
9.728300e+01	2.519000e+03
9.733300e+01	2.459000e+03
9.738300e+01	2.523000e+03
9.743300e+01	2.476000e+03
9.748200e+01	2.536000e+03
9.753300e+01	2.275000e+03
9.758400e+01	2.233000e+03
9.763300e+01	2.321000e+03
9.768300e+01	2.331000e+03
9.773300e+01	2.378000e+03
9.778300e+01	2.355000e+03
9.783300e+01	2.330000e+03
9.788300e+01	2.371000e+03
9.793300e+01	2.383000e+03
9.798400e+01	2.422000e+03
9.803400e+01	2.359000e+03
9.808400e+01	2.359000e+03
9.813400e+01	2.420000e+03
9.818400e+01	2.422000e+03
9.823500e+01	2.438000e+03
9.828500e+01	2.370000e+03
9.833500e+01	2.413000e+03
9.838500e+01	2.429000e+03
9.843400e+01	2.392000e+03
9.848500e+01	2.397000e+03
9.853500e+01	2.226000e+03
9.858600e+01	2.264000e+03
9.863500e+01	2.262000e+03
9.868600e+01	2.248000e+03
9.873500e+01	2.289000e+03
9.878600e+01	2.284000e+03
9.883600e+01	2.315000e+03
9.888600e+01	2.320000e+03
9.893500e+01	2.337000e+03
9.898500e+01	2.305000e+03
9.903600e+01	2.322000e+03
9.908600e+01	2.372000e+03
9.913600e+01	2.320000e+03
9.918600e+01	2.341000e+03
9.923600e+01	2.302000e+03
9.928700e+01	2.372000e+03
9.933700e+01	2.323000e+03
9.938700e+01	2.361000e+03
9.943700e+01	2.354000e+03
9.948700e+01	2.353000e+03
9.953700e+01	2.161000e+03
9.958600e+01	2.215000e+03
9.963600e+01	2.236000e+03
9.968700e+01	2.276000e+03
9.973700e+01	2.254000e+03
9.978700e+01	2.231000e+03
9.983700e+01	2.282000e+03
9.988800e+01	2.302000e+03
9.993800e+01	2.297000e+03
9.998800e+01	2.246000e+03
1.000380e+02	2.316000e+03
1.000880e+02	2.258000e+03
1.001380e+02	2.294000e+03
1.001880e+02	2.286000e+03
1.002380e+02	2.357000e+03
1.002890e+02	2.308000e+03
1.003380e+02	2.338000e+03
1.003880e+02	2.269000e+03
1.004390e+02	2.308000e+03
1.004880e+02	2.312000e+03
1.005380e+02	2.103000e+03
1.005880e+02	2.173000e+03
1.006390e+02	2.151000e+03
1.006890e+02	2.192000e+03
1.007390e+02	2.215000e+03
1.007890e+02	2.216000e+03
1.008400e+02	2.225000e+03
1.008900e+02	2.209000e+03
1.009390e+02	2.234000e+03
1.009890e+02	2.278000e+03
1.010390e+02	2.250000e+03
1.010900e+02	2.272000e+03
1.011400e+02	2.275000e+03
1.011900e+02	2.252000e+03
1.012400e+02	2.291000e+03
1.012900e+02	2.248000e+03
1.013400e+02	2.297000e+03
1.013900e+02	2.293000e+03
1.014400e+02	2.304000e+03
1.014900e+02	2.272000e+03
1.015400e+02	2.142000e+03
1.015910e+02	2.135000e+03
1.016410e+02	2.130000e+03
1.016910e+02	2.189000e+03
1.017420e+02	2.182000e+03
1.017920e+02	2.184000e+03
1.018410e+02	2.185000e+03
1.018910e+02	2.189000e+03
1.019410e+02	2.283000e+03
1.019920e+02	2.277000e+03
1.020410e+02	2.266000e+03
1.020910e+02	2.240000e+03
1.021420e+02	2.245000e+03
1.021920e+02	2.268000e+03
1.022420e+02	2.257000e+03
1.022920e+02	2.263000e+03
1.023420e+02	2.270000e+03
1.023920e+02	2.197000e+03
1.024420e+02	2.251000e+03
1.024930e+02	2.272000e+03
1.025420e+02	2.123000e+03
1.025930e+02	2.164000e+03
1.026420e+02	2.124000e+03
1.026930e+02	2.111000e+03
1.027430e+02	2.190000e+03
1.027930e+02	2.214000e+03
1.028430e+02	2.204000e+03
1.028930e+02	2.176000e+03
1.029430e+02	2.210000e+03
1.029940e+02	2.253000e+03
1.030430e+02	2.238000e+03
1.030930e+02	2.218000e+03
1.031440e+02	2.256000e+03
1.031930e+02	2.247000e+03
1.032440e+02	2.231000e+03
1.032930e+02	2.206000e+03
1.033430e+02	2.248000e+03
1.033940e+02	2.252000e+03
1.034440e+02	2.241000e+03
1.034940e+02	2.240000e+03
1.035450e+02	2.078000e+03
1.035940e+02	2.124000e+03
1.036450e+02	2.109000e+03
1.036950e+02	2.129000e+03
1.037450e+02	2.122000e+03
1.037950e+02	2.122000e+03
1.038450e+02	2.165000e+03
1.038950e+02	2.159000e+03
1.039450e+02	2.202000e+03
1.039950e+02	2.213000e+03
1.040450e+02	2.193000e+03
1.040950e+02	2.220000e+03
1.041450e+02	2.177000e+03
1.041960e+02	2.229000e+03
1.042460e+02	2.235000e+03
1.042950e+02	2.252000e+03
1.043460e+02	2.224000e+03
1.043970e+02	2.243000e+03
1.044460e+02	2.244000e+03
1.044970e+02	2.263000e+03
1.045460e+02	2.100000e+03
1.045960e+02	2.079000e+03
1.046460e+02	2.082000e+03
1.046960e+02	2.136000e+03
1.047460e+02	2.147000e+03
1.047970e+02	2.105000e+03
1.048460e+02	2.180000e+03
1.048970e+02	2.133000e+03
1.049470e+02	2.148000e+03
1.049970e+02	2.178000e+03
1.050470e+02	2.237000e+03
1.050970e+02	2.220000e+03
1.051480e+02	2.210000e+03
1.051980e+02	2.189000e+03
1.052470e+02	2.225000e+03
1.052980e+02	2.240000e+03
1.053480e+02	2.217000e+03
1.053980e+02	2.222000e+03
1.054480e+02	2.208000e+03
1.054980e+02	2.206000e+03
1.055480e+02	2.037000e+03
1.055980e+02	2.106000e+03
1.056490e+02	2.123000e+03
1.056980e+02	2.129000e+03
1.057490e+02	2.110000e+03
1.057990e+02	2.131000e+03
1.058490e+02	2.177000e+03
1.058990e+02	2.170000e+03
1.059490e+02	2.167000e+03
1.059990e+02	2.141000e+03
1.060490e+02	2.151000e+03
1.060990e+02	2.240000e+03
1.061490e+02	2.195000e+03
1.061990e+02	2.190000e+03
1.062500e+02	2.197000e+03
1.063000e+02	2.209000e+03
1.063490e+02	2.249000e+03
1.063990e+02	2.189000e+03
1.064490e+02	2.251000e+03
1.065010e+02	2.190000e+03
1.065500e+02	2.064000e+03
1.066000e+02	2.051000e+03
1.066500e+02	2.107000e+03
1.067000e+02	2.164000e+03
1.067510e+02	2.134000e+03
1.068000e+02	2.112000e+03
1.068500e+02	2.144000e+03
1.069010e+02	2.143000e+03
1.069500e+02	2.144000e+03
1.070010e+02	2.188000e+03
1.070510e+02	2.230000e+03
1.071010e+02	2.156000e+03
1.071510e+02	2.187000e+03
1.072010e+02	2.158000e+03
1.072520e+02	2.232000e+03
1.073020e+02	2.245000e+03
1.073510e+02	2.172000e+03
1.074020e+02	2.211000e+03
1.074520e+02	2.139000e+03
1.075010e+02	2.208000e+03
1.075520e+02	2.029000e+03
1.076020e+02	2.170000e+03
1.076520e+02	2.108000e+03
1.077020e+02	2.125000e+03
1.077520e+02	2.085000e+03
1.078020e+02	2.167000e+03
1.078520e+02	2.125000e+03
1.079030e+02	2.176000e+03
1.079530e+02	2.185000e+03
1.080020e+02	2.203000e+03
1.080520e+02	2.207000e+03
1.081030e+02	2.179000e+03
1.081530e+02	2.252000e+03
1.082030e+02	2.186000e+03
1.082530e+02	2.229000e+03
1.083030e+02	2.186000e+03
1.083530e+02	2.233000e+03
1.084040e+02	2.224000e+03
1.084530e+02	2.253000e+03
1.085030e+02	2.227000e+03
1.085530e+02	2.071000e+03
1.086040e+02	2.110000e+03
1.086540e+02	2.121000e+03
1.087040e+02	2.121000e+03
1.087540e+02	2.147000e+03
1.088040e+02	2.164000e+03
1.088540e+02	2.155000e+03
1.089040e+02	2.161000e+03
1.089540e+02	2.167000e+03
1.090040e+02	2.161000e+03
1.090550e+02	2.213000e+03
1.091050e+02	2.215000e+03
1.091550e+02	2.203000e+03
1.092050e+02	2.232000e+03
1.092540e+02	2.191000e+03
1.093050e+02	2.217000e+03
1.093550e+02	2.206000e+03
1.094050e+02	2.215000e+03
1.094550e+02	2.199000e+03
1.095060e+02	2.219000e+03
1.095560e+02	2.055000e+03
1.096060e+02	2.156000e+03
1.096560e+02	2.090000e+03
1.097060e+02	2.165000e+03
1.097560e+02	2.127000e+03
1.098060e+02	2.196000e+03
1.098560e+02	2.228000e+03
1.099060e+02	2.195000e+03
1.099560e+02	2.198000e+03
1.100060e+02	2.186000e+03
1.100560e+02	2.198000e+03
1.101060e+02	2.212000e+03
1.101560e+02	2.283000e+03
1.102060e+02	2.167000e+03
1.102570e+02	2.215000e+03
1.103070e+02	2.199000e+03
1.103560e+02	2.252000e+03
1.104080e+02	2.209000e+03
1.104570e+02	2.236000e+03
1.105070e+02	2.227000e+03
1.105570e+02	2.131000e+03
1.106070e+02	2.138000e+03
1.106570e+02	2.166000e+03
1.107070e+02	2.180000e+03
1.107570e+02	2.172000e+03
1.108080e+02	2.170000e+03
1.108580e+02	2.209000e+03
1.109080e+02	2.221000e+03
1.109580e+02	2.237000e+03
1.110090e+02	2.252000e+03
1.110590e+02	2.217000e+03
1.111090e+02	2.228000e+03
1.111590e+02	2.199000e+03
1.112090e+02	2.275000e+03
1.112590e+02	2.222000e+03
1.113090e+02	2.260000e+03
1.113580e+02	2.212000e+03
1.114090e+02	2.212000e+03
1.114590e+02	2.304000e+03
1.115090e+02	2.244000e+03
1.115590e+02	2.146000e+03
1.116090e+02	2.213000e+03
1.116600e+02	2.188000e+03
1.117100e+02	2.198000e+03
1.117590e+02	2.193000e+03
1.118090e+02	2.249000e+03
1.118590e+02	2.265000e+03
1.119100e+02	2.233000e+03
1.119590e+02	2.236000e+03
1.120100e+02	2.224000e+03
1.120610e+02	2.270000e+03
1.121100e+02	2.268000e+03
1.121610e+02	2.319000e+03
1.122110e+02	2.308000e+03
1.122600e+02	2.242000e+03
1.123100e+02	2.278000e+03
1.123610e+02	2.258000e+03
1.124110e+02	2.327000e+03
1.124610e+02	2.309000e+03
1.125110e+02	2.268000e+03
1.125610e+02	2.151000e+03
1.126110e+02	2.178000e+03
1.126610e+02	2.198000e+03
1.127110e+02	2.280000e+03
1.127610e+02	2.251000e+03
1.128110e+02	2.263000e+03
1.128620e+02	2.163000e+03
1.129120e+02	2.248000e+03
1.129610e+02	2.284000e+03
1.130120e+02	2.280000e+03
1.130620e+02	2.255000e+03
1.131120e+02	2.288000e+03
1.131620e+02	2.339000e+03
1.132130e+02	2.320000e+03
1.132630e+02	2.345000e+03
1.133130e+02	2.274000e+03
1.133620e+02	2.299000e+03
1.134130e+02	2.274000e+03
1.134630e+02	2.338000e+03
1.135130e+02	2.303000e+03
1.135630e+02	2.257000e+03
1.136130e+02	2.214000e+03
1.136630e+02	2.238000e+03
1.137130e+02	2.211000e+03
1.137630e+02	2.243000e+03
1.138140e+02	2.263000e+03
1.138630e+02	2.296000e+03
1.139140e+02	2.354000e+03
1.139640e+02	2.323000e+03
1.140140e+02	2.376000e+03
1.140640e+02	2.303000e+03
1.141150e+02	2.325000e+03
1.141650e+02	2.326000e+03
1.142140e+02	2.349000e+03
1.142640e+02	2.316000e+03
1.143140e+02	2.339000e+03
1.143650e+02	2.289000e+03
1.144150e+02	2.370000e+03
1.144650e+02	2.279000e+03
1.145150e+02	2.330000e+03
1.145650e+02	2.243000e+03
1.146150e+02	2.252000e+03
1.146650e+02	2.331000e+03
1.147150e+02	2.280000e+03
1.147650e+02	2.376000e+03
1.148160e+02	2.314000e+03
1.148660e+02	2.369000e+03
1.149160e+02	2.339000e+03
1.149660e+02	2.348000e+03
1.150160e+02	2.329000e+03
1.150660e+02	2.384000e+03
1.151160e+02	2.329000e+03
1.151660e+02	2.386000e+03
1.152160e+02	2.416000e+03
1.152660e+02	2.372000e+03
1.153170e+02	2.365000e+03
1.153660e+02	2.362000e+03
1.154160e+02	2.380000e+03
1.154660e+02	2.424000e+03
1.155170e+02	2.359000e+03
1.155660e+02	2.300000e+03
1.156180e+02	2.319000e+03
1.156670e+02	2.306000e+03
1.157170e+02	2.346000e+03
1.157670e+02	2.312000e+03
1.158170e+02	2.344000e+03
1.158670e+02	2.379000e+03
1.159180e+02	2.368000e+03
1.159670e+02	2.315000e+03
1.160180e+02	2.418000e+03
1.160680e+02	2.401000e+03
1.161180e+02	2.409000e+03
1.161680e+02	2.421000e+03
1.162180e+02	2.388000e+03
1.162680e+02	2.412000e+03
1.163180e+02	2.430000e+03
1.163680e+02	2.384000e+03
1.164180e+02	2.399000e+03
1.164680e+02	2.388000e+03
1.165190e+02	2.353000e+03
1.165690e+02	2.338000e+03
1.166190e+02	2.355000e+03
1.166690e+02	2.426000e+03
1.167190e+02	2.357000e+03
1.167690e+02	2.407000e+03
1.168190e+02	2.477000e+03
1.168690e+02	2.432000e+03
1.169200e+02	2.484000e+03
1.169700e+02	2.442000e+03
1.170200e+02	2.460000e+03
1.170700e+02	2.414000e+03
1.171200e+02	2.500000e+03
1.171700e+02	2.457000e+03
1.172200e+02	2.455000e+03
1.172700e+02	2.520000e+03
1.173200e+02	2.474000e+03
1.173700e+02	2.473000e+03
1.174200e+02	2.495000e+03
1.174700e+02	2.443000e+03
1.175210e+02	2.526000e+03
1.175710e+02	2.403000e+03
1.176210e+02	2.442000e+03
1.176710e+02	2.428000e+03
1.177210e+02	2.458000e+03
1.177710e+02	2.440000e+03
1.178210e+02	2.516000e+03
1.178710e+02	2.453000e+03
1.179210e+02	2.483000e+03
1.179710e+02	2.493000e+03
1.180210e+02	2.468000e+03
1.180710e+02	2.512000e+03
1.181210e+02	2.504000e+03
1.181710e+02	2.532000e+03
1.182220e+02	2.510000e+03
1.182710e+02	2.511000e+03
1.183220e+02	2.504000e+03
1.183720e+02	2.545000e+03
1.184220e+02	2.544000e+03
1.184720e+02	2.541000e+03
1.185220e+02	2.435000e+03
1.185720e+02	2.464000e+03
1.186220e+02	2.484000e+03
1.186720e+02	2.512000e+03
1.187220e+02	2.501000e+03
1.187730e+02	2.510000e+03
1.188220e+02	2.515000e+03
1.188730e+02	2.484000e+03
1.189230e+02	2.551000e+03
1.189730e+02	2.541000e+03
1.190240e+02	2.564000e+03
1.190730e+02	2.631000e+03
1.191240e+02	2.531000e+03
1.191740e+02	2.589000e+03
1.192240e+02	2.589000e+03
1.192740e+02	2.624000e+03
1.193230e+02	2.628000e+03
1.193740e+02	2.547000e+03
1.194240e+02	2.686000e+03
1.194750e+02	2.516000e+03
1.195240e+02	2.571000e+03
1.195740e+02	2.479000e+03
1.196250e+02	2.539000e+03
1.196740e+02	2.538000e+03
1.197250e+02	2.574000e+03
1.197750e+02	2.568000e+03
1.198250e+02	2.592000e+03
1.198750e+02	2.633000e+03
1.199250e+02	2.567000e+03
1.199750e+02	2.612000e+03
1.200250e+02	2.648000e+03
1.200750e+02	2.643000e+03
1.201250e+02	2.652000e+03
1.201760e+02	2.594000e+03
1.202260e+02	2.603000e+03
1.202760e+02	2.749000e+03
1.203250e+02	2.616000e+03
1.203750e+02	2.681000e+03
1.204270e+02	2.632000e+03
1.204760e+02	2.678000e+03
1.205260e+02	2.647000e+03
1.205760e+02	2.616000e+03
1.206270e+02	2.656000e+03
1.206770e+02	2.633000e+03
1.207270e+02	2.686000e+03
1.207770e+02	2.644000e+03
1.208270e+02	2.694000e+03
1.208760e+02	2.671000e+03
1.209270e+02	2.678000e+03
1.209770e+02	2.642000e+03
1.210270e+02	2.689000e+03
1.210770e+02	2.683000e+03
1.211270e+02	2.745000e+03
1.211770e+02	2.711000e+03
1.212270e+02	2.781000e+03
1.212780e+02	2.690000e+03
1.213280e+02	2.759000e+03
1.213780e+02	2.740000e+03
1.214280e+02	2.715000e+03
1.214780e+02	2.698000e+03
1.215280e+02	2.676000e+03
1.215780e+02	2.662000e+03
1.216280e+02	2.665000e+03
1.216780e+02	2.710000e+03
1.217280e+02	2.715000e+03
1.217780e+02	2.786000e+03
1.218280e+02	2.775000e+03
1.218790e+02	2.768000e+03
1.219280e+02	2.737000e+03
1.219790e+02	2.825000e+03
1.220290e+02	2.743000e+03
1.220790e+02	2.820000e+03
1.221290e+02	2.812000e+03
1.221790e+02	2.764000e+03
1.222290e+02	2.823000e+03
1.222790e+02	2.814000e+03
1.223290e+02	2.887000e+03
1.223800e+02	2.773000e+03
1.224290e+02	2.824000e+03
1.224800e+02	2.795000e+03
1.225300e+02	2.841000e+03
1.225800e+02	2.733000e+03
1.226300e+02	2.818000e+03
1.226800e+02	2.788000e+03
1.227310e+02	2.800000e+03
1.227810e+02	2.760000e+03
1.228300e+02	2.949000e+03
1.228810e+02	2.809000e+03
1.229310e+02	2.853000e+03
1.229800e+02	2.845000e+03
1.230310e+02	2.871000e+03
1.230810e+02	2.858000e+03
1.231310e+02	2.864000e+03
1.231820e+02	2.959000e+03
1.232320e+02	2.875000e+03
1.232810e+02	2.911000e+03
1.233310e+02	2.835000e+03
1.233810e+02	2.918000e+03
1.234310e+02	2.884000e+03
1.234820e+02	2.853000e+03
1.235320e+02	2.808000e+03
1.235810e+02	2.836000e+03
1.236320e+02	2.807000e+03
1.236820e+02	2.887000e+03
1.237320e+02	2.872000e+03
1.237820e+02	2.918000e+03
1.238320e+02	2.916000e+03
1.238830e+02	2.856000e+03
1.239330e+02	2.959000e+03
1.239830e+02	2.938000e+03
1.240330e+02	3.019000e+03
1.240820e+02	2.970000e+03
1.241330e+02	2.960000e+03
1.241830e+02	2.933000e+03
1.242330e+02	3.010000e+03
1.242830e+02	2.994000e+03
1.243330e+02	3.002000e+03
1.243830e+02	2.961000e+03
1.244340e+02	2.985000e+03
1.244830e+02	2.947000e+03
1.245330e+02	2.885000e+03
1.245840e+02	2.921000e+03
1.246340e+02	2.921000e+03
1.246830e+02	2.977000e+03
1.247340e+02	2.955000e+03
1.247840e+02	2.953000e+03
1.248340e+02	2.979000e+03
1.248840e+02	3.022000e+03
1.249340e+02	3.013000e+03
1.249840e+02	3.018000e+03
1.250340e+02	3.020000e+03
1.250850e+02	3.033000e+03
1.251350e+02	3.015000e+03
1.251850e+02	3.091000e+03
1.252350e+02	3.021000e+03
1.252850e+02	3.054000e+03
1.253350e+02	2.991000e+03
1.253850e+02	3.092000e+03
1.254360e+02	2.988000e+03
1.254860e+02	3.118000e+03
1.255360e+02	2.954000e+03
1.255860e+02	3.057000e+03
1.256360e+02	2.977000e+03
1.256860e+02	3.032000e+03
1.257360e+02	3.027000e+03
1.257860e+02	3.033000e+03
1.258360e+02	3.101000e+03
1.258860e+02	3.066000e+03
1.259360e+02	3.175000e+03
1.259860e+02	3.155000e+03
1.260360e+02	3.126000e+03
1.260860e+02	3.099000e+03
1.261360e+02	3.119000e+03
1.261860e+02	3.101000e+03
1.262360e+02	3.176000e+03
1.262870e+02	3.156000e+03
1.263370e+02	3.180000e+03
1.263870e+02	3.136000e+03
1.264370e+02	3.204000e+03
1.264870e+02	3.164000e+03
1.265370e+02	3.042000e+03
1.265870e+02	3.090000e+03
1.266380e+02	3.090000e+03
1.266870e+02	3.131000e+03
1.267380e+02	3.118000e+03
1.267880e+02	3.189000e+03
1.268380e+02	3.208000e+03
1.268880e+02	3.162000e+03
1.269380e+02	3.263000e+03
1.269880e+02	3.157000e+03
1.270380e+02	3.186000e+03
1.270880e+02	3.295000e+03
1.271380e+02	3.160000e+03
1.271890e+02	3.282000e+03
1.272390e+02	3.196000e+03
1.272890e+02	3.235000e+03
1.273390e+02	3.212000e+03
1.273890e+02	3.324000e+03
1.274390e+02	3.285000e+03
1.274890e+02	3.272000e+03
1.275390e+02	3.101000e+03
1.275890e+02	3.098000e+03
1.276390e+02	3.226000e+03
1.276890e+02	3.245000e+03
1.277390e+02	3.183000e+03
1.277900e+02	3.223000e+03
1.278400e+02	3.235000e+03
1.278900e+02	3.275000e+03
1.279400e+02	3.342000e+03
1.279900e+02	3.278000e+03
1.280400e+02	3.368000e+03
1.280900e+02	3.209000e+03
1.281410e+02	3.291000e+03
1.281900e+02	3.259000e+03
1.282400e+02	3.341000e+03
1.282910e+02	3.373000e+03
1.283410e+02	3.354000e+03
1.283910e+02	3.338000e+03
1.284410e+02	3.329000e+03
1.284910e+02	3.346000e+03
1.285410e+02	3.261000e+03
1.285910e+02	3.230000e+03
1.286410e+02	3.281000e+03
1.286910e+02	3.291000e+03
1.287410e+02	3.277000e+03
1.287910e+02	3.396000e+03
1.288420e+02	3.376000e+03
1.288920e+02	3.394000e+03
1.289420e+02	3.337000e+03
1.289920e+02	3.381000e+03
1.290420e+02	3.330000e+03
1.290920e+02	3.457000e+03
1.291420e+02	3.432000e+03
1.291920e+02	3.432000e+03
1.292420e+02	3.436000e+03
1.292920e+02	3.372000e+03
1.293430e+02	3.448000e+03
1.293930e+02	3.448000e+03
1.294430e+02	3.367000e+03
1.294930e+02	3.475000e+03
1.295430e+02	3.251000e+03
1.295920e+02	3.332000e+03
1.296430e+02	3.408000e+03
1.296930e+02	3.375000e+03
1.297440e+02	3.490000e+03
1.297940e+02	3.336000e+03
1.298430e+02	3.458000e+03
1.298930e+02	3.417000e+03
1.299440e+02	3.489000e+03
1.299940e+02	3.458000e+03
1.300440e+02	3.479000e+03
1.300940e+02	3.444000e+03
1.301450e+02	3.475000e+03
1.301950e+02	3.472000e+03
1.302450e+02	3.566000e+03
1.302950e+02	3.447000e+03
1.303450e+02	3.475000e+03
1.303950e+02	3.449000e+03
1.304440e+02	3.482000e+03
1.304950e+02	3.485000e+03
1.305450e+02	3.382000e+03
1.305950e+02	3.471000e+03
1.306450e+02	3.411000e+03
1.306950e+02	3.446000e+03
1.307450e+02	3.435000e+03
1.307950e+02	3.464000e+03
1.308450e+02	3.463000e+03
1.308950e+02	3.500000e+03
1.309460e+02	3.446000e+03
1.309950e+02	3.460000e+03
1.310460e+02	3.569000e+03
1.310950e+02	3.521000e+03
1.311460e+02	3.514000e+03
1.311960e+02	3.549000e+03
1.312460e+02	3.555000e+03
1.312960e+02	3.537000e+03
1.313460e+02	3.570000e+03
1.313970e+02	3.573000e+03
1.314460e+02	3.640000e+03
1.314970e+02	3.538000e+03
1.315460e+02	3.404000e+03
1.315970e+02	3.470000e+03
1.316470e+02	3.512000e+03
1.316970e+02	3.500000e+03
1.317470e+02	3.471000e+03
1.317970e+02	3.445000e+03
1.318470e+02	3.553000e+03
1.318970e+02	3.597000e+03
1.319470e+02	3.593000e+03
1.319970e+02	3.556000e+03
1.320480e+02	3.579000e+03
1.320980e+02	3.596000e+03
1.321520e+02	3.607000e+03
1.321980e+02	3.640000e+03
1.322480e+02	3.637000e+03
1.322980e+02	3.684000e+03
1.323480e+02	3.544000e+03
1.323980e+02	3.640000e+03
1.324490e+02	3.643000e+03
1.324980e+02	3.620000e+03
1.325480e+02	3.604000e+03
1.325980e+02	3.441000e+03
1.326480e+02	3.556000e+03
1.326990e+02	3.530000e+03
1.327490e+02	3.640000e+03
1.327990e+02	3.590000e+03
1.328500e+02	3.664000e+03
1.328990e+02	3.560000e+03
1.329490e+02	3.673000e+03
1.329990e+02	3.609000e+03
1.330490e+02	3.679000e+03
1.331000e+02	3.657000e+03
1.331500e+02	3.665000e+03
1.332000e+02	3.617000e+03
1.332500e+02	3.631000e+03
1.333000e+02	3.666000e+03
1.333500e+02	3.738000e+03
1.334000e+02	3.717000e+03
1.334510e+02	3.636000e+03
1.335000e+02	3.677000e+03
1.335500e+02	3.467000e+03
1.336010e+02	3.582000e+03
1.336510e+02	3.560000e+03
1.337000e+02	3.624000e+03
1.337500e+02	3.606000e+03
1.338010e+02	3.699000e+03
1.338510e+02	3.645000e+03
1.339010e+02	3.700000e+03
1.339510e+02	3.677000e+03
1.340020e+02	3.695000e+03
1.340520e+02	3.655000e+03
1.341010e+02	3.712000e+03
1.341520e+02	3.604000e+03
1.342020e+02	3.736000e+03
1.342520e+02	3.742000e+03
1.343010e+02	3.746000e+03
1.343520e+02	3.768000e+03
1.344020e+02	3.678000e+03
1.344520e+02	3.781000e+03
1.345020e+02	3.670000e+03
1.345530e+02	3.655000e+03
1.346020e+02	3.501000e+03
1.346520e+02	3.634000e+03
1.347030e+02	3.588000e+03
1.347530e+02	3.660000e+03
1.348030e+02	3.641000e+03
1.348540e+02	3.648000e+03
1.349030e+02	3.621000e+03
1.349530e+02	3.725000e+03
1.350030e+02	3.692000e+03
1.350530e+02	3.790000e+03
1.351030e+02	3.709000e+03
1.351530e+02	3.704000e+03
1.352030e+02	3.730000e+03
1.352540e+02	3.808000e+03
1.353040e+02	3.731000e+03
1.353540e+02	3.679000e+03
1.354040e+02	3.769000e+03
1.354540e+02	3.747000e+03
1.355040e+02	3.750000e+03
1.355540e+02	3.550000e+03
1.356040e+02	3.619000e+03
1.356540e+02	3.668000e+03
1.357040e+02	3.646000e+03
1.357540e+02	3.630000e+03
1.358040e+02	3.698000e+03
1.358540e+02	3.662000e+03
1.359050e+02	3.779000e+03
1.359550e+02	3.678000e+03
1.360050e+02	3.737000e+03
1.360550e+02	3.696000e+03
1.361050e+02	3.735000e+03
1.361550e+02	3.746000e+03
1.362060e+02	3.758000e+03
1.362550e+02	3.857000e+03
1.363050e+02	3.710000e+03
1.363560e+02	3.797000e+03
1.364060e+02	3.734000e+03
1.364560e+02	3.863000e+03
1.365060e+02	3.765000e+03
1.365560e+02	3.777000e+03
1.366060e+02	3.777000e+03
1.366560e+02	3.882000e+03
1.367060e+02	3.726000e+03
1.367570e+02	3.836000e+03
1.368060e+02	3.804000e+03
1.368570e+02	3.786000e+03
1.369060e+02	3.751000e+03
1.369570e+02	3.771000e+03
1.370070e+02	3.790000e+03
1.370570e+02	3.834000e+03
1.371070e+02	3.796000e+03
1.371570e+02	3.714000e+03
1.372080e+02	3.860000e+03
1.372580e+02	3.740000e+03
1.373070e+02	3.860000e+03
1.373570e+02	3.742000e+03
1.374070e+02	3.823000e+03
1.374570e+02	3.700000e+03
1.375080e+02	3.800000e+03
1.375580e+02	3.782000e+03
1.376080e+02	3.891000e+03
1.376580e+02	3.754000e+03
1.377090e+02	3.778000e+03
1.377590e+02	3.745000e+03
1.378080e+02	3.734000e+03
1.378580e+02	3.812000e+03
1.379080e+02	3.800000e+03
1.379580e+02	3.821000e+03
1.380090e+02	3.706000e+03
1.380590e+02	3.773000e+03
1.381090e+02	3.741000e+03
1.381590e+02	3.881000e+03
1.382100e+02	3.787000e+03
1.382600e+02	3.826000e+03
1.383100e+02	3.749000e+03
1.383600e+02	3.781000e+03
1.384090e+02	3.773000e+03
1.384590e+02	3.819000e+03
1.385090e+02	3.800000e+03
1.385600e+02	3.791000e+03
1.386100e+02	3.764000e+03
1.386600e+02	3.766000e+03
1.387100e+02	3.849000e+03
1.387600e+02	3.716000e+03
