Elapsed Time (Seconds)	Summed Intensity (Pixel Intensity)
0.000000e+00	3.237275e+06
5.000000e-02	3.254771e+06
1.010000e-01	3.245527e+06
1.510000e-01	3.260105e+06
2.010000e-01	3.242062e+06
2.510000e-01	3.249214e+06
3.020000e-01	3.246641e+06
3.520000e-01	3.246695e+06
4.010000e-01	3.253018e+06
4.520000e-01	3.245449e+06
5.010000e-01	3.240641e+06
5.510000e-01	3.237477e+06
6.010000e-01	3.241481e+06
6.520000e-01	3.249593e+06
7.010000e-01	3.259646e+06
7.560000e-01	3.256413e+06
8.010000e-01	3.258108e+06
8.520000e-01	3.242917e+06
9.020000e-01	3.248857e+06
9.520000e-01	3.248498e+06
1.002000e+00	3.268500e+06
1.053000e+00	3.256621e+06
1.103000e+00	3.258891e+06
1.153000e+00	3.243880e+06
1.203000e+00	3.253456e+06
1.253000e+00	3.256866e+06
1.303000e+00	3.261980e+06
1.354000e+00	3.261529e+06
1.403000e+00	3.262156e+06
1.453000e+00	3.253299e+06
1.504000e+00	3.261663e+06
1.553000e+00	3.258832e+06
1.603000e+00	3.253945e+06
1.654000e+00	3.260110e+06
1.704000e+00	3.237514e+06
1.754000e+00	3.243761e+06
1.804000e+00	3.249003e+06
1.854000e+00	3.259108e+06
1.904000e+00	3.254602e+06
1.954000e+00	3.256613e+06
2.004000e+00	3.245086e+06
2.054000e+00	3.258055e+06
2.104000e+00	3.254088e+06
2.155000e+00	3.255617e+06
2.205000e+00	3.252277e+06
2.254000e+00	3.255105e+06
2.304000e+00	3.247984e+06
2.354000e+00	3.247692e+06
2.405000e+00	3.254443e+06
2.456000e+00	3.244127e+06
2.505000e+00	3.255037e+06
2.555000e+00	3.249377e+06
2.631000e+00	3.256721e+06
2.655000e+00	3.234932e+06
2.705000e+00	3.261256e+06
2.755000e+00	3.245801e+06
2.806000e+00	3.257147e+06
2.856000e+00	3.242030e+06
2.906000e+00	3.233253e+06
2.955000e+00	3.236905e+06
3.006000e+00	3.253383e+06
3.056000e+00	3.256899e+06
3.106000e+00	3.262237e+06
3.157000e+00	3.241533e+06
3.207000e+00	3.242979e+06
3.256000e+00	3.246311e+06
3.308000e+00	3.251167e+06
3.356000e+00	3.249502e+06
3.407000e+00	3.248510e+06
3.457000e+00	3.247864e+06
3.507000e+00	3.233489e+06
3.557000e+00	3.243235e+06
3.607000e+00	3.236672e+06
3.657000e+00	3.277258e+06
3.707000e+00	3.253134e+06
3.757000e+00	3.248781e+06
3.807000e+00	3.246189e+06
3.857000e+00	3.242681e+06
3.908000e+00	3.246518e+06
3.958000e+00	3.255759e+06
4.008000e+00	3.248110e+06
4.058000e+00	3.232660e+06
4.108000e+00	3.231626e+06
4.159000e+00	3.233246e+06
4.209000e+00	3.245047e+06
4.258000e+00	3.249851e+06
4.308000e+00	3.244563e+06
4.362000e+00	3.240152e+06
4.409000e+00	3.251770e+06
4.459000e+00	3.200184e+06
4.509000e+00	3.181551e+06
4.559000e+00	3.188152e+06
4.609000e+00	3.211449e+06
4.659000e+00	3.205390e+06
4.709000e+00	3.196350e+06
4.759000e+00	3.215759e+06
4.809000e+00	3.218226e+06
4.860000e+00	3.220576e+06
4.911000e+00	3.223002e+06
4.960000e+00	3.220936e+06
5.010000e+00	3.222224e+06
5.060000e+00	3.213798e+06
5.111000e+00	3.229419e+06
5.160000e+00	3.239005e+06
5.210000e+00	3.219342e+06
5.260000e+00	3.224741e+06
5.311000e+00	3.201897e+06
5.369000e+00	3.222885e+06
5.415000e+00	3.229495e+06
5.461000e+00	3.213575e+06
5.511000e+00	3.163847e+06
5.561000e+00	3.185297e+06
5.611000e+00	3.187966e+06
5.661000e+00	3.203331e+06
5.715000e+00	3.219470e+06
5.761000e+00	3.221327e+06
5.811000e+00	3.216904e+06
5.862000e+00	3.209259e+06
5.911000e+00	3.208618e+06
5.961000e+00	3.223988e+06
6.011000e+00	3.230339e+06
6.061000e+00	3.219405e+06
6.111000e+00	3.218955e+06
6.162000e+00	3.214334e+06
6.212000e+00	3.225570e+06
6.262000e+00	3.219072e+06
6.312000e+00	3.231538e+06
6.363000e+00	3.224351e+06
6.413000e+00	3.219074e+06
6.462000e+00	3.181448e+06
6.512000e+00	3.143698e+06
6.563000e+00	3.180062e+06
6.613000e+00	3.200489e+06
6.662000e+00	3.204619e+06
6.713000e+00	3.205399e+06
6.763000e+00	3.203951e+06
6.814000e+00	3.209864e+06
6.864000e+00	3.224148e+06
6.913000e+00	3.217192e+06
6.963000e+00	3.225960e+06
7.013000e+00	3.205843e+06
7.063000e+00	3.215720e+06
7.114000e+00	3.200822e+06
7.164000e+00	3.227555e+06
7.214000e+00	3.217312e+06
7.265000e+00	3.218085e+06
7.315000e+00	3.224399e+06
7.364000e+00	3.219688e+06
7.414000e+00	3.225942e+06
7.464000e+00	3.179520e+06
7.515000e+00	3.152774e+06
7.565000e+00	3.201272e+06
7.615000e+00	3.192161e+06
7.665000e+00	3.195638e+06
7.715000e+00	3.188676e+06
7.764000e+00	3.197525e+06
7.815000e+00	3.215723e+06
7.866000e+00	3.198918e+06
7.916000e+00	3.211575e+06
7.965000e+00	3.198310e+06
8.016000e+00	3.215308e+06
8.066000e+00	3.210497e+06
8.116000e+00	3.211367e+06
8.166000e+00	3.214652e+06
8.216000e+00	3.213226e+06
8.266000e+00	3.206155e+06
8.316000e+00	3.203387e+06
8.366000e+00	3.211874e+06
8.417000e+00	3.218187e+06
8.466000e+00	3.177459e+06
8.516000e+00	3.146315e+06
8.566000e+00	3.172888e+06
8.617000e+00	3.180720e+06
8.666000e+00	3.201923e+06
8.717000e+00	3.202086e+06
8.767000e+00	3.209121e+06
8.817000e+00	3.192585e+06
8.867000e+00	3.189683e+06
8.917000e+00	3.200058e+06
8.967000e+00	3.210080e+06
9.017000e+00	3.216490e+06
9.068000e+00	3.204426e+06
9.118000e+00	3.204187e+06
9.168000e+00	3.206786e+06
9.218000e+00	3.214700e+06
9.267000e+00	3.209958e+06
9.318000e+00	3.213032e+06
9.368000e+00	3.209007e+06
9.418000e+00	3.212034e+06
9.468000e+00	3.153931e+06
9.518000e+00	3.141011e+06
9.568000e+00	3.168542e+06
9.618000e+00	3.192135e+06
9.668000e+00	3.181438e+06
9.719000e+00	3.193930e+06
9.769000e+00	3.192006e+06
9.819000e+00	3.207366e+06
9.869000e+00	3.211570e+06
9.919000e+00	3.206904e+06
9.969000e+00	3.193011e+06
1.001900e+01	3.201623e+06
1.007000e+01	3.192832e+06
1.012000e+01	3.195856e+06
1.016900e+01	3.206081e+06
1.021900e+01	3.206825e+06
1.027000e+01	3.205547e+06
1.032000e+01	3.201347e+06
1.037000e+01	3.212102e+06
1.042000e+01	3.198103e+06
1.047000e+01	3.167232e+06
1.052000e+01	3.148049e+06
1.057000e+01	3.177972e+06
1.062300e+01	3.179808e+06
1.067000e+01	3.174458e+06
1.072100e+01	3.189605e+06
1.077100e+01	3.200286e+06
1.082100e+01	3.193196e+06
1.087100e+01	3.192898e+06
1.092100e+01	3.185688e+06
1.097100e+01	3.196613e+06
1.102200e+01	3.207197e+06
1.107100e+01	3.207168e+06
1.112200e+01	3.200983e+06
1.117100e+01	3.191696e+06
1.122200e+01	3.207100e+06
1.127100e+01	3.184298e+06
1.132200e+01	3.203648e+06
1.137200e+01	3.199656e+06
1.142100e+01	3.202783e+06
1.147100e+01	3.143775e+06
1.152200e+01	3.135034e+06
1.157200e+01	3.160847e+06
1.162200e+01	3.185922e+06
1.167200e+01	3.187229e+06
1.172300e+01	3.187050e+06
1.177200e+01	3.186002e+06
1.182200e+01	3.187570e+06
1.187800e+01	3.193653e+06
1.192300e+01	3.188920e+06
1.197600e+01	3.204355e+06
1.202200e+01	3.186994e+06
1.207300e+01	3.198574e+06
1.212500e+01	3.187628e+06
1.217300e+01	3.206836e+06
1.222300e+01	3.192003e+06
1.227300e+01	3.208537e+06
1.232300e+01	3.188388e+06
1.237400e+01	3.201413e+06
1.242400e+01	3.191246e+06
1.247500e+01	3.128509e+06
1.252400e+01	3.126914e+06
1.257400e+01	3.166035e+06
1.262400e+01	3.171319e+06
1.267400e+01	3.176557e+06
1.272400e+01	3.170568e+06
1.277500e+01	3.194294e+06
1.282500e+01	3.201508e+06
1.287500e+01	3.188461e+06
1.292500e+01	3.189149e+06
1.297500e+01	3.177350e+06
1.302500e+01	3.193662e+06
1.307500e+01	3.173399e+06
1.312500e+01	3.194294e+06
1.317500e+01	3.191182e+06
1.322600e+01	3.197778e+06
1.327500e+01	3.187422e+06
1.332500e+01	3.192042e+06
1.337600e+01	3.196676e+06
1.342600e+01	3.211334e+06
1.347600e+01	3.140190e+06
1.352600e+01	3.144061e+06
1.357800e+01	3.154548e+06
1.362600e+01	3.172658e+06
1.367700e+01	3.173149e+06
1.372600e+01	3.175343e+06
1.377700e+01	3.194056e+06
1.382700e+01	3.178624e+06
1.387600e+01	3.176634e+06
1.392600e+01	3.183197e+06
1.397700e+01	3.195659e+06
1.407000e+01	3.191337e+06
1.407900e+01	3.188439e+06
1.412700e+01	3.174622e+06
1.417600e+01	3.176646e+06
1.422700e+01	3.183612e+06
1.427700e+01	3.171812e+06
1.432700e+01	3.161800e+06
1.437700e+01	3.167422e+06
1.442700e+01	3.159744e+06
1.447800e+01	3.101488e+06
1.452800e+01	3.106366e+06
1.457700e+01	3.124656e+06
1.462800e+01	3.146870e+06
1.467800e+01	3.130575e+06
1.472900e+01	3.140576e+06
1.477800e+01	3.129216e+06
1.482800e+01	3.149402e+06
1.487800e+01	3.121970e+06
1.492900e+01	3.124952e+06
1.497800e+01	3.130953e+06
1.502800e+01	3.133341e+06
1.507900e+01	3.132129e+06
1.512900e+01	3.147413e+06
1.517900e+01	3.140346e+06
1.522800e+01	3.157579e+06
1.527900e+01	3.141915e+06
1.532900e+01	3.140419e+06
1.542400e+01	3.143352e+06
1.543200e+01	3.158354e+06
1.547900e+01	3.101645e+06
1.552900e+01	3.094521e+06
1.557900e+01	3.133535e+06
1.562900e+01	3.122508e+06
1.567900e+01	3.153071e+06
1.573100e+01	3.154879e+06
1.577900e+01	3.167798e+06
1.583000e+01	3.160542e+06
1.588000e+01	3.150134e+06
1.593000e+01	3.143857e+06
1.598100e+01	3.164178e+06
1.603100e+01	3.157727e+06
1.608100e+01	3.156392e+06
1.613000e+01	3.140498e+06
1.618100e+01	3.158680e+06
1.623100e+01	3.161275e+06
1.628100e+01	3.155669e+06
1.633100e+01	3.164846e+06
1.638800e+01	3.167935e+06
1.643100e+01	3.181757e+06
1.648700e+01	3.096881e+06
1.653100e+01	3.114877e+06
1.658200e+01	3.130167e+06
1.663100e+01	3.159977e+06
1.668100e+01	3.157572e+06
1.673200e+01	3.163778e+06
1.678200e+01	3.159508e+06
1.683200e+01	3.164718e+06
1.688500e+01	3.164079e+06
1.693200e+01	3.181869e+06
1.698200e+01	3.181734e+06
1.703200e+01	3.184813e+06
1.708300e+01	3.170418e+06
1.713200e+01	3.182385e+06
1.718300e+01	3.180625e+06
1.723300e+01	3.187968e+06
1.728700e+01	3.172363e+06
1.734200e+01	3.167808e+06
1.738600e+01	3.187370e+06
1.743300e+01	3.176117e+06
1.748300e+01	3.117423e+06
1.753300e+01	3.127157e+06
1.758300e+01	3.159514e+06
1.763300e+01	3.165780e+06
1.768300e+01	3.170621e+06
1.773400e+01	3.170558e+06
1.778500e+01	3.176044e+06
1.783300e+01	3.188884e+06
1.788400e+01	3.184256e+06
1.793400e+01	3.184648e+06
1.798400e+01	3.182200e+06
1.803400e+01	3.191490e+06
1.808400e+01	3.192619e+06
1.813500e+01	3.203010e+06
1.818400e+01	3.190668e+06
1.823400e+01	3.190913e+06
1.828500e+01	3.184817e+06
1.833500e+01	3.193730e+06
1.838500e+01	3.196814e+06
1.843500e+01	3.202685e+06
1.848500e+01	3.115422e+06
1.853500e+01	3.137493e+06
1.858600e+01	3.154797e+06
1.863500e+01	3.166772e+06
1.868500e+01	3.182624e+06
1.873500e+01	3.191985e+06
1.878500e+01	3.183381e+06
1.883600e+01	3.178636e+06
1.888600e+01	3.178122e+06
1.893500e+01	3.171522e+06
1.898600e+01	3.190319e+06
1.903600e+01	3.190452e+06
1.908700e+01	3.182188e+06
1.914000e+01	3.175626e+06
1.918600e+01	3.182821e+06
1.923700e+01	3.186153e+06
1.928800e+01	3.197592e+06
1.933600e+01	3.191425e+06
1.938700e+01	3.186340e+06
1.943700e+01	3.188892e+06
1.948700e+01	3.123205e+06
1.953700e+01	3.135870e+06
1.958700e+01	3.161054e+06
1.963700e+01	3.166819e+06
1.968800e+01	3.165629e+06
1.973700e+01	3.171382e+06
1.978800e+01	3.170028e+06
1.983800e+01	3.182899e+06
1.988700e+01	3.183538e+06
1.993800e+01	3.193974e+06
1.998800e+01	3.182607e+06
2.004100e+01	3.191486e+06
2.008800e+01	3.180243e+06
2.013800e+01	3.188554e+06
2.018800e+01	3.189852e+06
2.023900e+01	3.194162e+06
2.028900e+01	3.175624e+06
2.033900e+01	3.189935e+06
2.038900e+01	3.175740e+06
2.043800e+01	3.187802e+06
2.048900e+01	3.115984e+06
2.053800e+01	3.142033e+06
2.058900e+01	3.168189e+06
2.063900e+01	3.161688e+06
2.068900e+01	3.175959e+06
2.073900e+01	3.168675e+06
2.079000e+01	3.185696e+06
2.083900e+01	3.177685e+06
2.089000e+01	3.173122e+06
2.094000e+01	3.164926e+06
2.099000e+01	3.186904e+06
2.104000e+01	3.189573e+06
2.109400e+01	3.192197e+06
2.114000e+01	3.184663e+06
2.119000e+01	3.183252e+06
2.124000e+01	3.183030e+06
2.129000e+01	3.196050e+06
2.134200e+01	3.194056e+06
2.139000e+01	3.201272e+06
2.144000e+01	3.199706e+06
2.149100e+01	3.109256e+06
2.154100e+01	3.135995e+06
2.159100e+01	3.158475e+06
2.164100e+01	3.174416e+06
2.169400e+01	3.170538e+06
2.174100e+01	3.181794e+06
2.179100e+01	3.174886e+06
2.184100e+01	3.175141e+06
2.189100e+01	3.184029e+06
2.194100e+01	3.185797e+06
2.199200e+01	3.181372e+06
2.204200e+01	3.184168e+06
2.209200e+01	3.168631e+06
2.214200e+01	3.181255e+06
2.219200e+01	3.184168e+06
2.224200e+01	3.191726e+06
2.229200e+01	3.194160e+06
2.234200e+01	3.193418e+06
2.239300e+01	3.190731e+06
2.244300e+01	3.175109e+06
2.249300e+01	3.128961e+06
2.254300e+01	3.146257e+06
2.259200e+01	3.170805e+06
2.264200e+01	3.164639e+06
2.269300e+01	3.152708e+06
2.274200e+01	3.175465e+06
2.279300e+01	3.186555e+06
2.284400e+01	3.181583e+06
2.289300e+01	3.198915e+06
2.294400e+01	3.183764e+06
2.299400e+01	3.197814e+06
2.304300e+01	3.185800e+06
2.309300e+01	3.195632e+06
2.314400e+01	3.191452e+06
2.319400e+01	3.185050e+06
2.325400e+01	3.175791e+06
2.329400e+01	3.167020e+06
2.334400e+01	3.184609e+06
2.339400e+01	3.178905e+06
2.344400e+01	3.194763e+06
2.349400e+01	3.125892e+06
2.354400e+01	3.143745e+06
2.359700e+01	3.153204e+06
2.364400e+01	3.173901e+06
2.369400e+01	3.170820e+06
2.374600e+01	3.185226e+06
2.379500e+01	3.180591e+06
2.384500e+01	3.176737e+06
2.389500e+01	3.165587e+06
2.394600e+01	3.169233e+06
2.399600e+01	3.179584e+06
2.404500e+01	3.188748e+06
2.409500e+01	3.193690e+06
2.414600e+01	3.169831e+06
2.419600e+01	3.186629e+06
2.424600e+01	3.185950e+06
2.429600e+01	3.194153e+06
2.434600e+01	3.191093e+06
2.439600e+01	3.186038e+06
2.444600e+01	3.171535e+06
2.449600e+01	3.117873e+06
2.454600e+01	3.131455e+06
2.459700e+01	3.166790e+06
2.464700e+01	3.159925e+06
2.469700e+01	3.180662e+06
2.474700e+01	3.171392e+06
2.479700e+01	3.174635e+06
2.484700e+01	3.172538e+06
2.489700e+01	3.181347e+06
2.494700e+01	3.188921e+06
2.500100e+01	3.178755e+06
2.504700e+01	3.180326e+06
2.509800e+01	3.168892e+06
2.514700e+01	3.186978e+06
2.519700e+01	3.182489e+06
2.524700e+01	3.188398e+06
2.529800e+01	3.183265e+06
2.534800e+01	3.187592e+06
2.539800e+01	3.177124e+06
2.544800e+01	3.178027e+06
2.549800e+01	3.118524e+06
2.554800e+01	3.151840e+06
2.559800e+01	3.151355e+06
2.564900e+01	3.156636e+06
2.569900e+01	3.154727e+06
2.574900e+01	3.174571e+06
2.579900e+01	3.179820e+06
2.584800e+01	3.183126e+06
2.589800e+01	3.184633e+06
2.594900e+01	3.182337e+06
2.599900e+01	3.177399e+06
2.604900e+01	3.175076e+06
2.609900e+01	3.189671e+06
2.614900e+01	3.184290e+06
2.619900e+01	3.190811e+06
2.625000e+01	3.167656e+06
2.630000e+01	3.177216e+06
2.635000e+01	3.183185e+06
2.640000e+01	3.193359e+06
2.645000e+01	3.172422e+06
2.650000e+01	3.129035e+06
2.655000e+01	3.139231e+06
2.660000e+01	3.155192e+06
2.665000e+01	3.171121e+06
2.670000e+01	3.175311e+06
2.675400e+01	3.174147e+06
2.680100e+01	3.172473e+06
2.685100e+01	3.163432e+06
2.690100e+01	3.164580e+06
2.695000e+01	3.175111e+06
2.700100e+01	3.180793e+06
2.705100e+01	3.189384e+06
2.710100e+01	3.176881e+06
2.715200e+01	3.184770e+06
2.720200e+01	3.172341e+06
2.725100e+01	3.193065e+06
2.730200e+01	3.191109e+06
2.735200e+01	3.193506e+06
2.740200e+01	3.181125e+06
2.745200e+01	3.147002e+06
2.750200e+01	3.115594e+06
2.755400e+01	3.141715e+06
2.760300e+01	3.159169e+06
2.765300e+01	3.171524e+06
2.770200e+01	3.175075e+06
2.775200e+01	3.159476e+06
2.781000e+01	3.169905e+06
2.785500e+01	3.177086e+06
2.790300e+01	3.190444e+06
2.795300e+01	3.175416e+06
2.800500e+01	3.185933e+06
2.805300e+01	3.155662e+06
2.810300e+01	3.176580e+06
2.815400e+01	3.177482e+06
2.820300e+01	3.182087e+06
2.826000e+01	3.177488e+06
2.830300e+01	3.180457e+06
2.835400e+01	3.181600e+06
2.840300e+01	3.179422e+06
2.845400e+01	3.168033e+06
2.850400e+01	3.105292e+06
2.855400e+01	3.141752e+06
2.860400e+01	3.150631e+06
2.865400e+01	3.156674e+06
2.870400e+01	3.164319e+06
2.875400e+01	3.174744e+06
2.880500e+01	3.169494e+06
2.885500e+01	3.169868e+06
2.890500e+01	3.160008e+06
2.895500e+01	3.179993e+06
2.900500e+01	3.168588e+06
2.905500e+01	3.179781e+06
2.910500e+01	3.178344e+06
2.915500e+01	3.177772e+06
2.920500e+01	3.173988e+06
2.925500e+01	3.166870e+06
2.930600e+01	3.165644e+06
2.935600e+01	3.181027e+06
2.940500e+01	3.186840e+06
2.945500e+01	3.160776e+06
2.950500e+01	3.111194e+06
2.955600e+01	3.134749e+06
2.960600e+01	3.159062e+06
2.965600e+01	3.160705e+06
2.970600e+01	3.172209e+06
2.975600e+01	3.151382e+06
2.980600e+01	3.173502e+06
2.985600e+01	3.151188e+06
2.990700e+01	3.178411e+06
2.995600e+01	3.169892e+06
3.000600e+01	3.168115e+06
3.005700e+01	3.168732e+06
3.010700e+01	3.175245e+06
3.015700e+01	3.173980e+06
3.021000e+01	3.180460e+06
3.026000e+01	3.172686e+06
3.030700e+01	3.180248e+06
3.035700e+01	3.176417e+06
3.040700e+01	3.164681e+06
3.045700e+01	3.144838e+06
3.050700e+01	3.099103e+06
3.055700e+01	3.144219e+06
3.061000e+01	3.142827e+06
3.065800e+01	3.163739e+06
3.070800e+01	3.156571e+06
3.075800e+01	3.176667e+06
3.080900e+01	3.160641e+06
3.085800e+01	3.176386e+06
3.090800e+01	3.173374e+06
3.095800e+01	3.169897e+06
3.100800e+01	3.157208e+06
3.105800e+01	3.158560e+06
3.110900e+01	3.169428e+06
3.115900e+01	3.178169e+06
3.120900e+01	3.166102e+06
3.125800e+01	3.167935e+06
3.130900e+01	3.163466e+06
3.136000e+01	3.170570e+06
3.140900e+01	3.182602e+06
3.146000e+01	3.152561e+06
3.150900e+01	3.116853e+06
3.156000e+01	3.128419e+06
3.161000e+01	3.148383e+06
3.166000e+01	3.136153e+06
3.171000e+01	3.153329e+06
3.176000e+01	3.158445e+06
3.181000e+01	3.155429e+06
3.186000e+01	3.165142e+06
3.191000e+01	3.159650e+06
3.196000e+01	3.165222e+06
3.201000e+01	3.168222e+06
3.206000e+01	3.173075e+06
3.211100e+01	3.170886e+06
3.216100e+01	3.172935e+06
3.221100e+01	3.160052e+06
3.226100e+01	3.166568e+06
3.231000e+01	3.169385e+06
3.236100e+01	3.182690e+06
3.241100e+01	3.164973e+06
3.246100e+01	3.141160e+06
3.251100e+01	3.098344e+06
3.256200e+01	3.138795e+06
3.261200e+01	3.150197e+06
3.266200e+01	3.158780e+06
3.271200e+01	3.150313e+06
3.276200e+01	3.156836e+06
3.281200e+01	3.150145e+06
3.286100e+01	3.160928e+06
3.291200e+01	3.167934e+06
3.296200e+01	3.163218e+06
3.301200e+01	3.164067e+06
3.306200e+01	3.154173e+06
3.311300e+01	3.172302e+06
3.316200e+01	3.167261e+06
3.321300e+01	3.171041e+06
3.326200e+01	3.165242e+06
3.331300e+01	3.176644e+06
3.336200e+01	3.167659e+06
3.341200e+01	3.166206e+06
3.346300e+01	3.129542e+06
3.351300e+01	3.120778e+06
3.356500e+01	3.145151e+06
3.361300e+01	3.149852e+06
3.366300e+01	3.143939e+06
3.371400e+01	3.184375e+06
3.376400e+01	3.166261e+06
3.381400e+01	3.166836e+06
3.386400e+01	3.171323e+06
3.391300e+01	3.165724e+06
3.396400e+01	3.168033e+06
3.401400e+01	3.152966e+06
3.406500e+01	3.165634e+06
3.411400e+01	3.161269e+06
3.416400e+01	3.182929e+06
3.421500e+01	3.158541e+06
3.426500e+01	3.167399e+06
3.431500e+01	3.172976e+06
3.437000e+01	3.176318e+06
3.441500e+01	3.173033e+06
3.446700e+01	3.146248e+06
3.451500e+01	3.113943e+06
3.456500e+01	3.140098e+06
3.461500e+01	3.144567e+06
3.466500e+01	3.146295e+06
3.471500e+01	3.163897e+06
3.476600e+01	3.162050e+06
3.481600e+01	3.161461e+06
3.486500e+01	3.153324e+06
3.491600e+01	3.176116e+06
3.496600e+01	3.170522e+06
3.501700e+01	3.182599e+06
3.506600e+01	3.169646e+06
3.511600e+01	3.174421e+06
3.516600e+01	3.169062e+06
3.521600e+01	3.168637e+06
3.526700e+01	3.155647e+06
3.531600e+01	3.177766e+06
3.536800e+01	3.169829e+06
3.541700e+01	3.171372e+06
3.546700e+01	3.135999e+06
3.551700e+01	3.122905e+06
3.556700e+01	3.150090e+06
3.561700e+01	3.150850e+06
3.566700e+01	3.160121e+06
3.571800e+01	3.153914e+06
3.576800e+01	3.172094e+06
3.581700e+01	3.167666e+06
3.586800e+01	3.160904e+06
3.591800e+01	3.165114e+06
3.596800e+01	3.171022e+06
3.601800e+01	3.168660e+06
3.606700e+01	3.173213e+06
3.611700e+01	3.168951e+06
3.616900e+01	3.185152e+06
3.623000e+01	3.175137e+06
3.626800e+01	3.178562e+06
3.631800e+01	3.171049e+06
3.636900e+01	3.178548e+06
3.641900e+01	3.164066e+06
3.647000e+01	3.137349e+06
3.651800e+01	3.116353e+06
3.657000e+01	3.137377e+06
3.662000e+01	3.144424e+06
3.667000e+01	3.152446e+06
3.672000e+01	3.171389e+06
3.677000e+01	3.177485e+06
3.681900e+01	3.172855e+06
3.686900e+01	3.160313e+06
3.691900e+01	3.172147e+06
3.697000e+01	3.178286e+06
3.702000e+01	3.184463e+06
3.706900e+01	3.169174e+06
3.712000e+01	3.174547e+06
3.717000e+01	3.174000e+06
3.722000e+01	3.175305e+06
3.727000e+01	3.177393e+06
3.732000e+01	3.182475e+06
3.737700e+01	3.195145e+06
3.742700e+01	3.171833e+06
3.747100e+01	3.144110e+06
3.752100e+01	3.109109e+06
3.757100e+01	3.155374e+06
3.762100e+01	3.151163e+06
3.767200e+01	3.156847e+06
3.772100e+01	3.162419e+06
3.777000e+01	3.176295e+06
3.782200e+01	3.166891e+06
3.787100e+01	3.176331e+06
3.792200e+01	3.180099e+06
3.797100e+01	3.188644e+06
3.802100e+01	3.175155e+06
3.807200e+01	3.172484e+06
3.812200e+01	3.168855e+06
3.817200e+01	3.183994e+06
3.822200e+01	3.187081e+06
3.827200e+01	3.169876e+06
3.832200e+01	3.184265e+06
3.837200e+01	3.179518e+06
3.842200e+01	3.183743e+06
3.847300e+01	3.139082e+06
3.852200e+01	3.137276e+06
3.857400e+01	3.157145e+06
3.862300e+01	3.165877e+06
3.867300e+01	3.157051e+06
3.872200e+01	3.169787e+06
3.877300e+01	3.177674e+06
3.882300e+01	3.181484e+06
3.887300e+01	3.160105e+06
3.892300e+01	3.180865e+06
3.897300e+01	3.174124e+06
3.902400e+01	3.178779e+06
3.907400e+01	3.187553e+06
3.912400e+01	3.180505e+06
3.917400e+01	3.191523e+06
3.922400e+01	3.183191e+06
3.927800e+01	3.180137e+06
3.932500e+01	3.186308e+06
3.937400e+01	3.188319e+06
3.942400e+01	3.185612e+06
3.947400e+01	3.133735e+06
3.952500e+01	3.121508e+06
3.957500e+01	3.148420e+06
3.962400e+01	3.156614e+06
3.967400e+01	3.177944e+06
3.972500e+01	3.176337e+06
3.977500e+01	3.188590e+06
3.982900e+01	3.172462e+06
3.987400e+01	3.169770e+06
3.992500e+01	3.189300e+06
3.997500e+01	3.190659e+06
4.002500e+01	3.184233e+06
4.007500e+01	3.169665e+06
4.012500e+01	3.178509e+06
4.017600e+01	3.190817e+06
4.022600e+01	3.194573e+06
4.027600e+01	3.187323e+06
4.032600e+01	3.187071e+06
4.037600e+01	3.188214e+06
4.042600e+01	3.195063e+06
4.047600e+01	3.136628e+06
4.052600e+01	3.141577e+06
4.057700e+01	3.167009e+06
4.062600e+01	3.171560e+06
4.067700e+01	3.160433e+06
4.072600e+01	3.176368e+06
4.077700e+01	3.186550e+06
4.082700e+01	3.182679e+06
4.087700e+01	3.184505e+06
4.092700e+01	3.185858e+06
4.097700e+01	3.187989e+06
4.102700e+01	3.180584e+06
4.107700e+01	3.188814e+06
4.112800e+01	3.182973e+06
4.117700e+01	3.202316e+06
4.122800e+01	3.178587e+06
4.127800e+01	3.177011e+06
4.132700e+01	3.180244e+06
4.139000e+01	3.193656e+06
4.142800e+01	3.190483e+06
4.147800e+01	3.146709e+06
4.152800e+01	3.141742e+06
4.157800e+01	3.159432e+06
4.162900e+01	3.172064e+06
4.167900e+01	3.174625e+06
4.172800e+01	3.187304e+06
4.177800e+01	3.188152e+06
4.182900e+01	3.176084e+06
4.187900e+01	3.174123e+06
4.192900e+01	3.193953e+06
4.197900e+01	3.196940e+06
4.202900e+01	3.203446e+06
4.208000e+01	3.182551e+06
4.213000e+01	3.192715e+06
4.217900e+01	3.186864e+06
4.223000e+01	3.191357e+06
4.228000e+01	3.173881e+06
4.232900e+01	3.192785e+06
4.237900e+01	3.197948e+06
4.243000e+01	3.178849e+06
4.248000e+01	3.117211e+06
4.253000e+01	3.128380e+06
4.258000e+01	3.158258e+06
4.263000e+01	3.176214e+06
4.268000e+01	3.184491e+06
4.273000e+01	3.179387e+06
4.278000e+01	3.173588e+06
4.283100e+01	3.175237e+06
4.288100e+01	3.180194e+06
4.293000e+01	3.186926e+06
4.298100e+01	3.205177e+06
4.303000e+01	3.172896e+06
4.308200e+01	3.186323e+06
4.313200e+01	3.178223e+06
4.318200e+01	3.192421e+06
4.323100e+01	3.193928e+06
4.328200e+01	3.193365e+06
4.333100e+01	3.192715e+06
4.338200e+01	3.196284e+06
4.343200e+01	3.192154e+06
4.348200e+01	3.133098e+06
4.353200e+01	3.146197e+06
4.358200e+01	3.171732e+06
4.363300e+01	3.161413e+06
4.368200e+01	3.163854e+06
4.373200e+01	3.177046e+06
4.378300e+01	3.201627e+06
4.383300e+01	3.204680e+06
4.388300e+01	3.188774e+06
4.393300e+01	3.195864e+06
4.398300e+01	3.181018e+06
4.403200e+01	3.191882e+06
4.408300e+01	3.190842e+06
4.413300e+01	3.202144e+06
4.418300e+01	3.199449e+06
4.423300e+01	3.187500e+06
4.428400e+01	3.177195e+06
4.433400e+01	3.188343e+06
4.438400e+01	3.198888e+06
4.443300e+01	3.199248e+06
4.448300e+01	3.131450e+06
4.453400e+01	3.137335e+06
4.458400e+01	3.171256e+06
4.463300e+01	3.171858e+06
4.468400e+01	3.193337e+06
4.473400e+01	3.185139e+06
4.478400e+01	3.203631e+06
4.483500e+01	3.178462e+06
4.488400e+01	3.172745e+06
4.493400e+01	3.187740e+06
4.498400e+01	3.202395e+06
4.503500e+01	3.198769e+06
4.508400e+01	3.186191e+06
4.513600e+01	3.194352e+06
4.518500e+01	3.200370e+06
4.523500e+01	3.197818e+06
4.528500e+01	3.196925e+06
4.533500e+01	3.194694e+06
4.538500e+01	3.200601e+06
4.543600e+01	3.198560e+06
4.548500e+01	3.118793e+06
4.553500e+01	3.149675e+06
4.558500e+01	3.166222e+06
4.563500e+01	3.184211e+06
4.568600e+01	3.177658e+06
4.573600e+01	3.181600e+06
4.578600e+01	3.173505e+06
4.583600e+01	3.197573e+06
4.588700e+01	3.196617e+06
4.593700e+01	3.203284e+06
4.598700e+01	3.197999e+06
4.603600e+01	3.177553e+06
4.608600e+01	3.183692e+06
4.613700e+01	3.198317e+06
4.618700e+01	3.199513e+06
4.623700e+01	3.198539e+06
4.628800e+01	3.191831e+06
4.633800e+01	3.187440e+06
4.638700e+01	3.209178e+06
4.643800e+01	3.196232e+06
4.648800e+01	3.132917e+06
4.653800e+01	3.150323e+06
4.658800e+01	3.180902e+06
4.663700e+01	3.164404e+06
4.668800e+01	3.175715e+06
4.673700e+01	3.184485e+06
4.678800e+01	3.196411e+06
4.683800e+01	3.199185e+06
4.688800e+01	3.193935e+06
4.693800e+01	3.193574e+06
4.698800e+01	3.192254e+06
4.703800e+01	3.200418e+06
4.708800e+01	3.199954e+06
4.713900e+01	3.209523e+06
4.718900e+01	3.190230e+06
4.723900e+01	3.191091e+06
4.728900e+01	3.177951e+06
4.733900e+01	3.203427e+06
4.738900e+01	3.198341e+06
4.743900e+01	3.208518e+06
4.748900e+01	3.111022e+06
4.754000e+01	3.139482e+06
4.759000e+01	3.170495e+06
4.763900e+01	3.185708e+06
4.768900e+01	3.183378e+06
4.774000e+01	3.194456e+06
4.779000e+01	3.181568e+06
4.784000e+01	3.180434e+06
4.789000e+01	3.189255e+06
4.794000e+01	3.197062e+06
4.799000e+01	3.200173e+06
4.804000e+01	3.190924e+06
4.809000e+01	3.191830e+06
4.814100e+01	3.188939e+06
4.819100e+01	3.209752e+06
4.824100e+01	3.196132e+06
4.829100e+01	3.210222e+06
4.834100e+01	3.199801e+06
4.839100e+01	3.201725e+06
4.844100e+01	3.177871e+06
4.849100e+01	3.110140e+06
4.854200e+01	3.151714e+06
4.859100e+01	3.177252e+06
4.864200e+01	3.176813e+06
4.869200e+01	3.177387e+06
4.874100e+01	3.169195e+06
4.879100e+01	3.196896e+06
4.884200e+01	3.193575e+06
4.889400e+01	3.198850e+06
4.894200e+01	3.188901e+06
4.899200e+01	3.188602e+06
4.904200e+01	3.187856e+06
4.909200e+01	3.184107e+06
4.914300e+01	3.206507e+06
4.919300e+01	3.193997e+06
4.924300e+01	3.199240e+06
4.929300e+01	3.192178e+06
4.934200e+01	3.193705e+06
4.939200e+01	3.199955e+06
4.944300e+01	3.201432e+06
4.949300e+01	3.117463e+06
4.954300e+01	3.158421e+06
4.959400e+01	3.166996e+06
4.964300e+01	3.159413e+06
4.969400e+01	3.172297e+06
4.974300e+01	3.188561e+06
4.979400e+01	3.200743e+06
4.984300e+01	3.187820e+06
4.989400e+01	3.188928e+06
4.994400e+01	3.181802e+06
4.999400e+01	3.210924e+06
5.004600e+01	3.199290e+06
5.009400e+01	3.198034e+06
5.014500e+01	3.183737e+06
5.019400e+01	3.193488e+06
5.024500e+01	3.184624e+06
5.029500e+01	3.198497e+06
5.034800e+01	3.188507e+06
5.039500e+01	3.200223e+06
5.044500e+01	3.192811e+06
5.049600e+01	3.125898e+06
5.054500e+01	3.142909e+06
5.059500e+01	3.171728e+06
5.064500e+01	3.188949e+06
5.069500e+01	3.177405e+06
5.074500e+01	3.186785e+06
5.079500e+01	3.165065e+06
5.084500e+01	3.175925e+06
5.089600e+01	3.170207e+06
5.094600e+01	3.198321e+06
5.099600e+01	3.191281e+06
5.104600e+01	3.189688e+06
5.109600e+01	3.182954e+06
5.114600e+01	3.185974e+06
5.119600e+01	3.196565e+06
5.124600e+01	3.205774e+06
5.129600e+01	3.193710e+06
5.134600e+01	3.194581e+06
5.139700e+01	3.186963e+06
5.144600e+01	3.187968e+06
5.149700e+01	3.119899e+06
5.156000e+01	3.140786e+06
5.159700e+01	3.177477e+06
5.164700e+01	3.165059e+06
5.169700e+01	3.170809e+06
5.174800e+01	3.179302e+06
5.179700e+01	3.196403e+06
5.184700e+01	3.202542e+06
5.189700e+01	3.197145e+06
5.194900e+01	3.177837e+06
5.199900e+01	3.182973e+06
5.204800e+01	3.180018e+06
5.209800e+01	3.195097e+06
5.214800e+01	3.195281e+06
5.219900e+01	3.185553e+06
5.224900e+01	3.195298e+06
5.229900e+01	3.191225e+06
5.234900e+01	3.198937e+06
5.239800e+01	3.192529e+06
5.245000e+01	3.197963e+06
5.249900e+01	3.117750e+06
5.254900e+01	3.145764e+06
5.259800e+01	3.150306e+06
5.264900e+01	3.164167e+06
5.269900e+01	3.174374e+06
5.275300e+01	3.191605e+06
5.279900e+01	3.183778e+06
5.284900e+01	3.189569e+06
5.289900e+01	3.174028e+06
5.294900e+01	3.199187e+06
5.300000e+01	3.199083e+06
5.305000e+01	3.206451e+06
5.310000e+01	3.183355e+06
5.315000e+01	3.186728e+06
5.320000e+01	3.181584e+06
5.325100e+01	3.184896e+06
5.330100e+01	3.198698e+06
5.335000e+01	3.183501e+06
5.340000e+01	3.198700e+06
5.345100e+01	3.175526e+06
5.350100e+01	3.125946e+06
5.355100e+01	3.150064e+06
5.360000e+01	3.168996e+06
5.365000e+01	3.177108e+06
5.370100e+01	3.177570e+06
5.375100e+01	3.175274e+06
5.380100e+01	3.190238e+06
5.386200e+01	3.185438e+06
5.390200e+01	3.197971e+06
5.395100e+01	3.183177e+06
5.400200e+01	3.191681e+06
5.405100e+01	3.193598e+06
5.410200e+01	3.189604e+06
5.415200e+01	3.200863e+06
5.420200e+01	3.200573e+06
5.425200e+01	3.204428e+06
5.430200e+01	3.192827e+06
5.435400e+01	3.195254e+06
5.440200e+01	3.186555e+06
5.445200e+01	3.171593e+06
5.450300e+01	3.128951e+06
5.455300e+01	3.147688e+06
5.460200e+01	3.160108e+06
5.465400e+01	3.180279e+06
5.470300e+01	3.181910e+06
5.475300e+01	3.191964e+06
5.480300e+01	3.184637e+06
5.485300e+01	3.191181e+06
5.490400e+01	3.191490e+06
5.495600e+01	3.193698e+06
5.500300e+01	3.199704e+06
5.505400e+01	3.186665e+06
5.510300e+01	3.205667e+06
5.515400e+01	3.189663e+06
5.520400e+01	3.198677e+06
5.525300e+01	3.189585e+06
5.530400e+01	3.198852e+06
5.535400e+01	3.204270e+06
5.540400e+01	3.209352e+06
5.545400e+01	3.174639e+06
5.550400e+01	3.137345e+06
5.555400e+01	3.149558e+06
5.560500e+01	3.171622e+06
5.565500e+01	3.169513e+06
5.570500e+01	3.192289e+06
5.575500e+01	3.183467e+06
5.580500e+01	3.189962e+06
5.585500e+01	3.204517e+06
5.590500e+01	3.193045e+06
5.595500e+01	3.198141e+06
5.600500e+01	3.199504e+06
5.605600e+01	3.207217e+06
5.610600e+01	3.200605e+06
5.615600e+01	3.201041e+06
5.620600e+01	3.194380e+06
5.625600e+01	3.211414e+06
5.630600e+01	3.201053e+06
5.635600e+01	3.204281e+06
5.640600e+01	3.195493e+06
5.645600e+01	3.176324e+06
5.650600e+01	3.145723e+06
5.655600e+01	3.170771e+06
5.660600e+01	3.180363e+06
5.665600e+01	3.178914e+06
5.670600e+01	3.191907e+06
5.675600e+01	3.188857e+06
5.680700e+01	3.195436e+06
5.685700e+01	3.189615e+06
5.690700e+01	3.191857e+06
5.696000e+01	3.194584e+06
5.700900e+01	3.201797e+06
5.705800e+01	3.197943e+06
5.710700e+01	3.206337e+06
5.716300e+01	3.193768e+06
5.720800e+01	3.203698e+06
5.725800e+01	3.202034e+06
5.730700e+01	3.207324e+06
5.735800e+01	3.199930e+06
5.740800e+01	3.204464e+06
5.745800e+01	3.183185e+06
5.750800e+01	3.142388e+06
5.755800e+01	3.159902e+06
5.760800e+01	3.170361e+06
5.765900e+01	3.190975e+06
5.770800e+01	3.184379e+06
5.775800e+01	3.200854e+06
5.780800e+01	3.195563e+06
5.785800e+01	3.191099e+06
5.790800e+01	3.195617e+06
5.795800e+01	3.204507e+06
5.800900e+01	3.190791e+06
5.805900e+01	3.201184e+06
5.810900e+01	3.189856e+06
5.816000e+01	3.200426e+06
5.821000e+01	3.191399e+06
5.825900e+01	3.216464e+06
5.831000e+01	3.203386e+06
5.836000e+01	3.196884e+06
5.841000e+01	3.206052e+06
5.845900e+01	3.180326e+06
5.851000e+01	3.139477e+06
5.856000e+01	3.153019e+06
5.861300e+01	3.171178e+06
5.866000e+01	3.180680e+06
5.871100e+01	3.186045e+06
5.876100e+01	3.186812e+06
5.881000e+01	3.190980e+06
5.886000e+01	3.196671e+06
5.891000e+01	3.207736e+06
5.896100e+01	3.195376e+06
5.901100e+01	3.203256e+06
5.906100e+01	3.183961e+06
5.911100e+01	3.209474e+06
5.916200e+01	3.203536e+06
5.921200e+01	3.197911e+06
5.926100e+01	3.193843e+06
5.931100e+01	3.198569e+06
5.936500e+01	3.200616e+06
5.941300e+01	3.204097e+06
5.946200e+01	3.189748e+06
5.951200e+01	3.143138e+06
5.956200e+01	3.167835e+06
5.961200e+01	3.171051e+06
5.966200e+01	3.185684e+06
5.971200e+01	3.183541e+06
5.976200e+01	3.196737e+06
5.981200e+01	3.185628e+06
5.986200e+01	3.203653e+06
5.991200e+01	3.189604e+06
5.996200e+01	3.193260e+06
6.001300e+01	3.199733e+06
6.006300e+01	3.210954e+06
6.011300e+01	3.210685e+06
6.016500e+01	3.202587e+06
6.021300e+01	3.203470e+06
6.026300e+01	3.200670e+06
6.031300e+01	3.204357e+06
6.036500e+01	3.201031e+06
6.041400e+01	3.193446e+06
6.046300e+01	3.182118e+06
6.051300e+01	3.139406e+06
6.056400e+01	3.159687e+06
6.061400e+01	3.186550e+06
6.066400e+01	3.188860e+06
6.071400e+01	3.203855e+06
6.076400e+01	3.182653e+06
6.081400e+01	3.199718e+06
6.086600e+01	3.202695e+06
6.091400e+01	3.198843e+06
6.096500e+01	3.202947e+06
6.101500e+01	3.198868e+06
6.106500e+01	3.205451e+06
6.111400e+01	3.197085e+06
6.116500e+01	3.205432e+06
6.121500e+01	3.209609e+06
6.126500e+01	3.216073e+06
6.131500e+01	3.212264e+06
6.136500e+01	3.204524e+06
6.141500e+01	3.197264e+06
6.146600e+01	3.189267e+06
6.151600e+01	3.146949e+06
6.156600e+01	3.173051e+06
6.161600e+01	3.165031e+06
6.166600e+01	3.166595e+06
6.171500e+01	3.184633e+06
6.176500e+01	3.192832e+06
6.181600e+01	3.203207e+06
6.186600e+01	3.209082e+06
6.191600e+01	3.199322e+06
6.196700e+01	3.195862e+06
6.201700e+01	3.207400e+06
6.206700e+01	3.202091e+06
6.211600e+01	3.216461e+06
6.216700e+01	3.206970e+06
6.221700e+01	3.208773e+06
6.226700e+01	3.193200e+06
6.231700e+01	3.209263e+06
6.236800e+01	3.192672e+06
6.241700e+01	3.218849e+06
6.246700e+01	3.190024e+06
6.251700e+01	3.161795e+06
6.256700e+01	3.168668e+06
6.261700e+01	3.173549e+06
6.266800e+01	3.186412e+06
6.271800e+01	3.200766e+06
6.276700e+01	3.204740e+06
6.281700e+01	3.176497e+06
6.286800e+01	3.191156e+06
6.291800e+01	3.188602e+06
6.296900e+01	3.203833e+06
6.301800e+01	3.207490e+06
6.306900e+01	3.212605e+06
6.311800e+01	3.206150e+06
6.316900e+01	3.205692e+06
6.321900e+01	3.193601e+06
6.326900e+01	3.216752e+06
6.331900e+01	3.204930e+06
6.336900e+01	3.207156e+06
6.341900e+01	3.197594e+06
6.347000e+01	3.171467e+06
6.351900e+01	3.146736e+06
6.356900e+01	3.168659e+06
6.362000e+01	3.183061e+06
6.366900e+01	3.191915e+06
6.372000e+01	3.197394e+06
6.377000e+01	3.216300e+06
6.382000e+01	3.191307e+06
6.386900e+01	3.204510e+06
6.392000e+01	3.216743e+06
6.397000e+01	3.207081e+06
6.402000e+01	3.195579e+06
6.407100e+01	3.178026e+06
6.412100e+01	3.205942e+06
6.417100e+01	3.200199e+06
6.422200e+01	3.218960e+06
6.427100e+01	3.214768e+06
6.432200e+01	3.207414e+06
6.437400e+01	3.208297e+06
6.442100e+01	3.209064e+06
6.447100e+01	3.186305e+06
6.452200e+01	3.153684e+06
6.457200e+01	3.168010e+06
6.462100e+01	3.173210e+06
6.467100e+01	3.173776e+06
6.472200e+01	3.191995e+06
6.477100e+01	3.201403e+06
6.482100e+01	3.203452e+06
6.487200e+01	3.215544e+06
6.492200e+01	3.195540e+06
6.497200e+01	3.207008e+06
6.502200e+01	3.187775e+06
6.507200e+01	3.211583e+06
6.512200e+01	3.210986e+06
6.517200e+01	3.210664e+06
6.522300e+01	3.184145e+06
6.527300e+01	3.185579e+06
6.532200e+01	3.209101e+06
6.537500e+01	3.209180e+06
6.542300e+01	3.207323e+06
6.547300e+01	3.205420e+06
6.552200e+01	3.147743e+06
6.557300e+01	3.170059e+06
6.562400e+01	3.182633e+06
6.567400e+01	3.181559e+06
6.572300e+01	3.209355e+06
6.577300e+01	3.192556e+06
6.582400e+01	3.190194e+06
6.588100e+01	3.184967e+06
6.592500e+01	3.200921e+06
6.597400e+01	3.200314e+06
6.602400e+01	3.215339e+06
6.607400e+01	3.202400e+06
6.612400e+01	3.200739e+06
6.617500e+01	3.197198e+06
6.622500e+01	3.210858e+06
6.627400e+01	3.208011e+06
6.632400e+01	3.212038e+06
6.637400e+01	3.201607e+06
6.642500e+01	3.188078e+06
6.647500e+01	3.162795e+06
6.652500e+01	3.135916e+06
6.657500e+01	3.163198e+06
6.662600e+01	3.168320e+06
6.667500e+01	3.188185e+06
6.672600e+01	3.178304e+06
6.677500e+01	3.195934e+06
6.682500e+01	3.185376e+06
6.687500e+01	3.207881e+06
6.692500e+01	3.206910e+06
6.697800e+01	3.201971e+06
6.702600e+01	3.176905e+06
6.707600e+01	3.200664e+06
6.712600e+01	3.204971e+06
6.717600e+01	3.205074e+06
6.722700e+01	3.205025e+06
6.727700e+01	3.203903e+06
6.732600e+01	3.202251e+06
6.737700e+01	3.202956e+06
6.742700e+01	3.209119e+06
6.747700e+01	3.178941e+06
6.752700e+01	3.152601e+06
6.757700e+01	3.156322e+06
6.762700e+01	3.166602e+06
6.767700e+01	3.168697e+06
6.772700e+01	3.199556e+06
6.777700e+01	3.196661e+06
6.782900e+01	3.188444e+06
6.788200e+01	3.190990e+06
6.792800e+01	3.199396e+06
6.797800e+01	3.193732e+06
6.802700e+01	3.202960e+06
6.807800e+01	3.195263e+06
6.812800e+01	3.202176e+06
6.817800e+01	3.199279e+06
6.822800e+01	3.188112e+06
6.827800e+01	3.204686e+06
6.832800e+01	3.195031e+06
6.837800e+01	3.212958e+06
6.842900e+01	3.196707e+06
6.847900e+01	3.172715e+06
6.853000e+01	3.126399e+06
6.857900e+01	3.172188e+06
6.862900e+01	3.177667e+06
6.868000e+01	3.193013e+06
6.872900e+01	3.185501e+06
6.877900e+01	3.171946e+06
6.882900e+01	3.169767e+06
6.887900e+01	3.188673e+06
6.892900e+01	3.196590e+06
6.897900e+01	3.193958e+06
6.902900e+01	3.182906e+06
6.907900e+01	3.188613e+06
6.913000e+01	3.198498e+06
6.918000e+01	3.187646e+06
6.923100e+01	3.195394e+06
6.928000e+01	3.186989e+06
6.933000e+01	3.197290e+06
6.938000e+01	3.192674e+06
6.943100e+01	3.183117e+06
6.948100e+01	3.150921e+06
6.953100e+01	3.148386e+06
6.958200e+01	3.160342e+06
6.963100e+01	3.163788e+06
6.968100e+01	3.164887e+06
6.973100e+01	3.174874e+06
6.978100e+01	3.181992e+06
6.983100e+01	3.191209e+06
6.988100e+01	3.176850e+06
6.993200e+01	3.180540e+06
6.998100e+01	3.178051e+06
7.003200e+01	3.161467e+06
7.008100e+01	3.190057e+06
7.013200e+01	3.190694e+06
7.018200e+01	3.195234e+06
7.023200e+01	3.185698e+06
7.028200e+01	3.182875e+06
7.033200e+01	3.190654e+06
7.038200e+01	3.199870e+06
7.043200e+01	3.190983e+06
7.048300e+01	3.146388e+06
7.053200e+01	3.126037e+06
7.058300e+01	3.148157e+06
7.063300e+01	3.145328e+06
7.068300e+01	3.176285e+06
7.073300e+01	3.175582e+06
7.078200e+01	3.185802e+06
7.083300e+01	3.184799e+06
7.088500e+01	3.171282e+06
7.093300e+01	3.184241e+06
7.098300e+01	3.180137e+06
7.103300e+01	3.189229e+06
7.108300e+01	3.183460e+06
7.113400e+01	3.180556e+06
7.118300e+01	3.168565e+06
7.123300e+01	3.178533e+06
7.128400e+01	3.187127e+06
7.133400e+01	3.201564e+06
7.139300e+01	3.183627e+06
7.143400e+01	3.185492e+06
7.148400e+01	3.121813e+06
7.153400e+01	3.135168e+06
7.158400e+01	3.156443e+06
7.163400e+01	3.156876e+06
7.168500e+01	3.172740e+06
7.173500e+01	3.152419e+06
7.178500e+01	3.177150e+06
7.183500e+01	3.161923e+06
7.188400e+01	3.186928e+06
7.193500e+01	3.182631e+06
7.198500e+01	3.187248e+06
7.203500e+01	3.174233e+06
7.208500e+01	3.182396e+06
7.213500e+01	3.189014e+06
7.218500e+01	3.191866e+06
7.223600e+01	3.185547e+06
7.228500e+01	3.204924e+06
7.233600e+01	3.175166e+06
7.238600e+01	3.187373e+06
7.243900e+01	3.164123e+06
7.248600e+01	3.133849e+06
7.253600e+01	3.134257e+06
7.258600e+01	3.143590e+06
7.263600e+01	3.153204e+06
7.268700e+01	3.160065e+06
7.273700e+01	3.173973e+06
7.278600e+01	3.179103e+06
7.283700e+01	3.175894e+06
7.288700e+01	3.168033e+06
7.293600e+01	3.174736e+06
7.298700e+01	3.176923e+06
7.303700e+01	3.175064e+06
7.308800e+01	3.181984e+06
7.313700e+01	3.185700e+06
7.318700e+01	3.181542e+06
7.323700e+01	3.185960e+06
7.328800e+01	3.180880e+06
7.333800e+01	3.190918e+06
7.338800e+01	3.196265e+06
7.343900e+01	3.181680e+06
7.348900e+01	3.142935e+06
7.353900e+01	3.125081e+06
7.358800e+01	3.144855e+06
7.363800e+01	3.155881e+06
7.368800e+01	3.157581e+06
7.373900e+01	3.167652e+06
7.378800e+01	3.174518e+06
7.383900e+01	3.170656e+06
7.388900e+01	3.182058e+06
7.393900e+01	3.184556e+06
7.398900e+01	3.191480e+06
7.403900e+01	3.178387e+06
7.408900e+01	3.179156e+06
7.413900e+01	3.176361e+06
7.419000e+01	3.182196e+06
7.424000e+01	3.177449e+06
7.429000e+01	3.184645e+06
7.433900e+01	3.182660e+06
7.438900e+01	3.170153e+06
7.443900e+01	3.183845e+06
7.449000e+01	3.162154e+06
7.454000e+01	3.144893e+06
7.459100e+01	3.159199e+06
7.464000e+01	3.156331e+06
7.469100e+01	3.151466e+06
7.474000e+01	3.171654e+06
7.479100e+01	3.160758e+06
7.484100e+01	3.165468e+06
7.489100e+01	3.167529e+06
7.494000e+01	3.177844e+06
7.499100e+01	3.181325e+06
7.504000e+01	3.177970e+06
7.509100e+01	3.177216e+06
7.514100e+01	3.191134e+06
7.519100e+01	3.185590e+06
7.524100e+01	3.181454e+06
7.529200e+01	3.184472e+06
7.534200e+01	3.171853e+06
7.539200e+01	3.184499e+06
7.544200e+01	3.179538e+06
7.549100e+01	3.135438e+06
7.554100e+01	3.118859e+06
7.559200e+01	3.146650e+06
7.564200e+01	3.154086e+06
7.569200e+01	3.176867e+06
7.574200e+01	3.175307e+06
7.579300e+01	3.172512e+06
7.584200e+01	3.168240e+06
7.589200e+01	3.177789e+06
7.594200e+01	3.180140e+06
7.599200e+01	3.172918e+06
7.604200e+01	3.168789e+06
7.609300e+01	3.175566e+06
7.614300e+01	3.184019e+06
7.619400e+01	3.170947e+06
7.624400e+01	3.182210e+06
7.629300e+01	3.183486e+06
7.634300e+01	3.197774e+06
7.639500e+01	3.181541e+06
7.644300e+01	3.192580e+06
7.649400e+01	3.109637e+06
7.654400e+01	3.140486e+06
7.659400e+01	3.149788e+06
7.664400e+01	3.160277e+06
7.669400e+01	3.159402e+06
7.674400e+01	3.166243e+06
7.679400e+01	3.169109e+06
7.684400e+01	3.165664e+06
7.689400e+01	3.180016e+06
7.695300e+01	3.175193e+06
7.699500e+01	3.180004e+06
7.704500e+01	3.168019e+06
7.709500e+01	3.164939e+06
7.714500e+01	3.185712e+06
7.719400e+01	3.178802e+06
7.724500e+01	3.164115e+06
7.730700e+01	3.180311e+06
7.734500e+01	3.161874e+06
7.739500e+01	3.187728e+06
7.744500e+01	3.183649e+06
7.749600e+01	3.126764e+06
7.754500e+01	3.129670e+06
7.759600e+01	3.145608e+06
7.764500e+01	3.153163e+06
7.769500e+01	3.160746e+06
7.774600e+01	3.174950e+06
7.779600e+01	3.167942e+06
7.784600e+01	3.170430e+06
7.789700e+01	3.175099e+06
7.794600e+01	3.169618e+06
7.799600e+01	3.175197e+06
7.804600e+01	3.186683e+06
7.809600e+01	3.175059e+06
7.814600e+01	3.185061e+06
7.819700e+01	3.173183e+06
7.824600e+01	3.186139e+06
7.829700e+01	3.171714e+06
7.834800e+01	3.186224e+06
7.839800e+01	3.171517e+06
7.844700e+01	3.176851e+06
7.849800e+01	3.108668e+06
7.854700e+01	3.124280e+06
7.859900e+01	3.144575e+06
7.864800e+01	3.153758e+06
7.870300e+01	3.161219e+06
7.874700e+01	3.162506e+06
7.879800e+01	3.158129e+06
7.884800e+01	3.163988e+06
7.889800e+01	3.175437e+06
7.894800e+01	3.174328e+06
7.899800e+01	3.175578e+06
7.904800e+01	3.159614e+06
7.909800e+01	3.180989e+06
7.915000e+01	3.169966e+06
7.919800e+01	3.189025e+06
7.924800e+01	3.176527e+06
7.929900e+01	3.177666e+06
7.934900e+01	3.176714e+06
7.939900e+01	3.172375e+06
7.944900e+01	3.179831e+06
7.949900e+01	3.112953e+06
7.954900e+01	3.128620e+06
7.959900e+01	3.137817e+06
7.965000e+01	3.144174e+06
7.969900e+01	3.150756e+06
7.975000e+01	3.162402e+06
7.979900e+01	3.168158e+06
7.985000e+01	3.176846e+06
7.990000e+01	3.168390e+06
7.995000e+01	3.183561e+06
8.000000e+01	3.154370e+06
8.005100e+01	3.178915e+06
8.010000e+01	3.164974e+06
8.015000e+01	3.179377e+06
8.020000e+01	3.174951e+06
8.025000e+01	3.165725e+06
8.030000e+01	3.174385e+06
8.035100e+01	3.171291e+06
8.040100e+01	3.178742e+06
8.045100e+01	3.179596e+06
8.050100e+01	3.115642e+06
8.055100e+01	3.125609e+06
8.060100e+01	3.145227e+06
8.065100e+01	3.150025e+06
8.070400e+01	3.166921e+06
8.075100e+01	3.158055e+06
8.080100e+01	3.167118e+06
8.085200e+01	3.141905e+06
8.090200e+01	3.171724e+06
8.095200e+01	3.159862e+06
8.100100e+01	3.176985e+06
8.105200e+01	3.176953e+06
8.110200e+01	3.179932e+06
8.115200e+01	3.170474e+06
8.120200e+01	3.167107e+06
8.125200e+01	3.171458e+06
8.130300e+01	3.168035e+06
8.135300e+01	3.174393e+06
8.140300e+01	3.163821e+06
8.145300e+01	3.166999e+06
8.150300e+01	3.100478e+06
8.155300e+01	3.121627e+06
8.160400e+01	3.136727e+06
8.165400e+01	3.161923e+06
8.170300e+01	3.153007e+06
8.175300e+01	3.164260e+06
8.180300e+01	3.156669e+06
8.185300e+01	3.172361e+06
8.190400e+01	3.168277e+06
8.195400e+01	3.173693e+06
8.200400e+01	3.151472e+06
8.205700e+01	3.150752e+06
8.210400e+01	3.158856e+06
8.215400e+01	3.176578e+06
8.220400e+01	3.178656e+06
8.225500e+01	3.177796e+06
8.230400e+01	3.176074e+06
8.235400e+01	3.173348e+06
8.240400e+01	3.174803e+06
8.245500e+01	3.152463e+06
8.250500e+01	3.112305e+06
8.255500e+01	3.119213e+06
8.260500e+01	3.135624e+06
8.265500e+01	3.145316e+06
8.270500e+01	3.151811e+06
8.275500e+01	3.150513e+06
8.280600e+01	3.170468e+06
8.285500e+01	3.169045e+06
8.290500e+01	3.171245e+06
8.295500e+01	3.159366e+06
8.300500e+01	3.166236e+06
8.305500e+01	3.169654e+06
8.310600e+01	3.173277e+06
8.315600e+01	3.161511e+06
8.320600e+01	3.155110e+06
8.325600e+01	3.162940e+06
8.330600e+01	3.169441e+06
8.335700e+01	3.174978e+06
8.340600e+01	3.168655e+06
8.345700e+01	3.146687e+06
8.350600e+01	3.111406e+06
8.356000e+01	3.119847e+06
8.360700e+01	3.132539e+06
8.365800e+01	3.152999e+06
8.370700e+01	3.154369e+06
8.375700e+01	3.157352e+06
8.380800e+01	3.142399e+06
8.385700e+01	3.160314e+06
8.390700e+01	3.159145e+06
8.395800e+01	3.165826e+06
8.400800e+01	3.172435e+06
8.405700e+01	3.161162e+06
8.410800e+01	3.166451e+06
8.415800e+01	3.160737e+06
8.420700e+01	3.167154e+06
8.425800e+01	3.169513e+06
8.430800e+01	3.168810e+06
8.435800e+01	3.156826e+06
8.440900e+01	3.162117e+06
8.445900e+01	3.119818e+06
8.450900e+01	3.107017e+06
8.455900e+01	3.120749e+06
8.460900e+01	3.141402e+06
8.465800e+01	3.146751e+06
8.470900e+01	3.143288e+06
8.476000e+01	3.140307e+06
8.481000e+01	3.155860e+06
8.485900e+01	3.164717e+06
8.490900e+01	3.164606e+06
8.495900e+01	3.162521e+06
8.500900e+01	3.130543e+06
8.506000e+01	3.158886e+06
8.511000e+01	3.150782e+06
8.515900e+01	3.166873e+06
8.520900e+01	3.156650e+06
8.526000e+01	3.163248e+06
8.531000e+01	3.150782e+06
8.536100e+01	3.160619e+06
8.541100e+01	3.156180e+06
8.546000e+01	3.135590e+06
8.551000e+01	3.102873e+06
8.556000e+01	3.116621e+06
8.561100e+01	3.106991e+06
8.566100e+01	3.131468e+06
8.571100e+01	3.134492e+06
8.576100e+01	3.147845e+06
8.581100e+01	3.150327e+06
8.586100e+01	3.138377e+06
8.591100e+01	3.147886e+06
8.596100e+01	3.130821e+06
8.601100e+01	3.156255e+06
8.606200e+01	3.157547e+06
8.611100e+01	3.152001e+06
8.616200e+01	3.143521e+06
8.621200e+01	3.132745e+06
8.626100e+01	3.150642e+06
8.631200e+01	3.153347e+06
8.637100e+01	3.150279e+06
8.641400e+01	3.160762e+06
8.646400e+01	3.113762e+06
8.651300e+01	3.088137e+06
8.656200e+01	3.104212e+06
8.661200e+01	3.122552e+06
8.666200e+01	3.131613e+06
8.671200e+01	3.136945e+06
8.676300e+01	3.132310e+06
8.681300e+01	3.116981e+06
8.686300e+01	3.139502e+06
8.691300e+01	3.139862e+06
8.696300e+01	3.150015e+06
8.701300e+01	3.138977e+06
8.706300e+01	3.143029e+06
8.711400e+01	3.139542e+06
8.716400e+01	3.149503e+06
8.721600e+01	3.141627e+06
8.726300e+01	3.164142e+06
8.731400e+01	3.148530e+06
8.736400e+01	3.144957e+06
8.741400e+01	3.128722e+06
8.746400e+01	3.121223e+06
8.751500e+01	3.087935e+06
8.756400e+01	3.113352e+06
8.761400e+01	3.118372e+06
8.766400e+01	3.115918e+06
8.771500e+01	3.129548e+06
8.776600e+01	3.127258e+06
8.781400e+01	3.146201e+06
8.786400e+01	3.137786e+06
8.791500e+01	3.134989e+06
8.796400e+01	3.124602e+06
8.801500e+01	3.128725e+06
8.806500e+01	3.135834e+06
8.811500e+01	3.153865e+06
8.816500e+01	3.131654e+06
8.821500e+01	3.147268e+06
8.826600e+01	3.140992e+06
8.831600e+01	3.140707e+06
8.837000e+01	3.139346e+06
8.841600e+01	3.142952e+06
8.846600e+01	3.120300e+06
8.851600e+01	3.066886e+06
8.856600e+01	3.087641e+06
8.861700e+01	3.093064e+06
8.866800e+01	3.117529e+06
8.871600e+01	3.137299e+06
8.876600e+01	3.126186e+06
8.881700e+01	3.124003e+06
8.886700e+01	3.136247e+06
8.891700e+01	3.124810e+06
8.896700e+01	3.140608e+06
8.901700e+01	3.134964e+06
8.907300e+01	3.140404e+06
8.911700e+01	3.128268e+06
8.916800e+01	3.122806e+06
8.921800e+01	3.119498e+06
8.926800e+01	3.137188e+06
8.931700e+01	3.146642e+06
8.941200e+01	3.122235e+06
8.942000e+01	3.144346e+06
8.946900e+01	3.098058e+06
8.951800e+01	3.073588e+06
8.956800e+01	3.100461e+06
8.961800e+01	3.105211e+06
8.966800e+01	3.113351e+06
8.971800e+01	3.116104e+06
8.976800e+01	3.106274e+06
8.981900e+01	3.114889e+06
8.986900e+01	3.123699e+06
8.991900e+01	3.133844e+06
8.996900e+01	3.122040e+06
9.001900e+01	3.123948e+06
9.007400e+01	3.122681e+06
9.011800e+01	3.130412e+06
9.016900e+01	3.145955e+06
9.021900e+01	3.126022e+06
9.026900e+01	3.136079e+06
9.031900e+01	3.119767e+06
9.037100e+01	3.111110e+06
9.042000e+01	3.117404e+06
9.047000e+01	3.103719e+06
9.051900e+01	3.062988e+06
9.057000e+01	3.098612e+06
9.062000e+01	3.086531e+06
9.067000e+01	3.113243e+06
9.072000e+01	3.111398e+06
9.077000e+01	3.127364e+06
9.082000e+01	3.116829e+06
9.087000e+01	3.128387e+06
9.092100e+01	3.120926e+06
9.097100e+01	3.108298e+06
9.102100e+01	3.117044e+06
9.107100e+01	3.124868e+06
9.112100e+01	3.134917e+06
9.117100e+01	3.125570e+06
9.122400e+01	3.115638e+06
9.127100e+01	3.126313e+06
9.132200e+01	3.129825e+06
9.137300e+01	3.130434e+06
9.142200e+01	3.136330e+06
9.147200e+01	3.084306e+06
9.152200e+01	3.065417e+06
9.157100e+01	3.060466e+06
9.162200e+01	3.095817e+06
9.167100e+01	3.097626e+06
9.172200e+01	3.115810e+06
9.177200e+01	3.100671e+06
9.182300e+01	3.109322e+06
9.187300e+01	3.125769e+06
9.192200e+01	3.125800e+06
9.197300e+01	3.123272e+06
9.202400e+01	3.123393e+06
9.207300e+01	3.115980e+06
9.212200e+01	3.130290e+06
9.217900e+01	3.125914e+06
9.222400e+01	3.120922e+06
9.227300e+01	3.132820e+06
9.232400e+01	3.122479e+06
9.237300e+01	3.127832e+06
9.242300e+01	3.116130e+06
9.247300e+01	3.103400e+06
9.252300e+01	3.068739e+06
9.257400e+01	3.088308e+06
9.262400e+01	3.096982e+06
9.267400e+01	3.101659e+06
9.272800e+01	3.107989e+06
9.277400e+01	3.100093e+06
9.282400e+01	3.104044e+06
9.287500e+01	3.121563e+06
9.292500e+01	3.117042e+06
9.297500e+01	3.119251e+06
9.302500e+01	3.110095e+06
9.307500e+01	3.122610e+06
9.312500e+01	3.134201e+06
9.317500e+01	3.122523e+06
9.322400e+01	3.121788e+06
9.327500e+01	3.116777e+06
9.332500e+01	3.124320e+06
9.337500e+01	3.116910e+06
9.342500e+01	3.121914e+06
9.347500e+01	3.095806e+06
9.352500e+01	3.057483e+06
9.357600e+01	3.086549e+06
9.362600e+01	3.085822e+06
9.367700e+01	3.102065e+06
9.372600e+01	3.112615e+06
9.377600e+01	3.119352e+06
9.382600e+01	3.133301e+06
9.387600e+01	3.115186e+06
9.392700e+01	3.112312e+06
9.397600e+01	3.115044e+06
9.402700e+01	3.110014e+06
9.407600e+01	3.131551e+06
9.412700e+01	3.110263e+06
9.417700e+01	3.119163e+06
9.422700e+01	3.116055e+06
9.427700e+01	3.136093e+06
9.432700e+01	3.131097e+06
9.442000e+01	3.122280e+06
9.443000e+01	3.109068e+06
9.447700e+01	3.089057e+06
9.452700e+01	3.063766e+06
9.457700e+01	3.085009e+06
9.462700e+01	3.098685e+06
9.467700e+01	3.096019e+06
9.472700e+01	3.112573e+06
9.477800e+01	3.097437e+06
9.482700e+01	3.115718e+06
9.487800e+01	3.104205e+06
9.492800e+01	3.129974e+06
9.497800e+01	3.115604e+06
9.502800e+01	3.121451e+06
9.507800e+01	3.108403e+06
9.512800e+01	3.145514e+06
9.517800e+01	3.114779e+06
9.522800e+01	3.126178e+06
9.527800e+01	3.121977e+06
9.532800e+01	3.123485e+06
9.538000e+01	3.118953e+06
9.542900e+01	3.119544e+06
9.548000e+01	3.105936e+06
9.552900e+01	3.065284e+06
9.557900e+01	3.081770e+06
9.562900e+01	3.093236e+06
9.567900e+01	3.102993e+06
9.572900e+01	3.109276e+06
9.577900e+01	3.112612e+06
9.583000e+01	3.102744e+06
9.587900e+01	3.123427e+06
9.593000e+01	3.112672e+06
9.598000e+01	3.122439e+06
9.603500e+01	3.115139e+06
9.608100e+01	3.132400e+06
9.613100e+01	3.125794e+06
9.618100e+01	3.118937e+06
9.623100e+01	3.110795e+06
9.628100e+01	3.118407e+06
9.633100e+01	3.127335e+06
9.638100e+01	3.117142e+06
9.643100e+01	3.105421e+06
9.648000e+01	3.080363e+06
9.653100e+01	3.063086e+06
9.658100e+01	3.084124e+06
9.663300e+01	3.108169e+06
9.668300e+01	3.096412e+06
9.673200e+01	3.111104e+06
9.678100e+01	3.106824e+06
9.683200e+01	3.115929e+06
9.688200e+01	3.114718e+06
9.693200e+01	3.131188e+06
9.698200e+01	3.109248e+06
9.703200e+01	3.116998e+06
9.708200e+01	3.115343e+06
9.713200e+01	3.124960e+06
9.718300e+01	3.129251e+06
9.723200e+01	3.131547e+06
9.728300e+01	3.128849e+06
9.733300e+01	3.128114e+06
9.738300e+01	3.121783e+06
9.743300e+01	3.124473e+06
9.748300e+01	3.080764e+06
9.753300e+01	3.064129e+06
9.758300e+01	3.085849e+06
9.763300e+01	3.081480e+06
9.768300e+01	3.102575e+06
9.773300e+01	3.094968e+06
9.778300e+01	3.114559e+06
9.783400e+01	3.115330e+06
9.788300e+01	3.121510e+06
9.793300e+01	3.119136e+06
9.798400e+01	3.110294e+06
9.803400e+01	3.120506e+06
9.808400e+01	3.121164e+06
9.813400e+01	3.126744e+06
9.818400e+01	3.109132e+06
9.823400e+01	3.123501e+06
9.828400e+01	3.111781e+06
9.833500e+01	3.126597e+06
9.838800e+01	3.123690e+06
9.843500e+01	3.122459e+06
9.848500e+01	3.080578e+06
9.853400e+01	3.081890e+06
9.858400e+01	3.080305e+06
9.863500e+01	3.097986e+06
9.868500e+01	3.101748e+06
9.873500e+01	3.114565e+06
9.878500e+01	3.111291e+06
9.883600e+01	3.101095e+06
9.888600e+01	3.101952e+06
9.893600e+01	3.118885e+06
9.898600e+01	3.126080e+06
9.903600e+01	3.124547e+06
9.908600e+01	3.124490e+06
9.913600e+01	3.115861e+06
9.918600e+01	3.123329e+06
9.923600e+01	3.113524e+06
9.928600e+01	3.128869e+06
9.933600e+01	3.123749e+06
9.938800e+01	3.124876e+06
9.943600e+01	3.113549e+06
9.948600e+01	3.073447e+06
9.953700e+01	3.053329e+06
9.958600e+01	3.084840e+06
9.963700e+01	3.100495e+06
9.968700e+01	3.104371e+06
9.973700e+01	3.102815e+06
9.978700e+01	3.104819e+06
9.983700e+01	3.112792e+06
9.988700e+01	3.111585e+06
9.993800e+01	3.110594e+06
9.998700e+01	3.105740e+06
1.000370e+02	3.111942e+06
1.000870e+02	3.104902e+06
1.001370e+02	3.124463e+06
1.001880e+02	3.106917e+06
1.002380e+02	3.126222e+06
1.002880e+02	3.119910e+06
1.003380e+02	3.123391e+06
1.003890e+02	3.110980e+06
1.004380e+02	3.120135e+06
1.004900e+02	3.082964e+06
1.005390e+02	3.078953e+06
1.005890e+02	3.075079e+06
1.006390e+02	3.094945e+06
1.006890e+02	3.097238e+06
1.007390e+02	3.109222e+06
1.007890e+02	3.114416e+06
1.008390e+02	3.114381e+06
1.008900e+02	3.109517e+06
1.009390e+02	3.106038e+06
1.009890e+02	3.123200e+06
1.010400e+02	3.102135e+06
1.010890e+02	3.128272e+06
1.011400e+02	3.105418e+06
1.011910e+02	3.113969e+06
1.012440e+02	3.105177e+06
1.012900e+02	3.116818e+06
1.013400e+02	3.118361e+06
1.013900e+02	3.122343e+06
1.014400e+02	3.112697e+06
1.014900e+02	3.072519e+06
1.015410e+02	3.061995e+06
1.015900e+02	3.088086e+06
1.016400e+02	3.092666e+06
1.016910e+02	3.098973e+06
1.017410e+02	3.104612e+06
1.017910e+02	3.093658e+06
1.018410e+02	3.111830e+06
1.018940e+02	3.101533e+06
1.019410e+02	3.120868e+06
1.019920e+02	3.122529e+06
1.020420e+02	3.118692e+06
1.020910e+02	3.103713e+06
1.021420e+02	3.114503e+06
1.021910e+02	3.115179e+06
1.022420e+02	3.126083e+06
1.022920e+02	3.107953e+06
1.023420e+02	3.115056e+06
1.023930e+02	3.097789e+06
1.024420e+02	3.108164e+06
1.024930e+02	3.070705e+06
1.025420e+02	3.062943e+06
1.025920e+02	3.094064e+06
1.026420e+02	3.079519e+06
1.026920e+02	3.094993e+06
1.027420e+02	3.096920e+06
1.027930e+02	3.110240e+06
1.028420e+02	3.104088e+06
1.028930e+02	3.110487e+06
1.029440e+02	3.100359e+06
1.029930e+02	3.106475e+06
1.030430e+02	3.097416e+06
1.030940e+02	3.120660e+06
1.031430e+02	3.114341e+06
1.031930e+02	3.129403e+06
1.032430e+02	3.107639e+06
1.032930e+02	3.120594e+06
1.033440e+02	3.110229e+06
1.033940e+02	3.123695e+06
1.034430e+02	3.129647e+06
1.034940e+02	3.065865e+06
1.035440e+02	3.062261e+06
1.035940e+02	3.058201e+06
1.036440e+02	3.085464e+06
1.036940e+02	3.095448e+06
1.037440e+02	3.111386e+06
1.037950e+02	3.108248e+06
1.038440e+02	3.099477e+06
1.038970e+02	3.095901e+06
1.039450e+02	3.111698e+06
1.039950e+02	3.111946e+06
1.040450e+02	3.124653e+06
1.040960e+02	3.101769e+06
1.041450e+02	3.111147e+06
1.041950e+02	3.094750e+06
1.042450e+02	3.107181e+06
1.043020e+02	3.113827e+06
1.043450e+02	3.102110e+06
1.043950e+02	3.120283e+06
1.044450e+02	3.107638e+06
1.044970e+02	3.054353e+06
1.045460e+02	3.057100e+06
1.045980e+02	3.083725e+06
1.046460e+02	3.084861e+06
1.046970e+02	3.102144e+06
1.047470e+02	3.081062e+06
1.047970e+02	3.088237e+06
1.048460e+02	3.095872e+06
1.048970e+02	3.112811e+06
1.049460e+02	3.108576e+06
1.049970e+02	3.111133e+06
1.050480e+02	3.096186e+06
1.050970e+02	3.093950e+06
1.051480e+02	3.114743e+06
1.051980e+02	3.118354e+06
1.052470e+02	3.117944e+06
1.052970e+02	3.111943e+06
1.053470e+02	3.103074e+06
1.053980e+02	3.096751e+06
1.054480e+02	3.108791e+06
1.054980e+02	3.051504e+06
1.055470e+02	3.069167e+06
1.055980e+02	3.072031e+06
1.056480e+02	3.084201e+06
1.056980e+02	3.080720e+06
1.057480e+02	3.102547e+06
1.057990e+02	3.103503e+06
1.058490e+02	3.106133e+06
1.058990e+02	3.103652e+06
1.059490e+02	3.088383e+06
1.059990e+02	3.093217e+06
1.060490e+02	3.101454e+06
1.060990e+02	3.104583e+06
1.061490e+02	3.110067e+06
1.062000e+02	3.105231e+06
1.062490e+02	3.100974e+06
1.062990e+02	3.096753e+06
1.063490e+02	3.101881e+06
1.063990e+02	3.120050e+06
1.064490e+02	3.099745e+06
1.064990e+02	3.047688e+06
1.065490e+02	3.043010e+06
1.066000e+02	3.078242e+06
1.066500e+02	3.081749e+06
1.066990e+02	3.093213e+06
1.067500e+02	3.088390e+06
1.068000e+02	3.090787e+06
1.068510e+02	3.090011e+06
1.069010e+02	3.096085e+06
1.069500e+02	3.101737e+06
1.070020e+02	3.104555e+06
1.070510e+02	3.102458e+06
1.071010e+02	3.094623e+06
1.071510e+02	3.085386e+06
1.072010e+02	3.088109e+06
1.072510e+02	3.106058e+06
1.073010e+02	3.103254e+06
1.073510e+02	3.107924e+06
1.074020e+02	3.096078e+06
1.074520e+02	3.098065e+06
1.075010e+02	3.035525e+06
1.075520e+02	3.057069e+06
1.076010e+02	3.073440e+06
1.076520e+02	3.078992e+06
1.077010e+02	3.077654e+06
1.077520e+02	3.071712e+06
1.078020e+02	3.084717e+06
1.078520e+02	3.097178e+06
1.079020e+02	3.100403e+06
1.079530e+02	3.095419e+06
1.080020e+02	3.096537e+06
1.080520e+02	3.092987e+06
1.081030e+02	3.104346e+06
1.081530e+02	3.096411e+06
1.082030e+02	3.110938e+06
1.082530e+02	3.085139e+06
1.083030e+02	3.096549e+06
1.083560e+02	3.080748e+06
1.084030e+02	3.094970e+06
1.084530e+02	3.095953e+06
1.085030e+02	3.033705e+06
1.085540e+02	3.047578e+06
1.086040e+02	3.064581e+06
1.086540e+02	3.072996e+06
1.087040e+02	3.072400e+06
1.087540e+02	3.085921e+06
1.088040e+02	3.092337e+06
1.088540e+02	3.086164e+06
1.089040e+02	3.084588e+06
1.089540e+02	3.074112e+06
1.090040e+02	3.087986e+06
1.090550e+02	3.104677e+06
1.091040e+02	3.087299e+06
1.091540e+02	3.097253e+06
1.092050e+02	3.087779e+06
1.092550e+02	3.107023e+06
1.093050e+02	3.094446e+06
1.093550e+02	3.105303e+06
1.094050e+02	3.102380e+06
1.094560e+02	3.098900e+06
1.095050e+02	3.014906e+06
1.095560e+02	3.033401e+06
1.096060e+02	3.061009e+06
1.096560e+02	3.080657e+06
1.097060e+02	3.076339e+06
1.097560e+02	3.076617e+06
1.098050e+02	3.088782e+06
1.098560e+02	3.087614e+06
1.099050e+02	3.102657e+06
1.099560e+02	3.088992e+06
1.100090e+02	3.103487e+06
1.100560e+02	3.081663e+06
1.101070e+02	3.093322e+06
1.101560e+02	3.098793e+06
1.102060e+02	3.102521e+06
1.102560e+02	3.094307e+06
1.103060e+02	3.088339e+06
1.103570e+02	3.091766e+06
1.104070e+02	3.098956e+06
1.104570e+02	3.088674e+06
1.105070e+02	3.030749e+06
1.105570e+02	3.050125e+06
1.106070e+02	3.074317e+06
1.106570e+02	3.074397e+06
1.107080e+02	3.069886e+06
1.107580e+02	3.067583e+06
1.108070e+02	3.076233e+06
1.108580e+02	3.098292e+06
1.109080e+02	3.083647e+06
1.109580e+02	3.095480e+06
1.110080e+02	3.084212e+06
1.110580e+02	3.102384e+06
1.111080e+02	3.100139e+06
1.111610e+02	3.104722e+06
1.112090e+02	3.095775e+06
1.112580e+02	3.090027e+06
1.113080e+02	3.090717e+06
1.113630e+02	3.093669e+06
1.114090e+02	3.099693e+06
1.114590e+02	3.082144e+06
1.115090e+02	3.033127e+06
1.115590e+02	3.043156e+06
1.116090e+02	3.067636e+06
1.116590e+02	3.073114e+06
1.117100e+02	3.088389e+06
1.117600e+02	3.085762e+06
1.118090e+02	3.096986e+06
1.118600e+02	3.081973e+06
1.119090e+02	3.077040e+06
1.119600e+02	3.080460e+06
1.120110e+02	3.088334e+06
1.120610e+02	3.094321e+06
1.121110e+02	3.086863e+06
1.121610e+02	3.080533e+06
1.122100e+02	3.098004e+06
1.122610e+02	3.097732e+06
1.123110e+02	3.095949e+06
1.123690e+02	3.106361e+06
1.124100e+02	3.097128e+06
1.124600e+02	3.079055e+06
1.125110e+02	3.023588e+06
1.125610e+02	3.044348e+06
1.126110e+02	3.072611e+06
1.126610e+02	3.084691e+06
1.127110e+02	3.068775e+06
1.127650e+02	3.076884e+06
1.128120e+02	3.079161e+06
1.128610e+02	3.092363e+06
1.129120e+02	3.098266e+06
1.129620e+02	3.095570e+06
1.130130e+02	3.084375e+06
1.130620e+02	3.089678e+06
1.131120e+02	3.089357e+06
1.131630e+02	3.080514e+06
1.132130e+02	3.097707e+06
1.132630e+02	3.093602e+06
1.133120e+02	3.097743e+06
1.133630e+02	3.085672e+06
1.134140e+02	3.098707e+06
1.134630e+02	3.072979e+06
1.135130e+02	3.038868e+06
1.135630e+02	3.043431e+06
1.136130e+02	3.070820e+06
1.136630e+02	3.068387e+06
1.137140e+02	3.078496e+06
1.137640e+02	3.076803e+06
1.138130e+02	3.094376e+06
1.138630e+02	3.088187e+06
1.139140e+02	3.083915e+06
1.139640e+02	3.082456e+06
1.140140e+02	3.094147e+06
1.140640e+02	3.106120e+06
1.141140e+02	3.096862e+06
1.141640e+02	3.094249e+06
1.142170e+02	3.079284e+06
1.142640e+02	3.104768e+06
1.143210e+02	3.083694e+06
1.143650e+02	3.088687e+06
1.144150e+02	3.088738e+06
1.144640e+02	3.075746e+06
1.145150e+02	3.027586e+06
1.145650e+02	3.055342e+06
1.146150e+02	3.067367e+06
1.146650e+02	3.086930e+06
1.147150e+02	3.080481e+06
1.147650e+02	3.080818e+06
1.148150e+02	3.083056e+06
1.148680e+02	3.092744e+06
1.149170e+02	3.083491e+06
1.149660e+02	3.081892e+06
1.150160e+02	3.096167e+06
1.150650e+02	3.085931e+06
1.151200e+02	3.101230e+06
1.151660e+02	3.081554e+06
1.152170e+02	3.105410e+06
1.152660e+02	3.102777e+06
1.153200e+02	3.101611e+06
1.153780e+02	3.081742e+06
1.154160e+02	3.094453e+06
1.154670e+02	3.068653e+06
1.155160e+02	3.034264e+06
1.155670e+02	3.042390e+06
1.156170e+02	3.060562e+06
1.156670e+02	3.074239e+06
1.157170e+02	3.077420e+06
1.157670e+02	3.084057e+06
1.158170e+02	3.088047e+06
1.158680e+02	3.100081e+06
1.159170e+02	3.090522e+06
1.159680e+02	3.096992e+06
1.160170e+02	3.080415e+06
1.160670e+02	3.096622e+06
1.161170e+02	3.088379e+06
1.161680e+02	3.095477e+06
1.162180e+02	3.097995e+06
1.162680e+02	3.103766e+06
1.163180e+02	3.088912e+06
1.163690e+02	3.099654e+06
1.164180e+02	3.094957e+06
1.164690e+02	3.088254e+06
1.165180e+02	3.038416e+06
1.165680e+02	3.059341e+06
1.166190e+02	3.066943e+06
1.166690e+02	3.080406e+06
1.167190e+02	3.066143e+06
1.167690e+02	3.074407e+06
1.168190e+02	3.086478e+06
1.168690e+02	3.087352e+06
1.169190e+02	3.085875e+06
1.169690e+02	3.088294e+06
1.170190e+02	3.108628e+06
1.170700e+02	3.094284e+06
1.171190e+02	3.107718e+06
1.171690e+02	3.087816e+06
1.172200e+02	3.105569e+06
1.172700e+02	3.106910e+06
1.173200e+02	3.105191e+06
1.173710e+02	3.084156e+06
1.174200e+02	3.100348e+06
1.174710e+02	3.065580e+06
1.175200e+02	3.029890e+06
1.175700e+02	3.059393e+06
1.176200e+02	3.069638e+06
1.176700e+02	3.090937e+06
1.177200e+02	3.085848e+06
1.177710e+02	3.084578e+06
1.178210e+02	3.080946e+06
1.178710e+02	3.099048e+06
1.179210e+02	3.083909e+06
1.179710e+02	3.089499e+06
1.180210e+02	3.090074e+06
1.180710e+02	3.094312e+06
1.181220e+02	3.091326e+06
1.181710e+02	3.097570e+06
1.182220e+02	3.100320e+06
1.182710e+02	3.105430e+06
1.183220e+02	3.086176e+06
1.183740e+02	3.098011e+06
1.184220e+02	3.104286e+06
1.184710e+02	3.072956e+06
1.185220e+02	3.044608e+06
1.185720e+02	3.045672e+06
1.186220e+02	3.081570e+06
1.186730e+02	3.074066e+06
1.187220e+02	3.085657e+06
1.187730e+02	3.082030e+06
1.188230e+02	3.093961e+06
1.188730e+02	3.101356e+06
1.189250e+02	3.096478e+06
1.189730e+02	3.091110e+06
1.190230e+02	3.103602e+06
1.190730e+02	3.105555e+06
1.191240e+02	3.096457e+06
1.191740e+02	3.086401e+06
1.192230e+02	3.094738e+06
1.192740e+02	3.098168e+06
1.193240e+02	3.096851e+06
1.193740e+02	3.104092e+06
1.194230e+02	3.100139e+06
1.194740e+02	3.077925e+06
1.195240e+02	3.034673e+06
1.195750e+02	3.054705e+06
1.196240e+02	3.069149e+06
1.196740e+02	3.089351e+06
1.197250e+02	3.079439e+06
1.197740e+02	3.081823e+06
1.198240e+02	3.084165e+06
1.198750e+02	3.104471e+06
1.199250e+02	3.092818e+06
1.199750e+02	3.103914e+06
1.200250e+02	3.091444e+06
1.200760e+02	3.102184e+06
1.201260e+02	3.101685e+06
1.201750e+02	3.098414e+06
1.202250e+02	3.100372e+06
1.202760e+02	3.104577e+06
1.203260e+02	3.101633e+06
1.203760e+02	3.080274e+06
1.204260e+02	3.099017e+06
1.204760e+02	3.068857e+06
1.205250e+02	3.037655e+06
1.205750e+02	3.066858e+06
1.206260e+02	3.074424e+06
1.206760e+02	3.072841e+06
1.207260e+02	3.085636e+06
1.207760e+02	3.085633e+06
1.208270e+02	3.107857e+06
1.208760e+02	3.099417e+06
1.209260e+02	3.099773e+06
1.209760e+02	3.085685e+06
1.210300e+02	3.098359e+06
1.210770e+02	3.100681e+06
1.211280e+02	3.108038e+06
1.211770e+02	3.101488e+06
1.212290e+02	3.104795e+06
1.212780e+02	3.101396e+06
1.213280e+02	3.096508e+06
1.213770e+02	3.099000e+06
1.214270e+02	3.102749e+06
1.214780e+02	3.068942e+06
1.215270e+02	3.019460e+06
1.215780e+02	3.050930e+06
1.216280e+02	3.060270e+06
1.216780e+02	3.083844e+06
1.217280e+02	3.082084e+06
1.217780e+02	3.091323e+06
1.218290e+02	3.095425e+06
1.218790e+02	3.091805e+06
1.219280e+02	3.093104e+06
1.219780e+02	3.085901e+06
1.220290e+02	3.100443e+06
1.220790e+02	3.107879e+06
1.221290e+02	3.089987e+06
1.221790e+02	3.084576e+06
1.222290e+02	3.096521e+06
1.222790e+02	3.102473e+06
1.223290e+02	3.116554e+06
1.223790e+02	3.103617e+06
1.224290e+02	3.104714e+06
1.224790e+02	3.062615e+06
1.225300e+02	3.036786e+06
1.225790e+02	3.059154e+06
1.226290e+02	3.079661e+06
1.226810e+02	3.076028e+06
1.227300e+02	3.071604e+06
1.227810e+02	3.092890e+06
1.228300e+02	3.081559e+06
1.228800e+02	3.099589e+06
1.229300e+02	3.096314e+06
1.229810e+02	3.105084e+06
1.230310e+02	3.085138e+06
1.230810e+02	3.099368e+06
1.231300e+02	3.097365e+06
1.231810e+02	3.105133e+06
1.232310e+02	3.098227e+06
1.232810e+02	3.093221e+06
1.233310e+02	3.080248e+06
1.233810e+02	3.093789e+06
1.234320e+02	3.090769e+06
1.234810e+02	3.070710e+06
1.235320e+02	3.033958e+06
1.235820e+02	3.064581e+06
1.236310e+02	3.072733e+06
1.236810e+02	3.074028e+06
1.237330e+02	3.087438e+06
1.237810e+02	3.089197e+06
1.238320e+02	3.107777e+06
1.238820e+02	3.106954e+06
1.239320e+02	3.078827e+06
1.239830e+02	3.063433e+06
1.240320e+02	3.098192e+06
1.240820e+02	3.095939e+06
1.241330e+02	3.105169e+06
1.241830e+02	3.093198e+06
1.242330e+02	3.091075e+06
1.242820e+02	3.089298e+06
1.243340e+02	3.111666e+06
1.243830e+02	3.098339e+06
1.244330e+02	3.104061e+06
1.244830e+02	3.049562e+06
1.245340e+02	3.021325e+06
1.245830e+02	3.052779e+06
1.246330e+02	3.062412e+06
1.246840e+02	3.071895e+06
1.247340e+02	3.079557e+06
1.247840e+02	3.092252e+06
1.248340e+02	3.076616e+06
1.248840e+02	3.100001e+06
1.249340e+02	3.082200e+06
1.249850e+02	3.104163e+06
1.250350e+02	3.090387e+06
1.250840e+02	3.097123e+06
1.251350e+02	3.076059e+06
1.251850e+02	3.074955e+06
1.252340e+02	3.085720e+06
1.252850e+02	3.101293e+06
1.253350e+02	3.100087e+06
1.253870e+02	3.085353e+06
1.254360e+02	3.092554e+06
1.254850e+02	3.043645e+06
1.255350e+02	3.036850e+06
1.255860e+02	3.058509e+06
1.256360e+02	3.068971e+06
1.256860e+02	3.068913e+06
1.257360e+02	3.067259e+06
1.257860e+02	3.069143e+06
1.258360e+02	3.084284e+06
1.258860e+02	3.089104e+06
1.259360e+02	3.095865e+06
1.259860e+02	3.080701e+06
1.260360e+02	3.091705e+06
1.260860e+02	3.087233e+06
1.261360e+02	3.090204e+06
1.261920e+02	3.090264e+06
1.262370e+02	3.088547e+06
1.262870e+02	3.087302e+06
1.263370e+02	3.066499e+06
1.263870e+02	3.085900e+06
1.264370e+02	3.090838e+06
1.264870e+02	3.046261e+06
1.265370e+02	3.023881e+06
1.265870e+02	3.042960e+06
1.266370e+02	3.051412e+06
1.266870e+02	3.074463e+06
1.267370e+02	3.083256e+06
1.267880e+02	3.086322e+06
1.268380e+02	3.074252e+06
1.268880e+02	3.074516e+06
1.269380e+02	3.070571e+06
1.269880e+02	3.086542e+06
1.270380e+02	3.091384e+06
1.270880e+02	3.084596e+06
1.271380e+02	3.099750e+06
1.271890e+02	3.078839e+06
1.272380e+02	3.090495e+06
1.272880e+02	3.087016e+06
1.273410e+02	3.092688e+06
1.273890e+02	3.091165e+06
1.274400e+02	3.094285e+06
1.274890e+02	3.023585e+06
1.275390e+02	3.030143e+06
1.275880e+02	3.030917e+06
1.276390e+02	3.071432e+06
1.276890e+02	3.062546e+06
1.277400e+02	3.081664e+06
1.277900e+02	3.068075e+06
1.278400e+02	3.081169e+06
1.278900e+02	3.082748e+06
1.279400e+02	3.083468e+06
1.279900e+02	3.087909e+06
1.280430e+02	3.074187e+06
1.280900e+02	3.080723e+06
1.281410e+02	3.070396e+06
1.281900e+02	3.085554e+06
1.282410e+02	3.090023e+06
1.282900e+02	3.095048e+06
1.283410e+02	3.085480e+06
1.284350e+02	3.091528e+06
1.284450e+02	3.074358e+06
1.284910e+02	3.040771e+06
1.285420e+02	3.027869e+06
1.285980e+02	3.052823e+06
1.286420e+02	3.051422e+06
1.286910e+02	3.056628e+06
1.287410e+02	3.056474e+06
1.287910e+02	3.074298e+06
1.288410e+02	3.076722e+06
1.288920e+02	3.078747e+06
1.289410e+02	3.083930e+06
1.289920e+02	3.084596e+06
1.290420e+02	3.078455e+06
1.290920e+02	3.086075e+06
1.291410e+02	3.093866e+06
1.291920e+02	3.080229e+06
1.292420e+02	3.089496e+06
1.292930e+02	3.065707e+06
1.293420e+02	3.077635e+06
1.293920e+02	3.092880e+06
1.294430e+02	3.091993e+06
1.294930e+02	3.020884e+06
1.295420e+02	3.031129e+06
1.295930e+02	3.044181e+06
1.296430e+02	3.066410e+06
1.296930e+02	3.079321e+06
1.297430e+02	3.081170e+06
1.297930e+02	3.076779e+06
1.298430e+02	3.072781e+06
1.298940e+02	3.069604e+06
1.299440e+02	3.068393e+06
1.299940e+02	3.089155e+06
1.300440e+02	3.087786e+06
1.300950e+02	3.090496e+06
1.301440e+02	3.072546e+06
1.301940e+02	3.086501e+06
1.302440e+02	3.086252e+06
1.302940e+02	3.096069e+06
1.303440e+02	3.090646e+06
1.303950e+02	3.089043e+06
1.304440e+02	3.084310e+06
1.304950e+02	3.017348e+06
1.305450e+02	3.020522e+06
1.305950e+02	3.053602e+06
1.306450e+02	3.058143e+06
1.306960e+02	3.068791e+06
1.307460e+02	3.072202e+06
1.307950e+02	3.071495e+06
1.308450e+02	3.075519e+06
1.308950e+02	3.083625e+06
1.309460e+02	3.087987e+06
1.309950e+02	3.079328e+06
1.310460e+02	3.081592e+06
1.310960e+02	3.058475e+06
1.311460e+02	3.085091e+06
1.311960e+02	3.085950e+06
1.312460e+02	3.093336e+06
1.312960e+02	3.075982e+06
1.313460e+02	3.078104e+06
1.313960e+02	3.085792e+06
1.314460e+02	3.092331e+06
1.314970e+02	3.026283e+06
1.315470e+02	3.034444e+06
1.315970e+02	3.049706e+06
1.316470e+02	3.060030e+06
1.316970e+02	3.061007e+06
1.317470e+02	3.063815e+06
1.317970e+02	3.080863e+06
1.318480e+02	3.070510e+06
1.318970e+02	3.089271e+06
1.319480e+02	3.066663e+06
1.319980e+02	3.089134e+06
1.320480e+02	3.085281e+06
1.320970e+02	3.095669e+06
1.321470e+02	3.089716e+06
1.321980e+02	3.087035e+06
1.322480e+02	3.082111e+06
1.322980e+02	3.079591e+06
1.323480e+02	3.081843e+06
1.323990e+02	3.091680e+06
1.324480e+02	3.087521e+06
1.324980e+02	3.014171e+06
1.325490e+02	3.030708e+06
1.325980e+02	3.045220e+06
1.326490e+02	3.070893e+06
1.326980e+02	3.066257e+06
1.327480e+02	3.078868e+06
1.327980e+02	3.060736e+06
1.328490e+02	3.084748e+06
1.328990e+02	3.078286e+06
1.329490e+02	3.090802e+06
1.330000e+02	3.087807e+06
1.330490e+02	3.085704e+06
1.330990e+02	3.085078e+06
1.331510e+02	3.086129e+06
1.332000e+02	3.090358e+06
1.332500e+02	3.089289e+06
1.333000e+02	3.098325e+06
1.333500e+02	3.094532e+06
1.334000e+02	3.089742e+06
1.334500e+02	3.080416e+06
1.335000e+02	3.020401e+06
1.335510e+02	3.029228e+06
1.336010e+02	3.069609e+06
1.336510e+02	3.053370e+06
1.337020e+02	3.078411e+06
1.337510e+02	3.054509e+06
1.338010e+02	3.084739e+06
1.338510e+02	3.082574e+06
1.339010e+02	3.082188e+06
1.339510e+02	3.076596e+06
1.340010e+02	3.085731e+06
1.340960e+02	3.076524e+06
1.341040e+02	3.086505e+06
1.341510e+02	3.084474e+06
1.342020e+02	3.094582e+06
1.342520e+02	3.085137e+06
1.343020e+02	3.082401e+06
1.343520e+02	3.088567e+06
1.344030e+02	3.091924e+06
1.344520e+02	3.086801e+06
1.345020e+02	3.031563e+06
1.345520e+02	3.040060e+06
1.346020e+02	3.046173e+06
1.346580e+02	3.058389e+06
1.347020e+02	3.050371e+06
1.347530e+02	3.073889e+06
1.348020e+02	3.080074e+06
1.348530e+02	3.083878e+06
1.349030e+02	3.073886e+06
1.349530e+02	3.085087e+06
1.350040e+02	3.093420e+06
1.350530e+02	3.092300e+06
1.351030e+02	3.083555e+06
1.351530e+02	3.085249e+06
1.352040e+02	3.081723e+06
1.352540e+02	3.083298e+06
1.353040e+02	3.088617e+06
1.353560e+02	3.082901e+06
1.354040e+02	3.098539e+06
1.354530e+02	3.064391e+06
1.355040e+02	3.039376e+06
1.355550e+02	3.037530e+06
1.356040e+02	3.060486e+06
1.356540e+02	3.066423e+06
1.357090e+02	3.059823e+06
1.357560e+02	3.076075e+06
1.358050e+02	3.074989e+06
1.358540e+02	3.078163e+06
1.359050e+02	3.064566e+06
1.359550e+02	3.073905e+06
1.360050e+02	3.088393e+06
1.360560e+02	3.089560e+06
1.361050e+02	3.077703e+06
1.361550e+02	3.087699e+06
1.362050e+02	3.088818e+06
1.362560e+02	3.107436e+06
1.363050e+02	3.091958e+06
1.363550e+02	3.098381e+06
1.364050e+02	3.086116e+06
1.364560e+02	3.081716e+06
1.365060e+02	3.035710e+06
1.365550e+02	3.043500e+06
1.366060e+02	3.049172e+06
1.366560e+02	3.069142e+06
1.367060e+02	3.068290e+06
1.367570e+02	3.084824e+06
1.368060e+02	3.090228e+06
1.368570e+02	3.086795e+06
1.369060e+02	3.086858e+06
1.369570e+02	3.078436e+06
1.370070e+02	3.093528e+06
1.370570e+02	3.080590e+06
1.371070e+02	3.074386e+06
1.371570e+02	3.080683e+06
1.372070e+02	3.091115e+06
1.372580e+02	3.083472e+06
1.373070e+02	3.086655e+06
1.373580e+02	3.089819e+06
1.374080e+02	3.106901e+06
1.374570e+02	3.088124e+06
1.375080e+02	3.035602e+06
1.375580e+02	3.032175e+06
1.376080e+02	3.058952e+06
1.376580e+02	3.073224e+06
1.377110e+02	3.064694e+06
1.377580e+02	3.066801e+06
1.378080e+02	3.077480e+06
1.378580e+02	3.081231e+06
1.379090e+02	3.077518e+06
1.379590e+02	3.095391e+06
1.380090e+02	3.082395e+06
1.380590e+02	3.101592e+06
1.381080e+02	3.087630e+06
1.381590e+02	3.091194e+06
1.382090e+02	3.090953e+06
1.382590e+02	3.097808e+06
1.383100e+02	3.073630e+06
1.383610e+02	3.083443e+06
1.384150e+02	3.083498e+06
1.384600e+02	3.092974e+06
1.385090e+02	3.027478e+06
1.385600e+02	3.045471e+06
1.386090e+02	3.062770e+06
1.386600e+02	3.061056e+06
1.387100e+02	3.070987e+06
1.387610e+02	3.069934e+06
1.388100e+02	3.090974e+06
1.388600e+02	3.077664e+06
1.389130e+02	3.077027e+06
1.389600e+02	3.086268e+06
1.390110e+02	3.084162e+06
1.390610e+02	3.084351e+06
1.391110e+02	3.091718e+06
1.391610e+02	3.084470e+06
